Order_ID,Order_Date,Customer_ID,Customer_Name,Product_ID,Product_Name,Category,Region,State,Quantity,Unit_Price,Discount,Sales,Cost,Profit,Payment_Method,Year,Month,Month_Name,Quarter,Profit_Margin
O00001,2025-09-28,C1045,Vijay Rao,P2376,Dining Table,Furniture,West,Maharashtra,3,10699.32,0.05,30493.06,20128.17,10364.89,Debit Card,2025,9,September,Q3,33.99098024271752
O00002,2025-12-10,C0386,Karthik Kumar,P4636,Smartphone,Electronics,East,Odisha,4,46747.7,0.0,186990.8,109489.65,77501.15,Debit Card,2025,12,December,Q4,41.44650431999863
O00003,2026-04-21,C0190,Rahul Iyer,P9007,Jeans,Clothing,East,Bihar,4,2440.28,0.0,9761.12,7084.73,2676.39,Net Banking,2026,4,April,Q2,27.418882259412854
O00004,2026-01-23,C0242,Meena Verma,P4333,Desk,Furniture,East,Odisha,2,6953.44,0.1,12516.19,8581.56,3934.63,Cash,2026,1,January,Q1,31.43632367357798
O00005,2025-07-25,C1026,Ananya Reddy,P6266,Bookshelf,Furniture,North,Punjab,2,7893.15,0.0,15786.3,12347.23,3439.07,Cash,2025,7,July,Q3,21.785155482918736
O00006,2025-09-27,C0456,Vijay Verma,P7050,Makeup Kit,Beauty,West,Goa,6,1868.79,0.05,10652.1,6871.92,3780.18,Net Banking,2025,9,September,Q3,35.48765032247162
O00007,2025-07-07,C1181,Arun Verma,P1101,T-Shirt,Clothing,North,Delhi,7,935.1,0.05,6218.42,4044.69,2173.73,Debit Card,2025,7,July,Q3,34.956307229167535
O00008,2026-02-23,C0231,Meena Verma,P4870,Smartwatch,Electronics,West,Maharashtra,4,15878.1,0.1,57161.16,37692.96,19468.2,Net Banking,2026,2,February,Q1,34.05844108132165
O00009,2026-04-07,C0503,Vijay Verma,P3067,Cookware Set,Home & Kitchen,East,West Bengal,7,4450.75,0.0,31155.25,18876.78,12278.47,UPI,2026,4,April,Q2,39.410596929891426
O00010,2026-04-30,C1195,Divya Iyer,P4870,Smartwatch,Electronics,South,Telangana,3,13269.17,0.15,33836.38,24695.31,9141.07,UPI,2026,4,April,Q2,27.015508160151885
O00011,2025-01-28,C0190,Arun Kumar,P3727,Monitor,Electronics,South,Andhra Pradesh,1,22601.49,0.0,22601.49,15021.32,7580.17,Debit Card,2025,1,January,Q1,33.53836406360819
O00012,2026-02-15,C0684,Sneha Reddy,P4870,Smartwatch,Electronics,North,Rajasthan,1,8759.46,0.0,8759.46,5614.29,3145.17,Cash,2026,2,February,Q1,35.90598050564761
O00013,2026-01-22,C0952,Arun Kumar,P4636,Smartphone,Electronics,South,Tamil Nadu,2,41625.91,0.0,83251.82,53853.53,29398.29,UPI,2026,1,January,Q1,35.31248926449896
O00014,2025-02-22,C0203,Sneha Kumar,P9007,Jeans,Clothing,North,Uttar Pradesh,7,2988.16,0.05,19871.26,16215.38,3655.88,Debit Card,2025,2,February,Q1,18.39782681118359
O00015,2025-07-20,C0660,Divya Patel,P9667,Mixer Grinder,Home & Kitchen,South,Telangana,2,5828.6,0.0,11657.2,8566.19,3091.01,Cash,2025,7,July,Q3,26.515887177023643
O00016,2026-04-18,C0263,Meena Verma,P0899,Perfume,Beauty,South,Kerala,4,2977.5,0.0,11910.0,7173.92,4736.08,Cash,2026,4,April,Q2,39.76557514693535
O00017,2025-01-09,C0816,Rahul Singh,P7291,Jacket,Clothing,South,Karnataka,6,5855.35,0.1,31618.89,18977.46,12641.43,Cash,2025,1,January,Q1,39.980625505828954
O00018,2025-09-11,C0099,Ravi Sharma,P7050,Makeup Kit,Beauty,South,Tamil Nadu,6,2740.06,0.1,14796.32,10897.06,3899.26,UPI,2025,9,September,Q3,26.352903965310297
O00019,2026-02-02,C1159,Rahul Kumar,P3727,Monitor,Electronics,South,Andhra Pradesh,1,20393.34,0.1,18354.01,13448.35,4905.66,Net Banking,2026,2,February,Q1,26.72800112890862
O00020,2025-01-27,C0284,Arun Das,P6266,Bookshelf,Furniture,West,Gujarat,4,9363.3,0.05,35580.54,20844.36,14736.18,UPI,2025,1,January,Q1,41.416403460993
O00021,2025-08-08,C0518,Rahul Verma,P3727,Monitor,Electronics,North,Rajasthan,5,28494.69,0.05,135349.78,109903.64,25446.14,Debit Card,2025,8,August,Q3,18.800281758862113
O00022,2025-07-10,C0128,Priya Verma,P7050,Makeup Kit,Beauty,South,Tamil Nadu,2,4251.0,0.1,7651.8,5484.92,2166.88,Credit Card,2025,7,July,Q3,28.318565566271992
O00023,2025-06-04,C0785,Sneha Kumar,P9007,Jeans,Clothing,South,Kerala,1,2726.46,0.05,2590.14,1684.79,905.35,Credit Card,2025,6,June,Q2,34.95370906591922
O00024,2026-02-12,C0903,Ravi Singh,P9667,Mixer Grinder,Home & Kitchen,East,Odisha,5,3762.78,0.0,18813.9,12703.67,6110.23,Cash,2026,2,February,Q1,32.47721099825129
O00025,2025-12-20,C0575,Ananya Rao,P7050,Makeup Kit,Beauty,South,Karnataka,2,718.95,0.0,1437.9,1117.86,320.04,Debit Card,2025,12,December,Q4,22.25745879407469
O00026,2025-09-21,C0005,Vijay Singh,P9685,Laptop,Electronics,West,Madhya Pradesh,6,56550.45,0.1,305372.43,216738.82,88633.61,Cash,2025,9,September,Q3,29.024758390926124
O00027,2025-04-16,C0120,Rahul Rao,P4636,Smartphone,Electronics,South,Tamil Nadu,7,29790.44,0.0,208533.08,124996.71,83536.37,UPI,2025,4,April,Q2,40.05904962416514
O00028,2025-02-27,C0802,Ananya Verma,P1101,T-Shirt,Clothing,East,Bihar,5,719.9,0.2,2879.6,2180.13,699.47,Net Banking,2025,2,February,Q1,24.290526462008614
O00029,2025-03-17,C0997,Ananya Verma,P7291,Jacket,Clothing,North,Haryana,5,2403.58,0.0,12017.9,7087.86,4930.04,Cash,2025,3,March,Q1,41.022474808410784
O00030,2025-08-06,C0551,Divya Kumar,P4870,Smartwatch,Electronics,West,Maharashtra,6,9224.7,0.05,52580.79,38268.51,14312.28,Net Banking,2025,8,August,Q3,27.219598640492087
O00031,2025-08-11,C0442,Arun Nair,P7050,Makeup Kit,Beauty,South,Karnataka,5,3267.46,0.1,14703.57,11858.93,2844.64,Credit Card,2025,8,August,Q3,19.34659405844975
O00032,2025-06-09,C0690,Rahul Kumar,P4870,Smartwatch,Electronics,East,Jharkhand,1,15073.66,0.15,12812.61,9356.09,3456.52,UPI,2025,6,June,Q2,26.97748546158823
O00033,2025-02-12,C0012,Priya Patel,P0899,Perfume,Beauty,South,Telangana,2,3636.93,0.0,7273.86,4775.68,2498.18,Credit Card,2025,2,February,Q1,34.34462582452783
O00034,2025-04-25,C0826,Karthik Sharma,P9007,Jeans,Clothing,South,Andhra Pradesh,5,3335.29,0.0,16676.45,11345.11,5331.34,Net Banking,2025,4,April,Q2,31.96927403614078
O00035,2026-04-02,C1123,Divya Sharma,P4636,Smartphone,Electronics,North,Haryana,1,54491.41,0.05,51766.84,41588.53,10178.31,Net Banking,2026,4,April,Q2,19.661833714400956
O00036,2026-06-09,C0873,Arun Kumar,P1796,Mouse,Electronics,West,Goa,6,1691.06,0.05,9639.04,6279.18,3359.86,Debit Card,2026,6,June,Q2,34.85679071774783
O00037,2026-03-21,C0265,Vijay Singh,P0649,Sofa,Furniture,East,Jharkhand,3,30734.97,0.0,92204.91,55508.19,36696.72,Cash,2026,3,March,Q1,39.79909529763653
O00038,2026-04-14,C1168,Ravi Iyer,P6266,Bookshelf,Furniture,West,Goa,5,11343.83,0.2,45375.32,37163.45,8211.87,Credit Card,2026,4,April,Q2,18.097657493104183
O00039,2025-08-23,C0588,Ravi Rao,P2376,Dining Table,Furniture,West,Goa,2,24691.89,0.0,49383.78,29639.44,19744.34,Net Banking,2025,8,August,Q3,39.98142710015313
O00040,2025-07-13,C0339,Sneha Kumar,P9685,Laptop,Electronics,South,Telangana,6,79383.99,0.15,404858.35,330623.63,74234.72,Cash,2025,7,July,Q3,18.335973557171293
O00041,2026-02-19,C0167,Meena Rao,P0649,Sofa,Furniture,North,Uttar Pradesh,3,16225.5,0.05,46242.68,26946.76,19295.92,Cash,2026,2,February,Q1,41.727512332762714
O00042,2026-04-21,C1025,Rahul Verma,P6547,Shoes,Clothing,West,Goa,7,3493.03,0.0,24451.21,17282.33,7168.88,Net Banking,2026,4,April,Q2,29.319121630381485
O00043,2025-06-22,C0080,Ananya Das,P7050,Makeup Kit,Beauty,South,Telangana,3,4184.55,0.05,11925.97,8907.49,3018.48,UPI,2025,6,June,Q2,25.310142487361613
O00044,2025-11-01,C0656,Vijay Verma,P1101,T-Shirt,Clothing,West,Goa,3,721.44,0.2,1731.46,1374.2,357.26,Cash,2025,11,November,Q4,20.633453848197476
O00045,2025-01-08,C0090,Sneha Rao,P5057,Headphones,Electronics,South,Andhra Pradesh,4,7503.49,0.0,30013.96,24427.0,5586.96,Debit Card,2025,1,January,Q1,18.61453803496773
O00046,2025-07-20,C0461,Rahul Reddy,P1101,T-Shirt,Clothing,South,Andhra Pradesh,2,924.96,0.1,1664.93,1332.95,331.98,Credit Card,2025,7,July,Q3,19.939577039274926
O00047,2025-09-08,C0374,Arun Sharma,P0899,Perfume,Beauty,South,Tamil Nadu,7,1346.79,0.1,8484.78,5696.8,2787.98,Debit Card,2025,9,September,Q3,32.85860093013608
O00048,2025-04-15,C0405,Vijay Reddy,P8699,Coffee Maker,Home & Kitchen,North,Delhi,4,8596.76,0.2,27509.63,22535.69,4973.94,Net Banking,2025,4,April,Q2,18.08072300499861
O00049,2026-04-03,C1102,Ravi Kumar,P8566,Dress,Clothing,North,Rajasthan,3,2098.93,0.0,6296.79,4979.33,1317.46,Credit Card,2026,4,April,Q2,20.922724118161796
O00050,2025-09-07,C0268,Arun Reddy,P4333,Desk,Furniture,North,Haryana,4,16218.76,0.15,55143.78,37323.29,17820.49,Net Banking,2025,9,September,Q3,32.3164099378026
O00051,2025-03-16,C0738,Ananya Sharma,P9007,Jeans,Clothing,South,Andhra Pradesh,2,2555.28,0.1,4599.5,2768.17,1831.33,Credit Card,2025,3,March,Q1,39.81584954886401
O00052,2025-12-01,C0081,Karthik Singh,P1600,Office Chair,Furniture,North,Punjab,2,16935.52,0.05,32177.49,20657.26,11520.23,Net Banking,2025,12,December,Q4,35.802139943171454
O00053,2026-03-26,C0043,Rahul Verma,P1077,Skin Care Set,Beauty,South,Karnataka,7,1465.84,0.0,10260.88,6293.19,3967.69,Cash,2026,3,March,Q1,38.66812593071939
O00054,2025-10-08,C0667,Priya Rao,P4870,Smartwatch,Electronics,East,Bihar,3,3133.46,0.0,9400.38,6080.75,3319.63,Net Banking,2025,10,October,Q4,35.31378518740732
O00055,2026-05-28,C0346,Priya Kumar,P3693,Keyboard,Electronics,North,Uttar Pradesh,6,2119.43,0.05,12080.75,7274.42,4806.33,UPI,2026,5,May,Q2,39.78502990294477
O00056,2025-02-17,C0804,Arun Nair,P7291,Jacket,Clothing,South,Kerala,1,4905.85,0.2,3924.68,2781.74,1142.94,Credit Card,2025,2,February,Q1,29.121864712537075
O00057,2025-12-31,C0883,Vijay Patel,P6993,Air Fryer,Home & Kitchen,South,Karnataka,7,10677.75,0.1,67269.82,39508.46,27761.36,Credit Card,2025,12,December,Q4,41.26866996225053
O00058,2025-01-15,C0028,Meena Iyer,P6266,Bookshelf,Furniture,South,Telangana,1,10486.74,0.0,10486.74,7429.65,3057.09,UPI,2025,1,January,Q1,29.151957615045287
O00059,2025-01-25,C0233,Priya Singh,P7050,Makeup Kit,Beauty,West,Goa,7,3473.61,0.1,21883.74,15773.11,6110.63,Cash,2025,1,January,Q1,27.923152075467904
O00060,2026-06-02,C0315,Ananya Das,P9685,Laptop,Electronics,East,Jharkhand,1,62116.8,0.0,62116.8,38306.57,23810.23,Cash,2026,6,June,Q2,38.3313853901038
O00061,2025-08-31,C0548,Sneha Reddy,P0790,Face Cream,Beauty,South,Telangana,2,1142.8,0.15,1942.76,1129.27,813.49,UPI,2025,8,August,Q3,41.872902468652846
O00062,2026-03-17,C1050,Rahul Das,P6266,Bookshelf,Furniture,West,Goa,6,11695.94,0.1,63158.08,39655.8,23502.28,Cash,2026,3,March,Q1,37.21183417861974
O00063,2025-01-01,C0139,Divya Patel,P1796,Mouse,Electronics,West,Madhya Pradesh,1,1360.0,0.05,1292.0,919.47,372.53,Credit Card,2025,1,January,Q1,28.833591331269346
O00064,2025-06-17,C0329,Arun Verma,P1077,Skin Care Set,Beauty,West,Maharashtra,3,3260.46,0.1,8803.24,6784.04,2019.2,UPI,2025,6,June,Q2,22.937009555572722
O00065,2025-08-24,C0376,Ravi Sharma,P7050,Makeup Kit,Beauty,North,Rajasthan,4,2078.99,0.15,7068.57,5323.93,1744.64,Cash,2025,8,August,Q3,24.681654139380385
O00066,2025-08-17,C0725,Karthik Das,P3067,Cookware Set,Home & Kitchen,South,Karnataka,3,5924.22,0.1,15995.39,10654.84,5340.55,Net Banking,2025,8,August,Q3,33.388057434048186
O00067,2025-10-23,C0422,Arun Iyer,P9007,Jeans,Clothing,North,Haryana,7,2207.07,0.0,15449.49,12296.22,3153.27,Credit Card,2025,10,October,Q4,20.41018829747778
O00068,2025-02-08,C0391,Rahul Nair,P7291,Jacket,Clothing,South,Karnataka,2,2524.21,0.1,4543.58,3311.44,1232.14,Cash,2025,2,February,Q1,27.118263571897057
O00069,2026-02-24,C1121,Karthik Iyer,P3067,Cookware Set,Home & Kitchen,East,West Bengal,1,2007.9,0.1,1807.11,1378.81,428.3,Debit Card,2026,2,February,Q1,23.70082618102938
O00070,2025-06-08,C0216,Divya Nair,P8699,Coffee Maker,Home & Kitchen,North,Rajasthan,7,8479.72,0.0,59358.04,37693.56,21664.48,Cash,2025,6,June,Q2,36.49797062032371
O00071,2025-04-05,C0794,Karthik Singh,P3067,Cookware Set,Home & Kitchen,North,Uttar Pradesh,3,7746.26,0.05,22076.84,14009.17,8067.67,Credit Card,2025,4,April,Q2,36.54359047762271
O00072,2025-08-06,C0985,Arun Nair,P7050,Makeup Kit,Beauty,North,Punjab,4,2912.56,0.0,11650.24,9326.02,2324.22,Net Banking,2025,8,August,Q3,19.949975279479222
O00073,2026-01-13,C1053,Sneha Verma,P0899,Perfume,Beauty,South,Karnataka,6,4615.95,0.0,27695.7,17631.57,10064.13,Credit Card,2026,1,January,Q1,36.33824023223821
O00074,2025-01-01,C0371,Sneha Das,P9667,Mixer Grinder,Home & Kitchen,East,Bihar,7,2855.95,0.05,18992.07,14674.88,4317.19,Net Banking,2025,1,January,Q1,22.73154005856128
O00075,2025-09-01,C0386,Vijay Sharma,P7291,Jacket,Clothing,North,Haryana,3,5635.01,0.05,16059.78,10180.38,5879.4,Cash,2025,9,September,Q3,36.6094678756496
O00076,2025-06-29,C0177,Ananya Rao,P0790,Face Cream,Beauty,North,Delhi,4,579.66,0.1,2086.78,1698.91,387.87,UPI,2025,6,June,Q2,18.587009651233
O00077,2025-12-08,C0561,Vijay Kumar,P3693,Keyboard,Electronics,South,Telangana,5,2408.47,0.05,11440.23,8831.26,2608.97,Net Banking,2025,12,December,Q4,22.805223321559094
O00078,2025-10-13,C0018,Arun Patel,P8566,Dress,Clothing,East,Bihar,7,3110.59,0.1,19596.72,13628.76,5967.96,Debit Card,2025,10,October,Q4,30.453871872435794
O00079,2025-09-21,C0800,Meena Rao,P9685,Laptop,Electronics,East,Bihar,3,74319.99,0.05,211811.97,124141.45,87670.52,Cash,2025,9,September,Q3,41.39072971182885
O00080,2025-01-08,C0443,Sneha Reddy,P8699,Coffee Maker,Home & Kitchen,South,Karnataka,1,8499.37,0.0,8499.37,6261.14,2238.23,Credit Card,2025,1,January,Q1,26.33406946632515
O00081,2026-03-28,C0469,Vijay Sharma,P3067,Cookware Set,Home & Kitchen,East,Odisha,7,5726.09,0.1,36074.37,28266.1,7808.27,Net Banking,2026,3,March,Q1,21.644924083220303
O00082,2025-03-23,C0709,Divya Rao,P1077,Skin Care Set,Beauty,East,Bihar,7,2774.4,0.1,17478.72,11262.16,6216.56,Net Banking,2025,3,March,Q1,35.566448801742915
O00083,2025-08-14,C0854,Sneha Kumar,P1600,Office Chair,Furniture,East,Bihar,2,11703.76,0.2,18726.02,12978.18,5747.84,UPI,2025,8,August,Q3,30.694402761505113
O00084,2026-06-10,C0237,Ravi Iyer,P1600,Office Chair,Furniture,West,Gujarat,1,5520.66,0.15,4692.56,3830.33,862.23,Credit Card,2026,6,June,Q2,18.37440544180575
O00085,2025-03-16,C0042,Divya Verma,P0899,Perfume,Beauty,West,Madhya Pradesh,6,988.85,0.05,5636.44,3942.08,1694.36,Cash,2025,3,March,Q1,30.06081853084571
O00086,2025-12-08,C0646,Sneha Sharma,P4636,Smartphone,Electronics,South,Tamil Nadu,4,47755.61,0.05,181471.32,130222.12,51249.2,UPI,2025,12,December,Q4,28.24093636393894
O00087,2025-05-10,C0819,Karthik Singh,P0649,Sofa,Furniture,South,Karnataka,3,21323.27,0.05,60771.32,39458.0,21313.32,Cash,2025,5,May,Q2,35.0713461547322
O00088,2025-11-06,C0751,Divya Patel,P3067,Cookware Set,Home & Kitchen,North,Rajasthan,3,7017.48,0.15,17894.57,14481.3,3413.27,Debit Card,2025,11,November,Q4,19.074333722464413
O00089,2026-03-26,C0296,Arun Kumar,P4333,Desk,Furniture,South,Tamil Nadu,1,19098.51,0.1,17188.66,11865.74,5322.92,Debit Card,2026,3,March,Q1,30.96762633038294
O00090,2025-04-18,C0102,Priya Patel,P8699,Coffee Maker,Home & Kitchen,West,Gujarat,5,3186.87,0.15,13544.2,8300.38,5243.82,Credit Card,2025,4,April,Q2,38.716350910352766
O00091,2025-01-12,C0661,Arun Iyer,P1101,T-Shirt,Clothing,North,Haryana,5,1338.41,0.15,5688.24,3640.02,2048.22,UPI,2025,1,January,Q1,36.00797434707396
O00092,2026-05-04,C0778,Vijay Kumar,P7291,Jacket,Clothing,East,Bihar,7,4690.19,0.05,31189.76,20431.95,10757.81,Net Banking,2026,5,May,Q2,34.49148053720195
O00093,2026-05-13,C0594,Divya Iyer,P3067,Cookware Set,Home & Kitchen,North,Rajasthan,3,3778.42,0.15,9634.97,5673.86,3961.11,Debit Card,2026,5,May,Q2,41.11180418828497
O00094,2025-04-08,C0936,Meena Iyer,P8566,Dress,Clothing,East,Bihar,7,1261.43,0.05,8388.51,5951.46,2437.05,Net Banking,2025,4,April,Q2,29.05223931306037
O00095,2025-06-10,C1132,Priya Iyer,P8566,Dress,Clothing,East,Odisha,3,4480.4,0.0,13441.2,10617.59,2823.61,Net Banking,2025,6,June,Q2,21.00712733982085
O00096,2025-02-08,C0958,Arun Das,P6266,Bookshelf,Furniture,South,Telangana,4,8461.3,0.15,28768.42,23480.21,5288.21,Credit Card,2025,2,February,Q1,18.381996647713013
O00097,2025-12-25,C0003,Sneha Sharma,P1796,Mouse,Electronics,North,Delhi,4,2260.44,0.1,8137.58,5261.3,2876.28,Net Banking,2025,12,December,Q4,35.34564329935927
O00098,2026-02-03,C1164,Meena Das,P0790,Face Cream,Beauty,North,Uttar Pradesh,5,651.42,0.1,2931.39,2391.31,540.08,Debit Card,2026,2,February,Q1,18.424024097782965
O00099,2025-06-02,C0885,Rahul Rao,P0899,Perfume,Beauty,West,Madhya Pradesh,3,1459.07,0.0,4377.21,2734.64,1642.57,Debit Card,2025,6,June,Q2,37.52550140386228
O00100,2025-02-23,C1123,Divya Rao,P8699,Coffee Maker,Home & Kitchen,East,West Bengal,1,3804.21,0.05,3614.0,2753.79,860.21,UPI,2025,2,February,Q1,23.802158273381295
O00101,2025-04-30,C0329,Divya Das,P4870,Smartwatch,Electronics,West,Maharashtra,2,9590.2,0.05,18221.38,11762.09,6459.29,Net Banking,2025,4,April,Q2,35.44896160444488
O00102,2025-11-28,C0955,Priya Nair,P0790,Face Cream,Beauty,South,Tamil Nadu,4,827.67,0.05,3145.15,2370.25,774.9,Credit Card,2025,11,November,Q4,24.63793459771394
O00103,2025-11-12,C0973,Arun Sharma,P8566,Dress,Clothing,South,Andhra Pradesh,5,2922.35,0.1,13150.58,10230.14,2920.44,Credit Card,2025,11,November,Q4,22.20768969885739
O00104,2025-10-16,C0336,Sneha Kumar,P8566,Dress,Clothing,East,Bihar,3,4469.18,0.1,12066.79,9422.75,2644.04,UPI,2025,10,October,Q4,21.911709742193242
O00105,2025-07-10,C0007,Karthik Rao,P7050,Makeup Kit,Beauty,West,Madhya Pradesh,1,714.06,0.15,606.95,370.8,236.15,Debit Card,2025,7,July,Q3,38.907653019194335
O00106,2025-03-23,C0589,Vijay Sharma,P1796,Mouse,Electronics,West,Gujarat,5,2004.01,0.2,8016.04,5864.82,2151.22,Credit Card,2025,3,March,Q1,26.836442931921496
O00107,2025-11-22,C0994,Karthik Reddy,P8566,Dress,Clothing,South,Kerala,4,1695.01,0.1,6102.04,4926.49,1175.55,UPI,2025,11,November,Q4,19.26486879797576
O00108,2025-01-22,C0210,Priya Singh,P9667,Mixer Grinder,Home & Kitchen,West,Goa,3,3345.56,0.1,9033.01,5292.45,3740.56,Debit Card,2025,1,January,Q1,41.40989548334387
O00109,2026-04-04,C0738,Divya Kumar,P3067,Cookware Set,Home & Kitchen,West,Gujarat,3,4598.6,0.0,13795.8,10633.17,3162.63,Net Banking,2026,4,April,Q2,22.92458574348715
O00110,2025-05-10,C1046,Rahul Kumar,P4870,Smartwatch,Electronics,West,Madhya Pradesh,6,4841.4,0.05,27595.98,22255.27,5340.71,Net Banking,2025,5,May,Q2,19.353217388909545
O00111,2026-03-29,C0570,Ananya Sharma,P7291,Jacket,Clothing,East,West Bengal,5,2841.87,0.15,12077.95,9077.57,3000.38,Credit Card,2026,3,March,Q1,24.84179848401426
O00112,2025-03-01,C0520,Priya Singh,P5533,Shampoo,Beauty,South,Tamil Nadu,7,826.22,0.0,5783.54,3399.6,2383.94,Cash,2025,3,March,Q1,41.21939158370133
O00113,2026-06-11,C0521,Ananya Verma,P7050,Makeup Kit,Beauty,North,Delhi,4,850.41,0.1,3061.48,1973.3,1088.18,Debit Card,2026,6,June,Q2,35.54424657355266
O00114,2025-03-13,C0607,Ananya Verma,P0790,Face Cream,Beauty,North,Punjab,1,1726.61,0.15,1467.62,1106.33,361.29,Debit Card,2025,3,March,Q1,24.617407775854787
O00115,2025-02-15,C0673,Meena Nair,P9685,Laptop,Electronics,South,Andhra Pradesh,2,64793.84,0.1,116628.91,70104.23,46524.68,Net Banking,2025,2,February,Q1,39.8912070772161
O00116,2025-04-26,C1190,Vijay Rao,P5057,Headphones,Electronics,North,Punjab,6,8686.49,0.15,44301.1,26132.51,18168.59,Cash,2025,4,April,Q2,41.01160016342709
O00117,2025-11-13,C0009,Ananya Verma,P7087,Tablet,Electronics,West,Gujarat,7,29162.44,0.05,193930.23,156006.87,37923.36,Credit Card,2025,11,November,Q4,19.55515651170011
O00118,2025-11-14,C0007,Divya Singh,P6547,Shoes,Clothing,West,Goa,6,5123.03,0.05,29201.27,21447.13,7754.14,UPI,2025,11,November,Q4,26.554119050301576
O00119,2025-01-12,C0122,Rahul Iyer,P3693,Keyboard,Electronics,South,Telangana,6,2148.65,0.0,12891.9,9920.67,2971.23,Debit Card,2025,1,January,Q1,23.04726223442627
O00120,2025-12-18,C0924,Meena Patel,P3693,Keyboard,Electronics,North,Haryana,3,1648.41,0.05,4697.97,2954.36,1743.61,Cash,2025,12,December,Q4,37.114115245520935
O00121,2025-06-08,C0805,Divya Singh,P5057,Headphones,Electronics,North,Uttar Pradesh,4,1633.18,0.15,5552.81,3991.82,1560.99,Cash,2025,6,June,Q2,28.111712808469946
O00122,2026-05-27,C0932,Ananya Iyer,P4636,Smartphone,Electronics,West,Goa,2,64630.27,0.05,122797.51,81807.24,40990.27,Debit Card,2026,5,May,Q2,33.380375546702865
O00123,2026-06-04,C0940,Priya Iyer,P8566,Dress,Clothing,North,Punjab,5,4417.54,0.05,20983.32,13415.38,7567.94,Cash,2026,6,June,Q2,36.066456595047875
O00124,2025-03-25,C0891,Ravi Verma,P1600,Office Chair,Furniture,North,Delhi,4,7242.93,0.1,26074.55,17158.24,8916.31,Cash,2025,3,March,Q1,34.1954511199618
O00125,2025-10-30,C0630,Meena Rao,P5057,Headphones,Electronics,South,Kerala,4,10151.94,0.05,38577.37,24677.61,13899.76,Debit Card,2025,10,October,Q4,36.03086472717036
O00126,2025-10-11,C0687,Karthik Das,P0790,Face Cream,Beauty,South,Telangana,1,1558.46,0.15,1324.69,954.42,370.27,Cash,2025,10,October,Q4,27.951445243792882
O00127,2025-11-30,C1044,Meena Kumar,P6547,Shoes,Clothing,South,Telangana,7,2278.57,0.0,15949.99,9589.98,6360.01,UPI,2025,11,November,Q4,39.8746958462043
O00128,2026-05-05,C0126,Priya Verma,P6547,Shoes,Clothing,North,Punjab,2,5870.87,0.1,10567.57,6773.96,3793.61,Debit Card,2026,5,May,Q2,35.89860299009138
O00129,2025-10-21,C0308,Priya Rao,P0649,Sofa,Furniture,South,Telangana,4,37590.43,0.2,120289.38,72478.7,47810.68,Net Banking,2025,10,October,Q4,39.74638492608408
O00130,2026-05-10,C0311,Vijay Rao,P2376,Dining Table,Furniture,South,Kerala,3,26447.7,0.05,75375.95,54895.05,20480.9,UPI,2026,5,May,Q2,27.17166417139685
O00131,2025-12-11,C1025,Rahul Das,P4870,Smartwatch,Electronics,West,Maharashtra,5,11446.37,0.05,54370.26,33613.27,20756.99,UPI,2025,12,December,Q4,38.177102702837914
O00132,2025-06-08,C1126,Divya Reddy,P0790,Face Cream,Beauty,West,Madhya Pradesh,3,1502.16,0.1,4055.83,3128.97,926.86,Debit Card,2025,6,June,Q2,22.85253573251344
O00133,2025-12-10,C0725,Arun Rao,P0790,Face Cream,Beauty,South,Tamil Nadu,7,1123.33,0.05,7470.14,5316.05,2154.09,UPI,2025,12,December,Q4,28.836005750896238
O00134,2025-10-18,C0867,Sneha Rao,P9685,Laptop,Electronics,South,Kerala,2,68904.82,0.05,130919.16,103059.57,27859.59,Credit Card,2025,10,October,Q4,21.27999446375916
O00135,2025-08-09,C1157,Priya Das,P2376,Dining Table,Furniture,South,Andhra Pradesh,7,22407.27,0.1,141165.8,107790.25,33375.55,Credit Card,2025,8,August,Q3,23.642801585086477
O00136,2025-01-21,C1148,Ravi Singh,P3067,Cookware Set,Home & Kitchen,South,Telangana,3,4156.46,0.0,12469.38,8666.27,3803.11,Debit Card,2025,1,January,Q1,30.49959180007346
O00137,2026-01-08,C0751,Rahul Nair,P5057,Headphones,Electronics,South,Karnataka,2,7791.6,0.1,14024.88,9052.07,4972.81,Cash,2026,1,January,Q1,35.457059169133714
O00138,2025-09-20,C1063,Vijay Nair,P3067,Cookware Set,Home & Kitchen,West,Gujarat,1,5317.34,0.05,5051.47,4097.26,954.21,Cash,2025,9,September,Q3,18.88974892457047
O00139,2026-01-20,C0559,Vijay Reddy,P3693,Keyboard,Electronics,North,Rajasthan,6,2915.25,0.1,15742.35,12129.46,3612.89,Credit Card,2026,1,January,Q1,22.95013133363189
O00140,2025-06-01,C0859,Karthik Singh,P9685,Laptop,Electronics,North,Punjab,2,76958.74,0.15,130829.86,96963.49,33866.37,UPI,2025,6,June,Q2,25.885810777447904
O00141,2026-03-15,C0483,Priya Kumar,P3727,Monitor,Electronics,North,Delhi,7,20242.52,0.0,141697.64,92804.19,48893.45,Debit Card,2026,3,March,Q1,34.50547941377146
O00142,2025-03-18,C0770,Rahul Iyer,P7291,Jacket,Clothing,North,Delhi,5,5314.37,0.05,25243.26,17341.86,7901.4,UPI,2025,3,March,Q1,31.301028472550698
O00143,2025-10-29,C1126,Meena Iyer,P6547,Shoes,Clothing,South,Kerala,5,1581.21,0.0,7906.05,6282.19,1623.86,Debit Card,2025,10,October,Q4,20.539460286742433
O00144,2025-03-11,C0561,Priya Das,P1600,Office Chair,Furniture,North,Uttar Pradesh,4,6888.83,0.1,24799.79,19622.06,5177.73,Credit Card,2025,3,March,Q1,20.878120338922223
O00145,2026-01-16,C0727,Priya Reddy,P6547,Shoes,Clothing,North,Punjab,1,5978.31,0.05,5679.39,3748.72,1930.67,Cash,2026,1,January,Q1,33.99431981251508
O00146,2026-04-22,C0311,Meena Verma,P5057,Headphones,Electronics,West,Maharashtra,7,9366.56,0.05,62287.62,46066.6,16221.02,Cash,2026,4,April,Q2,26.04212522488417
O00147,2025-10-06,C0364,Arun Verma,P2376,Dining Table,Furniture,North,Rajasthan,6,22065.87,0.1,119155.7,71659.03,47496.67,UPI,2025,10,October,Q4,39.861013782806864
O00148,2026-05-15,C0481,Vijay Sharma,P6547,Shoes,Clothing,West,Gujarat,5,2928.65,0.0,14643.25,11785.91,2857.34,UPI,2026,5,May,Q2,19.513017943421033
O00149,2025-06-29,C0311,Ananya Patel,P7291,Jacket,Clothing,South,Kerala,6,4384.21,0.2,21044.21,16505.86,4538.35,Credit Card,2025,6,June,Q2,21.565789354886693
O00150,2025-02-11,C1182,Sneha Rao,P1101,T-Shirt,Clothing,North,Rajasthan,6,1382.13,0.0,8292.78,5231.71,3061.07,UPI,2025,2,February,Q1,36.912470848135364
O00151,2025-05-10,C0266,Ravi Sharma,P6266,Bookshelf,Furniture,South,Andhra Pradesh,1,7053.87,0.05,6701.18,4861.9,1839.28,UPI,2025,5,May,Q2,27.44710633052686
O00152,2026-03-12,C0902,Ravi Das,P8566,Dress,Clothing,North,Delhi,2,1272.69,0.0,2545.38,1558.89,986.49,Cash,2026,3,March,Q1,38.7560992857648
O00153,2025-05-08,C0543,Divya Sharma,P3727,Monitor,Electronics,North,Rajasthan,5,11218.96,0.1,50485.32,31899.11,18586.21,Credit Card,2025,5,May,Q2,36.81507812568089
O00154,2025-10-14,C0778,Ravi Sharma,P7291,Jacket,Clothing,South,Karnataka,6,6973.3,0.0,41839.8,31246.32,10593.48,UPI,2025,10,October,Q4,25.319145885018568
O00155,2025-04-09,C0190,Rahul Iyer,P1600,Office Chair,Furniture,South,Andhra Pradesh,4,12461.75,0.1,44862.3,28484.63,16377.67,Net Banking,2025,4,April,Q2,36.50653221078723
O00156,2025-08-09,C0422,Vijay Sharma,P6547,Shoes,Clothing,West,Madhya Pradesh,7,5002.05,0.05,33263.63,24514.57,8749.06,Debit Card,2025,8,August,Q3,26.30218048962185
O00157,2026-06-10,C0598,Karthik Iyer,P0649,Sofa,Furniture,South,Telangana,2,17084.54,0.05,32460.63,24984.33,7476.3,Net Banking,2026,6,June,Q2,23.031900489916556
O00158,2026-02-27,C0213,Meena Sharma,P6993,Air Fryer,Home & Kitchen,West,Maharashtra,5,11794.93,0.15,50128.45,40619.0,9509.45,Cash,2026,2,February,Q1,18.970165644459385
O00159,2026-01-30,C0183,Karthik Rao,P1600,Office Chair,Furniture,North,Uttar Pradesh,6,5675.71,0.05,32351.55,24489.01,7862.54,Debit Card,2026,1,January,Q1,24.30344141161706
O00160,2026-02-26,C0397,Arun Verma,P0649,Sofa,Furniture,North,Punjab,1,37030.3,0.15,31475.76,24366.39,7109.37,Net Banking,2026,2,February,Q1,22.58680965924254
O00161,2025-08-20,C0759,Priya Nair,P4636,Smartphone,Electronics,North,Haryana,3,39155.85,0.0,117467.55,93205.08,24262.47,Net Banking,2025,8,August,Q3,20.65461482766943
O00162,2026-03-25,C0087,Arun Patel,P4870,Smartwatch,Electronics,North,Rajasthan,3,2687.68,0.2,6450.43,4882.99,1567.44,Credit Card,2026,3,March,Q1,24.299775363812955
O00163,2026-03-12,C0499,Rahul Rao,P0649,Sofa,Furniture,West,Goa,5,32885.41,0.15,139762.99,83367.38,56395.61,Credit Card,2026,3,March,Q1,40.350889745561396
O00164,2026-01-03,C0360,Ravi Verma,P4870,Smartwatch,Electronics,East,Bihar,2,12843.93,0.0,25687.86,16473.61,9214.25,Cash,2026,1,January,Q1,35.87005690625844
O00165,2025-08-05,C0149,Divya Nair,P9667,Mixer Grinder,Home & Kitchen,North,Punjab,2,6412.23,0.1,11542.01,8766.59,2775.42,Cash,2025,8,August,Q3,24.046244978127724
O00166,2025-09-30,C0488,Meena Verma,P4636,Smartphone,Electronics,East,Bihar,2,62324.56,0.0,124649.12,75931.3,48717.82,Debit Card,2025,9,September,Q3,39.08396625664105
O00167,2025-05-02,C0039,Arun Verma,P1077,Skin Care Set,Beauty,West,Goa,7,2111.65,0.1,13303.4,9186.39,4117.01,Cash,2025,5,May,Q2,30.947051129786374
O00168,2025-08-23,C0770,Karthik Singh,P4870,Smartwatch,Electronics,South,Andhra Pradesh,3,17459.51,0.05,49759.6,30659.99,19099.61,Cash,2025,8,August,Q3,38.38376916213153
O00169,2026-02-25,C0703,Ananya Patel,P3067,Cookware Set,Home & Kitchen,North,Haryana,7,6071.09,0.15,36122.99,26467.67,9655.32,Net Banking,2026,2,February,Q1,26.729016617948847
O00170,2025-07-05,C0515,Arun Singh,P4636,Smartphone,Electronics,South,Tamil Nadu,3,36870.23,0.15,94019.09,59135.05,34884.04,Credit Card,2025,7,July,Q3,37.10314575476109
O00171,2025-03-07,C0500,Divya Reddy,P3067,Cookware Set,Home & Kitchen,North,Rajasthan,2,6518.14,0.0,13036.28,9894.23,3142.05,UPI,2025,3,March,Q1,24.102351284262074
O00172,2025-01-20,C1015,Ananya Nair,P0790,Face Cream,Beauty,South,Karnataka,3,1794.32,0.05,5113.81,3516.6,1597.21,Cash,2025,1,January,Q1,31.233268345910385
O00173,2025-06-03,C0822,Sneha Iyer,P3067,Cookware Set,Home & Kitchen,North,Rajasthan,5,1980.24,0.0,9901.2,6173.56,3727.64,Net Banking,2025,6,June,Q2,37.64836585464388
O00174,2026-05-31,C0336,Meena Iyer,P1796,Mouse,Electronics,North,Haryana,4,1857.72,0.1,6687.79,4964.7,1723.09,Credit Card,2026,5,May,Q2,25.764714502100095
O00175,2025-03-01,C0406,Sneha Rao,P6547,Shoes,Clothing,South,Karnataka,6,2207.24,0.15,11256.92,7934.68,3322.24,Net Banking,2025,3,March,Q1,29.51286852886935
O00176,2025-04-23,C0831,Divya Kumar,P1796,Mouse,Electronics,North,Punjab,3,2483.55,0.1,6705.59,5069.88,1635.71,Net Banking,2025,4,April,Q2,24.393230125909877
O00177,2025-09-17,C0399,Ananya Iyer,P3693,Keyboard,Electronics,North,Haryana,1,4786.34,0.0,4786.34,3425.74,1360.6,Credit Card,2025,9,September,Q3,28.42673107217623
O00178,2025-09-11,C0563,Karthik Patel,P2376,Dining Table,Furniture,North,Delhi,2,31023.66,0.0,62047.32,41600.21,20447.11,Net Banking,2025,9,September,Q3,32.95405828970534
O00179,2025-03-15,C0638,Vijay Iyer,P2376,Dining Table,Furniture,East,Jharkhand,2,32553.54,0.1,58596.37,34084.75,24511.62,UPI,2025,3,March,Q1,41.831294327617904
O00180,2025-12-30,C0985,Divya Das,P3727,Monitor,Electronics,South,Andhra Pradesh,6,14937.66,0.0,89625.96,52763.61,36862.35,Debit Card,2025,12,December,Q4,41.12909920295414
O00181,2026-02-04,C0205,Ananya Verma,P3693,Keyboard,Electronics,West,Gujarat,5,4368.29,0.0,21841.45,15916.47,5924.98,Debit Card,2026,2,February,Q1,27.12722827467956
O00182,2026-06-03,C0672,Sneha Singh,P3727,Monitor,Electronics,South,Kerala,7,27524.85,0.05,183040.25,142531.32,40508.93,UPI,2026,6,June,Q2,22.1311596766285
O00183,2025-03-23,C0984,Arun Patel,P2376,Dining Table,Furniture,South,Kerala,3,34244.14,0.1,92459.18,61381.94,31077.24,UPI,2025,3,March,Q1,33.61184903435224
O00184,2026-05-05,C0593,Sneha Sharma,P5057,Headphones,Electronics,South,Tamil Nadu,4,9006.39,0.0,36025.56,27014.86,9010.7,UPI,2026,5,May,Q2,25.011963727975363
O00185,2026-06-01,C1081,Priya Rao,P9007,Jeans,Clothing,East,Jharkhand,2,3141.17,0.05,5968.22,4534.82,1433.4,Cash,2026,6,June,Q2,24.017211161786932
O00186,2025-10-21,C0611,Rahul Kumar,P4870,Smartwatch,Electronics,West,Gujarat,7,16018.1,0.1,100914.03,76898.71,24015.32,Cash,2025,10,October,Q4,23.797800959886352
O00187,2025-03-20,C0782,Ravi Nair,P8566,Dress,Clothing,East,Jharkhand,2,4002.92,0.1,7205.26,5134.49,2070.77,Debit Card,2025,3,March,Q1,28.739698498041705
O00188,2025-08-15,C0601,Priya Patel,P0790,Face Cream,Beauty,South,Andhra Pradesh,5,1744.94,0.0,8724.7,6156.14,2568.56,Cash,2025,8,August,Q3,29.44009536144509
O00189,2026-04-30,C0905,Sneha Sharma,P7780,Vacuum Cleaner,Home & Kitchen,West,Goa,2,10818.84,0.1,19473.91,12070.87,7403.04,Debit Card,2026,4,April,Q2,38.01517004032575
O00190,2025-02-09,C1153,Vijay Nair,P6266,Bookshelf,Furniture,North,Uttar Pradesh,5,9460.03,0.15,40205.13,26340.75,13864.38,Debit Card,2025,2,February,Q1,34.48410687889829
O00191,2025-01-16,C1013,Karthik Sharma,P7050,Makeup Kit,Beauty,East,West Bengal,4,4488.6,0.2,14363.52,10592.7,3770.82,Debit Card,2025,1,January,Q1,26.25275698436038
O00192,2025-12-19,C0930,Meena Das,P7291,Jacket,Clothing,South,Andhra Pradesh,3,2774.54,0.15,7075.08,5494.33,1580.75,Credit Card,2025,12,December,Q4,22.342503547663064
O00193,2026-01-12,C0457,Karthik Nair,P3727,Monitor,Electronics,North,Uttar Pradesh,2,26204.36,0.15,44547.41,31455.12,13092.29,Net Banking,2026,1,January,Q1,29.38956496011777
O00194,2025-07-09,C0546,Ravi Patel,P4636,Smartphone,Electronics,West,Goa,7,26989.24,0.1,170032.21,116390.67,53641.54,UPI,2025,7,July,Q3,31.54786966540046
O00195,2025-10-16,C1090,Rahul Nair,P3067,Cookware Set,Home & Kitchen,South,Kerala,4,6026.35,0.0,24105.4,17772.13,6333.27,UPI,2025,10,October,Q4,26.273241680287406
O00196,2026-05-31,C0143,Karthik Patel,P3067,Cookware Set,Home & Kitchen,East,Bihar,1,3684.47,0.1,3316.02,2670.04,645.98,Cash,2026,5,May,Q2,19.48058214365414
O00197,2025-07-26,C0646,Vijay Sharma,P9685,Laptop,Electronics,South,Tamil Nadu,6,68810.75,0.15,350934.82,249583.29,101351.53,Debit Card,2025,7,July,Q3,28.88044281271377
O00198,2025-10-08,C0614,Vijay Reddy,P6266,Bookshelf,Furniture,North,Punjab,1,5276.07,0.15,4484.66,3412.61,1072.05,UPI,2025,10,October,Q4,23.904822216176925
O00199,2025-11-23,C0763,Vijay Verma,P8699,Coffee Maker,Home & Kitchen,West,Maharashtra,4,7263.17,0.05,27600.05,17455.0,10145.05,Net Banking,2025,11,November,Q4,36.757360946809875
O00200,2025-10-13,C0820,Ravi Das,P1101,T-Shirt,Clothing,South,Tamil Nadu,3,639.53,0.1,1726.73,1249.66,477.07,Debit Card,2025,10,October,Q4,27.6285232781037
O00201,2025-05-07,C0477,Arun Patel,P0899,Perfume,Beauty,West,Madhya Pradesh,3,4980.38,0.15,12699.97,8955.35,3744.62,Net Banking,2025,5,May,Q2,29.485266500629532
O00202,2025-07-20,C1059,Arun Sharma,P5057,Headphones,Electronics,East,Jharkhand,1,1471.53,0.1,1324.38,794.27,530.11,Cash,2025,7,July,Q3,40.027031516634196
O00203,2025-01-26,C0505,Rahul Singh,P1600,Office Chair,Furniture,South,Telangana,7,10929.27,0.0,76504.89,51432.92,25071.97,Net Banking,2025,1,January,Q1,32.771722173576094
O00204,2025-07-13,C0951,Ravi Kumar,P7050,Makeup Kit,Beauty,South,Karnataka,7,2187.19,0.15,13013.78,7557.12,5456.66,Net Banking,2025,7,July,Q3,41.92986203854683
O00205,2025-10-10,C0362,Arun Verma,P4333,Desk,Furniture,South,Andhra Pradesh,5,14459.43,0.1,65067.44,45074.72,19992.72,Net Banking,2025,10,October,Q4,30.72615120557993
O00206,2025-02-18,C0404,Arun Rao,P1600,Office Chair,Furniture,South,Karnataka,7,15137.49,0.1,95366.19,67046.27,28319.92,Debit Card,2025,2,February,Q1,29.69597506202145
O00207,2025-12-10,C0856,Karthik Patel,P9685,Laptop,Electronics,South,Tamil Nadu,3,70222.36,0.15,179067.02,125069.57,53997.45,Debit Card,2025,12,December,Q4,30.154882791928966
O00208,2025-11-29,C0001,Sneha Patel,P7087,Tablet,Electronics,East,West Bengal,4,36703.24,0.1,132131.66,84823.45,47308.21,Net Banking,2025,11,November,Q4,35.80384141090788
O00209,2025-04-13,C0520,Ravi Iyer,P5057,Headphones,Electronics,East,West Bengal,6,3982.16,0.0,23892.96,17320.27,6572.69,Credit Card,2025,4,April,Q2,27.508898018495824
O00210,2026-02-24,C0412,Sneha Singh,P3727,Monitor,Electronics,North,Haryana,1,10491.16,0.0,10491.16,6978.14,3513.02,Credit Card,2026,2,February,Q1,33.48552495624888
O00211,2025-07-21,C0910,Priya Patel,P1101,T-Shirt,Clothing,North,Haryana,6,473.61,0.0,2841.66,1765.36,1076.3,Debit Card,2025,7,July,Q3,37.875748682108345
O00212,2026-01-22,C1105,Ravi Patel,P8699,Coffee Maker,Home & Kitchen,North,Punjab,3,6145.0,0.1,16591.5,9797.24,6794.26,Net Banking,2026,1,January,Q1,40.95024560769069
O00213,2025-10-06,C0277,Ananya Sharma,P9667,Mixer Grinder,Home & Kitchen,West,Gujarat,4,6874.28,0.05,26122.26,17071.3,9050.96,Credit Card,2025,10,October,Q4,34.64845690993046
O00214,2026-03-27,C0847,Ravi Iyer,P6547,Shoes,Clothing,North,Uttar Pradesh,3,3994.55,0.05,11384.47,8245.29,3139.18,Cash,2026,3,March,Q1,27.57423050875447
O00215,2026-03-16,C0421,Sneha Kumar,P4333,Desk,Furniture,South,Andhra Pradesh,1,23932.89,0.05,22736.25,16009.45,6726.8,Credit Card,2026,3,March,Q1,29.586233437792075
O00216,2026-04-24,C0817,Arun Reddy,P7291,Jacket,Clothing,West,Goa,5,4561.64,0.15,19386.97,13944.14,5442.83,UPI,2026,4,April,Q2,28.074681087348875
O00217,2026-03-10,C0075,Divya Rao,P9685,Laptop,Electronics,North,Haryana,3,61265.92,0.15,156228.1,106140.75,50087.35,Debit Card,2026,3,March,Q1,32.06039758532555
O00218,2025-05-05,C0485,Meena Das,P7087,Tablet,Electronics,North,Punjab,2,22494.5,0.05,42739.55,29344.58,13394.97,Credit Card,2025,5,May,Q2,31.340924272716954
O00219,2025-03-18,C0109,Ananya Singh,P9667,Mixer Grinder,Home & Kitchen,West,Gujarat,5,3501.94,0.1,15758.73,11188.84,4569.89,Net Banking,2025,3,March,Q1,28.99910081586524
O00220,2025-12-20,C0762,Arun Das,P3067,Cookware Set,Home & Kitchen,South,Karnataka,6,5999.8,0.0,35998.8,28056.21,7942.59,Cash,2025,12,December,Q4,22.06348544951498
O00221,2025-10-07,C1135,Priya Singh,P0649,Sofa,Furniture,East,West Bengal,3,41730.76,0.1,112673.05,73476.06,39196.99,UPI,2025,10,October,Q4,34.788256819177256
O00222,2025-06-14,C0517,Arun Das,P3067,Cookware Set,Home & Kitchen,West,Madhya Pradesh,4,7423.05,0.0,29692.2,21447.37,8244.83,Credit Card,2025,6,June,Q2,27.76766288789648
O00223,2025-05-20,C0476,Karthik Kumar,P8699,Coffee Maker,Home & Kitchen,South,Karnataka,4,6000.87,0.0,24003.48,19507.77,4495.71,Debit Card,2025,5,May,Q2,18.729409235660828
O00224,2025-08-16,C0407,Ravi Patel,P0649,Sofa,Furniture,South,Tamil Nadu,2,39577.23,0.15,67281.29,46386.08,20895.21,Cash,2025,8,August,Q3,31.056494309190562
O00225,2025-12-31,C0116,Arun Kumar,P7780,Vacuum Cleaner,Home & Kitchen,North,Delhi,1,8879.65,0.0,8879.65,5814.89,3064.76,Debit Card,2025,12,December,Q4,34.514423428851366
O00226,2026-05-09,C0480,Ananya Reddy,P2376,Dining Table,Furniture,South,Kerala,3,31545.31,0.1,85172.34,62330.02,22842.32,Net Banking,2026,5,May,Q2,26.818941454467492
O00227,2025-10-13,C1187,Rahul Sharma,P4333,Desk,Furniture,East,Bihar,2,21569.39,0.05,40981.84,23910.27,17071.57,UPI,2025,10,October,Q4,41.65642635860176
O00228,2025-01-01,C0648,Karthik Verma,P2376,Dining Table,Furniture,South,Telangana,7,31879.46,0.1,200840.6,121520.01,79320.59,UPI,2025,1,January,Q1,39.494300455186846
O00229,2026-02-18,C0910,Priya Patel,P7780,Vacuum Cleaner,Home & Kitchen,South,Karnataka,3,16296.28,0.1,43999.96,26712.53,17287.43,Credit Card,2026,2,February,Q1,39.28964935422668
O00230,2025-11-18,C0184,Priya Iyer,P7780,Vacuum Cleaner,Home & Kitchen,South,Telangana,3,15445.28,0.15,39385.46,26672.8,12712.66,Debit Card,2025,11,November,Q4,32.277546079187594
O00231,2025-11-17,C0781,Karthik Patel,P1796,Mouse,Electronics,North,Rajasthan,5,1481.92,0.1,6668.64,4168.45,2500.19,Credit Card,2025,11,November,Q4,37.491752441277384
O00232,2025-06-09,C0412,Divya Das,P6547,Shoes,Clothing,North,Punjab,7,3852.0,0.1,24267.6,14907.35,9360.25,Credit Card,2025,6,June,Q2,38.57097529215909
O00233,2025-12-20,C0991,Arun Rao,P4333,Desk,Furniture,West,Maharashtra,5,5937.04,0.05,28200.94,21141.52,7059.42,Credit Card,2025,12,December,Q4,25.03256983632461
O00234,2025-06-06,C0577,Rahul Verma,P2376,Dining Table,Furniture,East,West Bengal,3,31396.8,0.1,84771.36,67624.48,17146.88,Debit Card,2025,6,June,Q2,20.227208812032742
O00235,2025-07-17,C0691,Karthik Kumar,P1600,Office Chair,Furniture,North,Uttar Pradesh,2,4113.23,0.1,7403.81,5947.04,1456.77,UPI,2025,7,July,Q3,19.675950625421233
O00236,2025-06-24,C0235,Karthik Kumar,P6993,Air Fryer,Home & Kitchen,South,Telangana,4,4601.61,0.1,16565.8,13361.24,3204.56,UPI,2025,6,June,Q2,19.34443250552343
O00237,2025-10-20,C0871,Ravi Patel,P7087,Tablet,Electronics,South,Telangana,7,15107.37,0.1,95176.43,72808.76,22367.67,UPI,2025,10,October,Q4,23.501270219948363
O00238,2025-01-13,C1124,Priya Verma,P9685,Laptop,Electronics,North,Rajasthan,1,81092.9,0.1,72983.61,53675.88,19307.73,Cash,2025,1,January,Q1,26.454884870726453
O00239,2025-06-11,C0274,Rahul Reddy,P8566,Dress,Clothing,North,Uttar Pradesh,4,1208.79,0.1,4351.64,3012.89,1338.75,UPI,2025,6,June,Q2,30.764263587980622
O00240,2025-08-23,C0049,Ananya Reddy,P7050,Makeup Kit,Beauty,North,Delhi,2,2720.84,0.0,5441.68,4054.76,1386.92,Net Banking,2025,8,August,Q3,25.486981961453083
O00241,2026-02-02,C0387,Ananya Kumar,P4333,Desk,Furniture,North,Delhi,4,16902.63,0.0,67610.52,46744.75,20865.77,Cash,2026,2,February,Q1,30.8617209274533
O00242,2025-08-18,C1180,Arun Nair,P4636,Smartphone,Electronics,West,Goa,4,63872.65,0.0,255490.6,149223.74,106266.86,Debit Card,2025,8,August,Q3,41.59325626852808
O00243,2026-02-25,C0665,Arun Iyer,P1600,Office Chair,Furniture,South,Telangana,2,6737.32,0.1,12127.18,8694.65,3432.53,Debit Card,2026,2,February,Q1,28.30443681053633
O00244,2025-08-16,C0160,Sneha Kumar,P8566,Dress,Clothing,East,West Bengal,7,4121.5,0.05,27407.98,18514.67,8893.31,Cash,2025,8,August,Q3,32.44788561579511
O00245,2026-05-04,C0412,Vijay Rao,P1077,Skin Care Set,Beauty,East,Odisha,4,5780.51,0.15,19653.73,15102.82,4550.91,Cash,2026,5,May,Q2,23.15545191676084
O00246,2025-10-05,C1114,Vijay Rao,P6547,Shoes,Clothing,North,Haryana,1,4187.59,0.1,3768.83,2709.0,1059.83,Debit Card,2025,10,October,Q4,28.12092877630458
O00247,2026-02-16,C1073,Divya Reddy,P7050,Makeup Kit,Beauty,West,Maharashtra,6,2432.95,0.15,12408.04,9304.21,3103.83,Credit Card,2026,2,February,Q1,25.014667908871985
O00248,2025-01-05,C0459,Sneha Reddy,P9007,Jeans,Clothing,North,Delhi,1,3390.63,0.1,3051.57,1947.07,1104.5,Net Banking,2025,1,January,Q1,36.194483495381064
O00249,2026-01-25,C0714,Rahul Reddy,P1077,Skin Care Set,Beauty,South,Kerala,5,3302.93,0.15,14037.45,10413.59,3623.86,UPI,2026,1,January,Q1,25.8156574021635
O00250,2025-02-19,C0272,Divya Patel,P1077,Skin Care Set,Beauty,East,Jharkhand,4,5973.06,0.1,21503.02,17535.16,3967.86,UPI,2025,2,February,Q1,18.452570848187836
O00251,2025-10-01,C0154,Ananya Singh,P5057,Headphones,Electronics,North,Punjab,4,9760.03,0.15,33184.1,26762.59,6421.51,Debit Card,2025,10,October,Q4,19.351165166450198
O00252,2025-09-04,C0008,Divya Kumar,P4333,Desk,Furniture,North,Punjab,3,18332.01,0.0,54996.03,39356.29,15639.74,Net Banking,2025,9,September,Q3,28.437943611566148
O00253,2026-02-25,C1180,Meena Das,P1600,Office Chair,Furniture,South,Telangana,2,8164.21,0.15,13879.16,10477.75,3401.41,Debit Card,2026,2,February,Q1,24.507318886733778
O00254,2025-12-15,C1197,Meena Singh,P7087,Tablet,Electronics,North,Rajasthan,1,16306.6,0.2,13045.28,10555.76,2489.52,UPI,2025,12,December,Q4,19.08368390712963
O00255,2025-11-23,C0404,Karthik Patel,P5057,Headphones,Electronics,North,Uttar Pradesh,3,11470.03,0.1,30969.08,20616.4,10352.68,Credit Card,2025,11,November,Q4,33.42908475162969
O00256,2025-04-01,C0114,Arun Rao,P1077,Skin Care Set,Beauty,North,Delhi,2,5574.84,0.0,11149.68,7820.72,3328.96,Debit Card,2025,4,April,Q2,29.857000380279974
O00257,2025-07-12,C1016,Ravi Singh,P8699,Coffee Maker,Home & Kitchen,South,Kerala,5,7893.7,0.1,35521.65,24247.09,11274.56,Cash,2025,7,July,Q3,31.739967034189004
O00258,2025-04-19,C0552,Karthik Das,P3067,Cookware Set,Home & Kitchen,North,Punjab,6,6638.27,0.05,37838.14,26464.36,11373.78,Cash,2025,4,April,Q2,30.059035671415142
O00259,2026-01-03,C0475,Divya Rao,P4870,Smartwatch,Electronics,South,Andhra Pradesh,7,16132.2,0.05,107279.13,64669.23,42609.9,Debit Card,2026,1,January,Q1,39.718722551161626
O00260,2025-06-13,C0536,Meena Singh,P8699,Coffee Maker,Home & Kitchen,West,Madhya Pradesh,3,6367.45,0.05,18147.23,10723.14,7424.09,Cash,2025,6,June,Q2,40.91032074867625
O00261,2025-09-11,C0825,Ravi Reddy,P2376,Dining Table,Furniture,North,Delhi,6,9475.13,0.2,45480.62,28847.0,16633.62,Net Banking,2025,9,September,Q3,36.57298427330146
O00262,2026-01-19,C0844,Ananya Patel,P7087,Tablet,Electronics,South,Andhra Pradesh,7,29937.8,0.05,199086.37,151738.96,47347.41,Credit Card,2026,1,January,Q1,23.782346325366223
O00263,2026-06-21,C0206,Ravi Reddy,P3693,Keyboard,Electronics,South,Karnataka,4,4934.89,0.1,17765.6,11980.53,5785.07,Net Banking,2026,6,June,Q2,32.56332462736975
O00264,2025-07-21,C0767,Ravi Kumar,P4870,Smartwatch,Electronics,South,Kerala,3,12240.73,0.05,34886.08,23262.4,11623.68,Cash,2025,7,July,Q3,33.31896274961245
O00265,2025-04-12,C0563,Divya Kumar,P7291,Jacket,Clothing,West,Goa,1,4133.83,0.0,4133.83,2576.4,1557.43,Debit Card,2025,4,April,Q2,37.675230960150756
O00266,2025-06-16,C0763,Ravi Verma,P6993,Air Fryer,Home & Kitchen,East,West Bengal,5,5313.84,0.1,23912.28,14772.01,9140.27,UPI,2025,6,June,Q2,38.22416766615312
O00267,2025-06-24,C0963,Meena Singh,P7780,Vacuum Cleaner,Home & Kitchen,North,Delhi,4,9996.62,0.0,39986.48,31243.81,8742.67,Credit Card,2025,6,June,Q2,21.864065053988245
O00268,2025-11-11,C0993,Arun Nair,P9007,Jeans,Clothing,North,Delhi,3,2016.95,0.05,5748.31,3999.35,1748.96,Net Banking,2025,11,November,Q4,30.425638144080608
O00269,2026-04-03,C0452,Vijay Sharma,P5533,Shampoo,Beauty,West,Goa,6,872.7,0.1,4712.58,3016.58,1696.0,Debit Card,2026,4,April,Q2,35.98877897033048
O00270,2025-06-28,C0113,Karthik Das,P5533,Shampoo,Beauty,South,Andhra Pradesh,3,611.66,0.15,1559.73,1065.81,493.92,Cash,2025,6,June,Q2,31.667019291800504
O00271,2025-02-02,C0019,Ananya Das,P6266,Bookshelf,Furniture,South,Tamil Nadu,3,3037.56,0.05,8657.05,6983.36,1673.69,Net Banking,2025,2,February,Q1,19.333260175232905
O00272,2025-05-08,C0404,Sneha Sharma,P3067,Cookware Set,Home & Kitchen,West,Madhya Pradesh,7,4478.52,0.2,25079.71,14952.54,10127.17,Net Banking,2025,5,May,Q2,40.379932622825386
O00273,2026-06-02,C0681,Karthik Sharma,P0899,Perfume,Beauty,North,Uttar Pradesh,2,3203.39,0.0,6406.78,4515.04,1891.74,Debit Card,2026,6,June,Q2,29.527157167875284
O00274,2025-12-11,C0586,Ananya Reddy,P9007,Jeans,Clothing,West,Gujarat,2,2469.46,0.0,4938.92,2954.17,1984.75,Cash,2025,12,December,Q4,40.1859110898739
O00275,2025-05-28,C0367,Priya Das,P3693,Keyboard,Electronics,North,Uttar Pradesh,2,3726.31,0.05,7079.99,5064.16,2015.83,UPI,2025,5,May,Q2,28.47221535623638
O00276,2026-03-19,C0258,Divya Kumar,P9667,Mixer Grinder,Home & Kitchen,South,Andhra Pradesh,3,3188.39,0.0,9565.17,7716.57,1848.6,Debit Card,2026,3,March,Q1,19.326368480643836
O00277,2025-09-05,C0414,Ravi Kumar,P5533,Shampoo,Beauty,North,Punjab,1,585.61,0.15,497.77,353.46,144.31,Debit Card,2025,9,September,Q3,28.99130120336702
O00278,2025-03-14,C0928,Ananya Reddy,P7050,Makeup Kit,Beauty,East,Odisha,1,2542.36,0.1,2288.12,1506.71,781.41,Cash,2025,3,March,Q1,34.15074384210619
O00279,2026-01-02,C0379,Ravi Rao,P9667,Mixer Grinder,Home & Kitchen,South,Telangana,3,6331.45,0.1,17094.92,12531.35,4563.57,Credit Card,2026,1,January,Q1,26.695474445039814
O00280,2025-02-08,C1071,Arun Verma,P8699,Coffee Maker,Home & Kitchen,South,Andhra Pradesh,6,4531.05,0.0,27186.3,16176.02,11010.28,Net Banking,2025,2,February,Q1,40.49936916755866
O00281,2025-06-10,C0639,Rahul Singh,P4333,Desk,Furniture,West,Gujarat,3,10666.1,0.1,28798.47,19450.13,9348.34,UPI,2025,6,June,Q2,32.46123839217847
O00282,2026-05-09,C0509,Ananya Verma,P7087,Tablet,Electronics,North,Delhi,7,19527.9,0.05,129860.54,103223.94,26636.6,UPI,2026,5,May,Q2,20.51169662470216
O00283,2026-03-21,C0742,Meena Nair,P7087,Tablet,Electronics,East,Bihar,4,26980.71,0.0,107922.84,82901.68,25021.16,Credit Card,2026,3,March,Q1,23.184304638387946
O00284,2025-07-04,C0875,Ananya Nair,P3067,Cookware Set,Home & Kitchen,South,Telangana,4,3102.18,0.05,11788.28,8854.3,2933.98,Credit Card,2025,7,July,Q3,24.888957506947577
O00285,2025-01-21,C0621,Divya Patel,P2376,Dining Table,Furniture,West,Goa,3,29757.8,0.0,89273.4,71587.86,17685.54,Debit Card,2025,1,January,Q1,19.810537069272595
O00286,2025-10-04,C0052,Sneha Verma,P1101,T-Shirt,Clothing,West,Gujarat,5,761.69,0.15,3237.18,2617.83,619.35,Cash,2025,10,October,Q4,19.132393008729824
O00287,2025-12-28,C0881,Karthik Verma,P1101,T-Shirt,Clothing,South,Tamil Nadu,6,1130.06,0.1,6102.32,3823.27,2279.05,Net Banking,2025,12,December,Q4,37.34727120177245
O00288,2025-03-17,C0414,Ravi Reddy,P1101,T-Shirt,Clothing,East,Bihar,1,540.55,0.1,486.49,303.09,183.4,Cash,2025,3,March,Q1,37.69861662110218
O00289,2025-02-14,C0450,Karthik Reddy,P1796,Mouse,Electronics,South,Telangana,4,1738.83,0.0,6955.32,4173.56,2781.76,UPI,2025,2,February,Q1,39.994709085994614
O00290,2026-05-14,C1020,Rahul Singh,P4333,Desk,Furniture,South,Kerala,2,15384.49,0.1,27692.08,17692.04,10000.04,Debit Card,2026,5,May,Q2,36.11155247276478
O00291,2025-12-29,C0958,Arun Patel,P0649,Sofa,Furniture,North,Delhi,3,38464.33,0.1,103853.69,64514.59,39339.1,Credit Card,2025,12,December,Q4,37.87934737802768
O00292,2025-04-03,C0560,Arun Das,P2376,Dining Table,Furniture,North,Rajasthan,5,17104.58,0.0,85522.9,63808.44,21714.46,Net Banking,2025,4,April,Q2,25.39022881590779
O00293,2026-03-27,C1127,Karthik Kumar,P1600,Office Chair,Furniture,South,Tamil Nadu,1,12364.38,0.15,10509.72,7793.79,2715.93,Debit Card,2026,3,March,Q1,25.842077619575022
O00294,2026-02-20,C0025,Ananya Verma,P8566,Dress,Clothing,West,Madhya Pradesh,1,2860.22,0.15,2431.19,1528.79,902.4,Cash,2026,2,February,Q1,37.117625524948686
O00295,2025-07-18,C0659,Priya Verma,P1600,Office Chair,Furniture,North,Haryana,5,10522.99,0.0,52614.95,35690.69,16924.26,UPI,2025,7,July,Q3,32.16625692887668
O00296,2026-01-19,C0751,Ravi Nair,P3067,Cookware Set,Home & Kitchen,South,Andhra Pradesh,4,7057.15,0.1,25405.74,20721.17,4684.57,Credit Card,2026,1,January,Q1,18.439022047773452
O00297,2025-12-01,C0635,Meena Patel,P2376,Dining Table,Furniture,South,Telangana,3,9890.09,0.1,26703.24,19387.04,7316.2,Cash,2025,12,December,Q4,27.398173405174802
O00298,2025-05-02,C0898,Arun Verma,P0649,Sofa,Furniture,South,Karnataka,4,36015.57,0.0,144062.28,87140.8,56921.48,UPI,2025,5,May,Q2,39.51171673806634
O00299,2025-09-07,C0807,Meena Singh,P1101,T-Shirt,Clothing,North,Rajasthan,1,321.94,0.0,321.94,241.83,80.11,Debit Card,2025,9,September,Q3,24.883518668074796
O00300,2025-08-08,C0401,Vijay Patel,P9685,Laptop,Electronics,North,Punjab,5,74623.98,0.15,317151.91,228004.83,89147.08,Credit Card,2025,8,August,Q3,28.10863727732241
O00301,2025-09-26,C0616,Ravi Nair,P5057,Headphones,Electronics,West,Madhya Pradesh,5,3521.06,0.05,16725.04,13344.6,3380.44,Cash,2025,9,September,Q3,20.211850016502204
O00302,2026-05-29,C0858,Vijay Sharma,P9667,Mixer Grinder,Home & Kitchen,South,Karnataka,6,7675.57,0.05,43750.75,32645.33,11105.42,Debit Card,2026,5,May,Q2,25.383381999165728
O00303,2025-05-09,C0923,Divya Iyer,P1077,Skin Care Set,Beauty,North,Uttar Pradesh,6,1128.33,0.1,6092.98,4735.44,1357.54,Cash,2025,5,May,Q2,22.280394815016628
O00304,2025-07-23,C0575,Ananya Reddy,P7780,Vacuum Cleaner,Home & Kitchen,South,Tamil Nadu,5,16429.42,0.0,82147.1,58633.39,23513.71,Credit Card,2025,7,July,Q3,28.6239075999031
O00305,2025-02-25,C0455,Sneha Reddy,P9667,Mixer Grinder,Home & Kitchen,South,Telangana,2,7991.66,0.0,15983.32,11482.55,4500.77,Debit Card,2025,2,February,Q1,28.1591684330915
O00306,2025-04-01,C0365,Rahul Kumar,P5533,Shampoo,Beauty,West,Gujarat,3,222.43,0.05,633.93,486.92,147.01,Debit Card,2025,4,April,Q2,23.190257599419496
O00307,2025-10-31,C0992,Divya Iyer,P3727,Monitor,Electronics,South,Kerala,7,19744.35,0.0,138210.45,111289.72,26920.73,Net Banking,2025,10,October,Q4,19.478071303580876
O00308,2025-12-05,C0383,Rahul Sharma,P0899,Perfume,Beauty,North,Rajasthan,2,1295.27,0.1,2331.49,1670.92,660.57,Debit Card,2025,12,December,Q4,28.3325255523292
O00309,2025-07-10,C0780,Priya Singh,P7050,Makeup Kit,Beauty,South,Karnataka,6,3737.21,0.1,20180.93,14577.86,5603.07,Debit Card,2025,7,July,Q3,27.764181333565897
O00310,2025-06-04,C0888,Vijay Das,P1077,Skin Care Set,Beauty,West,Gujarat,4,3401.87,0.1,12246.73,9152.14,3094.59,UPI,2025,6,June,Q2,25.26870438067958
O00311,2025-03-05,C0616,Ananya Reddy,P3693,Keyboard,Electronics,West,Maharashtra,2,3571.37,0.15,6071.33,3768.69,2302.64,Cash,2025,3,March,Q1,37.92645104120514
O00312,2026-01-10,C1142,Divya Reddy,P1101,T-Shirt,Clothing,South,Andhra Pradesh,3,1258.55,0.2,3020.52,2391.01,629.51,Credit Card,2026,1,January,Q1,20.84111345066412
O00313,2026-03-14,C1174,Divya Nair,P9007,Jeans,Clothing,North,Uttar Pradesh,5,2000.67,0.0,10003.35,7258.86,2744.49,Cash,2026,3,March,Q1,27.435709037472446
O00314,2026-06-03,C0952,Karthik Iyer,P3693,Keyboard,Electronics,North,Haryana,7,1238.45,0.0,8669.15,5477.99,3191.16,UPI,2026,6,June,Q2,36.81052929064557
O00315,2025-09-21,C0366,Divya Iyer,P1101,T-Shirt,Clothing,East,West Bengal,5,1763.01,0.15,7492.79,5878.93,1613.86,Net Banking,2025,9,September,Q3,21.53883933754983
O00316,2025-04-08,C0570,Priya Singh,P7087,Tablet,Electronics,South,Andhra Pradesh,2,19519.74,0.0,39039.48,24212.2,14827.28,Net Banking,2025,4,April,Q2,37.980218998818636
O00317,2025-10-23,C0110,Sneha Nair,P8566,Dress,Clothing,South,Karnataka,4,4306.47,0.05,16364.59,10880.61,5483.98,Net Banking,2025,10,October,Q4,33.51125814945562
O00318,2025-03-27,C0166,Sneha Nair,P5057,Headphones,Electronics,East,Odisha,7,2264.7,0.15,13474.96,10100.86,3374.1,Net Banking,2025,3,March,Q1,25.039777483569527
O00319,2026-02-28,C1136,Vijay Kumar,P4333,Desk,Furniture,South,Karnataka,1,14191.68,0.05,13482.1,10480.6,3001.5,Credit Card,2026,2,February,Q1,22.262852226285222
O00320,2025-03-30,C0972,Sneha Kumar,P4636,Smartphone,Electronics,North,Haryana,7,27364.56,0.0,191551.92,116909.03,74642.89,Net Banking,2025,3,March,Q1,38.96744548423216
O00321,2025-02-09,C0981,Priya Verma,P0790,Face Cream,Beauty,North,Haryana,7,1117.35,0.1,7039.3,5194.58,1844.72,UPI,2025,2,February,Q1,26.206014802608212
O00322,2026-03-15,C0345,Sneha Kumar,P0899,Perfume,Beauty,West,Goa,1,1454.61,0.1,1309.15,941.33,367.82,Credit Card,2026,3,March,Q1,28.096092884696173
O00323,2025-03-13,C0486,Ananya Nair,P7050,Makeup Kit,Beauty,North,Haryana,4,1244.68,0.15,4231.91,2952.96,1278.95,Credit Card,2025,3,March,Q1,30.22157843621438
O00324,2026-02-26,C0185,Ananya Patel,P1077,Skin Care Set,Beauty,East,Jharkhand,2,2710.43,0.0,5420.86,3868.48,1552.38,Net Banking,2026,2,February,Q1,28.63715351438702
O00325,2025-12-11,C0762,Divya Iyer,P7780,Vacuum Cleaner,Home & Kitchen,South,Telangana,7,8422.22,0.0,58955.54,46513.6,12441.94,Credit Card,2025,12,December,Q4,21.103936966737987
O00326,2025-12-03,C0911,Arun Nair,P3727,Monitor,Electronics,South,Tamil Nadu,2,13978.78,0.15,23763.93,19170.83,4593.1,Debit Card,2025,12,December,Q4,19.32803202163952
O00327,2025-08-17,C0887,Priya Reddy,P7087,Tablet,Electronics,North,Delhi,2,26361.82,0.1,47451.28,38171.77,9279.51,Credit Card,2025,8,August,Q3,19.55586867203582
O00328,2025-06-20,C0849,Sneha Patel,P4333,Desk,Furniture,South,Telangana,4,18400.65,0.05,69922.47,53536.33,16386.14,Net Banking,2025,6,June,Q2,23.434727062702446
O00329,2026-02-21,C1025,Rahul Sharma,P3727,Monitor,Electronics,East,West Bengal,1,16056.15,0.05,15253.34,11678.13,3575.21,UPI,2026,2,February,Q1,23.43886650399191
O00330,2025-07-09,C1066,Rahul Iyer,P7291,Jacket,Clothing,West,Goa,3,5187.88,0.0,15563.64,11105.43,4458.21,Net Banking,2025,7,July,Q3,28.64503419508547
O00331,2026-05-08,C0227,Rahul Nair,P9007,Jeans,Clothing,West,Gujarat,1,1763.73,0.05,1675.54,988.5,687.04,Cash,2026,5,May,Q2,41.00409420246607
O00332,2025-07-03,C1143,Karthik Patel,P7291,Jacket,Clothing,South,Kerala,4,5643.15,0.05,21443.97,13886.85,7557.12,Credit Card,2025,7,July,Q3,35.2412356480633
O00333,2025-10-15,C0700,Rahul Rao,P4333,Desk,Furniture,North,Uttar Pradesh,4,11799.44,0.0,47197.76,32390.48,14807.28,UPI,2025,10,October,Q4,31.372844812974176
O00334,2026-03-23,C0370,Divya Reddy,P4870,Smartwatch,Electronics,East,Jharkhand,4,5055.71,0.0,20222.84,15175.86,5046.98,Net Banking,2026,3,March,Q1,24.95683098911923
O00335,2025-09-07,C1097,Meena Singh,P4333,Desk,Furniture,South,Kerala,2,8543.85,0.05,16233.32,9862.57,6370.75,Debit Card,2025,9,September,Q3,39.24489876377722
O00336,2025-06-12,C0162,Vijay Sharma,P1796,Mouse,Electronics,South,Telangana,4,2369.41,0.05,9003.76,5867.98,3135.78,UPI,2025,6,June,Q2,34.82744986538957
O00337,2026-01-13,C0628,Ananya Das,P4333,Desk,Furniture,West,Madhya Pradesh,6,14716.35,0.0,88298.1,65668.78,22629.32,Credit Card,2026,1,January,Q1,25.62832042818588
O00338,2025-10-29,C0889,Meena Das,P3727,Monitor,Electronics,West,Madhya Pradesh,6,27950.67,0.05,159318.82,120432.29,38886.53,Cash,2025,10,October,Q4,24.407995238729484
O00339,2025-07-11,C0138,Ravi Singh,P8566,Dress,Clothing,East,Odisha,1,1330.94,0.05,1264.39,970.04,294.35,Credit Card,2025,7,July,Q3,23.28000063271617
O00340,2025-02-25,C0585,Priya Kumar,P8566,Dress,Clothing,South,Telangana,4,3467.78,0.15,11790.45,7469.66,4320.79,Credit Card,2025,2,February,Q1,36.646523245508014
O00341,2026-03-14,C0615,Meena Das,P8699,Coffee Maker,Home & Kitchen,North,Delhi,7,3582.32,0.0,25076.24,14708.22,10368.02,UPI,2026,3,March,Q1,41.34599126503814
O00342,2025-04-21,C0694,Meena Das,P2376,Dining Table,Furniture,North,Delhi,7,30158.8,0.05,200556.02,133208.62,67347.4,UPI,2025,4,April,Q2,33.58034328762607
O00343,2025-06-15,C0774,Rahul Nair,P4333,Desk,Furniture,North,Rajasthan,5,16529.45,0.1,74382.53,57093.16,17289.37,Net Banking,2025,6,June,Q2,23.243858470530647
O00344,2025-01-06,C0407,Ravi Sharma,P3727,Monitor,Electronics,West,Gujarat,2,28679.29,0.05,54490.65,34871.04,19619.61,Debit Card,2025,1,January,Q1,36.0054614874295
O00345,2026-01-23,C0903,Vijay Patel,P9007,Jeans,Clothing,North,Rajasthan,7,3340.05,0.1,21042.32,12592.41,8449.91,Debit Card,2026,1,January,Q1,40.156741271874964
O00346,2025-05-02,C0381,Arun Iyer,P7087,Tablet,Electronics,East,Jharkhand,3,38943.32,0.05,110988.46,84351.99,26636.47,Credit Card,2025,5,May,Q2,23.99931488372755
O00347,2026-04-08,C0808,Divya Rao,P8566,Dress,Clothing,North,Uttar Pradesh,4,3073.1,0.1,11063.16,6670.81,4392.35,Debit Card,2026,4,April,Q2,39.70249006612939
O00348,2026-05-19,C1149,Ravi Patel,P1796,Mouse,Electronics,North,Punjab,6,2356.23,0.1,12723.64,9448.39,3275.25,Net Banking,2026,5,May,Q2,25.74145448943856
O00349,2025-06-20,C0453,Ananya Nair,P4333,Desk,Furniture,East,Bihar,2,9742.89,0.0,19485.78,14893.97,4591.81,Credit Card,2025,6,June,Q2,23.564927860213963
O00350,2026-04-02,C1030,Sneha Patel,P6993,Air Fryer,Home & Kitchen,South,Andhra Pradesh,2,3554.22,0.2,5686.75,4616.39,1070.36,Cash,2026,4,April,Q2,18.8219985052974
O00351,2026-02-20,C0150,Vijay Rao,P7087,Tablet,Electronics,West,Gujarat,3,39933.44,0.0,119800.32,82700.1,37100.22,Credit Card,2026,2,February,Q1,30.968381386627346
O00352,2025-03-24,C1071,Divya Iyer,P9685,Laptop,Electronics,East,West Bengal,6,78288.71,0.0,469732.26,336187.75,133544.51,UPI,2025,3,March,Q1,28.42992090856183
O00353,2026-05-09,C1049,Rahul Singh,P6993,Air Fryer,Home & Kitchen,North,Delhi,2,4152.86,0.0,8305.72,6472.12,1833.6,Net Banking,2026,5,May,Q2,22.07635220065208
O00354,2026-03-24,C0844,Ravi Rao,P9685,Laptop,Electronics,South,Kerala,2,56518.67,0.0,113037.34,81132.32,31905.02,Credit Card,2026,3,March,Q1,28.225204167047814
O00355,2025-09-19,C0431,Meena Singh,P5533,Shampoo,Beauty,West,Goa,7,206.26,0.0,1443.82,1022.93,420.89,Cash,2025,9,September,Q3,29.151140723912956
O00356,2025-01-17,C0376,Divya Das,P6266,Bookshelf,Furniture,South,Tamil Nadu,5,3354.2,0.0,16771.0,9930.68,6840.32,Cash,2025,1,January,Q1,40.786595909605865
O00357,2026-02-04,C1148,Karthik Patel,P1796,Mouse,Electronics,South,Telangana,7,1425.89,0.1,8983.11,5558.1,3425.01,Credit Card,2026,2,February,Q1,38.12721874718221
O00358,2025-01-27,C0281,Ananya Singh,P5057,Headphones,Electronics,East,West Bengal,2,5611.32,0.1,10100.38,5995.62,4104.76,Cash,2025,1,January,Q1,40.63965910193478
O00359,2026-04-16,C0830,Ananya Singh,P7291,Jacket,Clothing,West,Goa,6,3554.02,0.05,20257.91,12343.28,7914.63,Debit Card,2026,4,April,Q2,39.06933143646112
O00360,2025-08-27,C1033,Divya Sharma,P0649,Sofa,Furniture,West,Madhya Pradesh,2,13721.2,0.1,24698.16,17497.08,7201.08,Credit Card,2025,8,August,Q3,29.156342010902836
O00361,2025-05-15,C0478,Rahul Verma,P3727,Monitor,Electronics,South,Kerala,5,27188.13,0.05,129143.62,89398.83,39744.79,Credit Card,2025,5,May,Q2,30.77565117037915
O00362,2025-05-10,C0144,Vijay Das,P4333,Desk,Furniture,West,Madhya Pradesh,7,18781.75,0.15,111751.41,79733.04,32018.37,Cash,2025,5,May,Q2,28.65142372700264
O00363,2025-08-13,C0559,Karthik Rao,P9007,Jeans,Clothing,North,Delhi,7,1557.87,0.15,9269.33,5605.0,3664.33,Credit Card,2025,8,August,Q3,39.53176766821334
O00364,2025-06-20,C0012,Rahul Rao,P4636,Smartphone,Electronics,East,Bihar,3,45929.37,0.1,124009.3,92239.08,31770.22,Cash,2025,6,June,Q2,25.619223719511357
O00365,2025-04-06,C0298,Sneha Kumar,P3727,Monitor,Electronics,South,Andhra Pradesh,5,22883.95,0.1,102977.78,65932.47,37045.31,Net Banking,2025,4,April,Q2,35.974081010485946
O00366,2025-12-29,C1184,Meena Verma,P6547,Shoes,Clothing,South,Kerala,2,3174.6,0.0,6349.2,3724.96,2624.24,Credit Card,2025,12,December,Q4,41.33182133182133
O00367,2025-02-08,C0923,Priya Verma,P4636,Smartphone,Electronics,West,Maharashtra,6,36700.56,0.15,187172.86,135154.54,52018.32,Cash,2025,2,February,Q1,27.791593289753656
O00368,2025-05-08,C0036,Divya Reddy,P8566,Dress,Clothing,East,Odisha,6,4139.08,0.2,19867.58,14410.26,5457.32,UPI,2025,5,May,Q2,27.46846873147107
O00369,2026-06-14,C0123,Karthik Singh,P7780,Vacuum Cleaner,Home & Kitchen,North,Rajasthan,5,13238.25,0.1,59572.12,34784.07,24788.05,Cash,2026,6,June,Q2,41.6101525344406
O00370,2025-05-22,C0681,Ananya Sharma,P2376,Dining Table,Furniture,South,Andhra Pradesh,5,10792.72,0.05,51265.42,38702.59,12562.83,Debit Card,2025,5,May,Q2,24.505465867635536
O00371,2025-09-02,C0476,Rahul Reddy,P7087,Tablet,Electronics,West,Maharashtra,6,27128.38,0.15,138354.74,112044.04,26310.7,Debit Card,2025,9,September,Q3,19.016840333768112
O00372,2025-11-22,C0837,Ravi Nair,P1077,Skin Care Set,Beauty,West,Goa,7,3296.25,0.0,23073.75,13831.54,9242.21,Debit Card,2025,11,November,Q4,40.055084240749764
O00373,2026-06-12,C0193,Meena Das,P9007,Jeans,Clothing,East,Odisha,7,1727.59,0.05,11488.47,9033.31,2455.16,Net Banking,2026,6,June,Q2,21.370643784594467
O00374,2025-05-11,C0212,Divya Verma,P1101,T-Shirt,Clothing,West,Maharashtra,7,1609.29,0.05,10701.78,8082.62,2619.16,Net Banking,2025,5,May,Q2,24.474059455529826
O00375,2025-07-07,C0052,Karthik Reddy,P8699,Coffee Maker,Home & Kitchen,West,Madhya Pradesh,3,3971.84,0.0,11915.52,9666.29,2249.23,Debit Card,2025,7,July,Q3,18.876473708239338
O00376,2025-03-18,C0440,Rahul Iyer,P6266,Bookshelf,Furniture,North,Uttar Pradesh,3,8063.08,0.1,21770.32,13848.05,7922.27,Credit Card,2025,3,March,Q1,36.39023220604934
O00377,2026-03-03,C0742,Arun Rao,P7087,Tablet,Electronics,South,Andhra Pradesh,4,37142.19,0.15,126283.45,90917.93,35365.52,Debit Card,2026,3,March,Q1,28.00487316429825
O00378,2026-02-25,C0601,Ananya Reddy,P7050,Makeup Kit,Beauty,South,Tamil Nadu,1,4369.54,0.1,3932.59,3159.26,773.33,Credit Card,2026,2,February,Q1,19.66464848865506
O00379,2025-08-03,C0747,Ravi Rao,P1600,Office Chair,Furniture,West,Gujarat,1,4399.53,0.05,4179.55,2931.63,1247.92,Debit Card,2025,8,August,Q3,29.857759806677752
O00380,2026-02-18,C0079,Sneha Verma,P1101,T-Shirt,Clothing,East,West Bengal,3,300.28,0.1,810.76,590.19,220.57,Cash,2026,2,February,Q1,27.20533820119394
O00381,2026-05-05,C1009,Ravi Rao,P1600,Office Chair,Furniture,West,Maharashtra,2,7305.82,0.1,13150.48,7978.27,5172.21,Debit Card,2026,5,May,Q2,39.33095978245661
O00382,2025-07-07,C0644,Ananya Rao,P1600,Office Chair,Furniture,South,Tamil Nadu,4,11509.31,0.1,41433.52,32701.78,8731.74,Debit Card,2025,7,July,Q3,21.074096528607754
O00383,2025-10-19,C0377,Priya Patel,P4870,Smartwatch,Electronics,North,Haryana,7,15984.04,0.05,106293.87,77324.11,28969.76,Credit Card,2025,10,October,Q4,27.254403287790723
O00384,2026-06-26,C1090,Divya Sharma,P1600,Office Chair,Furniture,South,Karnataka,2,7517.5,0.15,12779.75,7793.64,4986.11,Credit Card,2026,6,June,Q2,39.01570844500088
O00385,2026-01-25,C0598,Rahul Das,P0899,Perfume,Beauty,West,Madhya Pradesh,2,3196.77,0.15,5434.51,4028.82,1405.69,UPI,2026,1,January,Q1,25.86599343823086
O00386,2025-06-04,C0844,Vijay Kumar,P3727,Monitor,Electronics,South,Telangana,3,11775.77,0.05,33560.94,24652.17,8908.77,Net Banking,2025,6,June,Q2,26.545055055072954
O00387,2025-09-16,C0422,Karthik Rao,P4636,Smartphone,Electronics,South,Kerala,1,57262.51,0.0,57262.51,39274.99,17987.52,Debit Card,2025,9,September,Q3,31.41238482211136
O00388,2025-04-08,C1196,Ananya Rao,P1101,T-Shirt,Clothing,West,Gujarat,1,968.08,0.0,968.08,618.97,349.11,Cash,2025,4,April,Q2,36.06210230559458
O00389,2026-03-09,C0416,Karthik Iyer,P6266,Bookshelf,Furniture,North,Rajasthan,5,9755.08,0.1,43897.86,27849.92,16047.94,Credit Card,2026,3,March,Q1,36.5574540535689
O00390,2025-05-03,C0778,Rahul Reddy,P5057,Headphones,Electronics,South,Karnataka,4,5496.17,0.1,19786.21,13771.02,6015.19,Credit Card,2025,5,May,Q2,30.400920641194045
O00391,2026-03-27,C0009,Karthik Verma,P3727,Monitor,Electronics,South,Telangana,7,11058.16,0.0,77407.12,48338.15,29068.97,UPI,2026,3,March,Q1,37.553354265085694
O00392,2025-09-23,C0952,Arun Verma,P1101,T-Shirt,Clothing,East,Odisha,2,554.83,0.0,1109.66,676.44,433.22,UPI,2025,9,September,Q3,39.04078726817223
O00393,2025-06-20,C1049,Priya Sharma,P1796,Mouse,Electronics,West,Maharashtra,3,410.89,0.1,1109.4,814.34,295.06,Debit Card,2025,6,June,Q2,26.59635839192356
O00394,2025-08-20,C0481,Divya Verma,P9667,Mixer Grinder,Home & Kitchen,West,Madhya Pradesh,2,2769.28,0.2,4430.85,3154.62,1276.23,Net Banking,2025,8,August,Q3,28.803277023595925
O00395,2025-05-28,C1090,Meena Iyer,P9685,Laptop,Electronics,South,Kerala,5,69252.7,0.15,294323.97,175845.74,118478.23,Credit Card,2025,5,May,Q2,40.254359847075996
O00396,2025-05-27,C0538,Ananya Nair,P7291,Jacket,Clothing,East,West Bengal,1,5079.73,0.1,4571.76,3323.42,1248.34,Debit Card,2025,5,May,Q2,27.30545785430556
O00397,2025-10-16,C0692,Arun Das,P0649,Sofa,Furniture,East,Bihar,2,45825.25,0.1,82485.45,56940.92,25544.53,Net Banking,2025,10,October,Q4,30.96852838894617
O00398,2025-11-06,C0419,Sneha Iyer,P6547,Shoes,Clothing,South,Andhra Pradesh,7,3944.59,0.05,26231.52,16017.41,10214.11,UPI,2025,11,November,Q4,38.93830780679122
O00399,2025-03-05,C0919,Priya Iyer,P1796,Mouse,Electronics,West,Goa,7,819.79,0.05,5451.6,3886.08,1565.52,Net Banking,2025,3,March,Q1,28.716707021791766
O00400,2025-10-30,C1159,Priya Singh,P4870,Smartwatch,Electronics,South,Kerala,3,6548.02,0.1,17679.65,12661.7,5017.95,Net Banking,2025,10,October,Q4,28.382632009117824
O00401,2025-06-26,C0629,Arun Verma,P8699,Coffee Maker,Home & Kitchen,South,Telangana,2,4661.38,0.0,9322.76,6517.52,2805.24,UPI,2025,6,June,Q2,30.090230790023554
O00402,2025-03-16,C0146,Arun Singh,P3693,Keyboard,Electronics,North,Haryana,5,1239.11,0.05,5885.77,4320.75,1565.02,UPI,2025,3,March,Q1,26.589893930615705
O00403,2025-05-06,C0221,Rahul Iyer,P3727,Monitor,Electronics,North,Delhi,3,21844.57,0.05,62257.02,39930.31,22326.71,Credit Card,2025,5,May,Q2,35.86215658892764
O00404,2026-03-15,C0045,Ananya Das,P4636,Smartphone,Electronics,North,Delhi,2,21166.71,0.15,35983.41,22401.77,13581.64,Credit Card,2026,3,March,Q1,37.744171550167145
O00405,2025-10-01,C0381,Ravi Singh,P9667,Mixer Grinder,Home & Kitchen,South,Andhra Pradesh,7,8112.62,0.05,53948.92,35090.99,18857.93,UPI,2025,10,October,Q4,34.955157582394605
O00406,2025-03-10,C0079,Priya Sharma,P7087,Tablet,Electronics,North,Uttar Pradesh,5,38088.73,0.2,152354.92,114698.54,37656.38,UPI,2025,3,March,Q1,24.716221832547312
O00407,2025-04-27,C1188,Sneha Das,P0790,Face Cream,Beauty,South,Telangana,2,1663.18,0.0,3326.36,2338.2,988.16,Cash,2025,4,April,Q2,29.7069469329838
O00408,2026-05-02,C0179,Karthik Iyer,P4870,Smartwatch,Electronics,South,Telangana,7,13220.66,0.2,74035.7,49933.62,24102.08,UPI,2026,5,May,Q2,32.55467294832088
O00409,2025-01-13,C1130,Vijay Reddy,P9685,Laptop,Electronics,North,Uttar Pradesh,3,64365.69,0.05,183442.22,134802.97,48639.25,Net Banking,2025,1,January,Q1,26.51475216555927
O00410,2026-04-12,C0324,Ravi Iyer,P7087,Tablet,Electronics,North,Delhi,3,35691.48,0.0,107074.44,86677.84,20396.6,Debit Card,2026,4,April,Q2,19.048990590097876
O00411,2026-05-15,C0173,Vijay Rao,P3067,Cookware Set,Home & Kitchen,North,Delhi,2,3496.93,0.15,5944.78,3587.09,2357.69,Net Banking,2026,5,May,Q2,39.659836024209476
O00412,2025-06-01,C0894,Priya Patel,P1600,Office Chair,Furniture,South,Karnataka,3,15990.56,0.0,47971.68,38788.6,9183.08,Net Banking,2025,6,June,Q2,19.142710866077653
O00413,2025-11-24,C1083,Vijay Verma,P7291,Jacket,Clothing,East,Jharkhand,5,5466.21,0.1,24597.94,18267.75,6330.19,Cash,2025,11,November,Q4,25.734634688921105
O00414,2025-08-25,C0001,Ananya Iyer,P7291,Jacket,Clothing,South,Karnataka,4,2811.58,0.15,9559.37,7096.83,2462.54,UPI,2025,8,August,Q3,25.76048421601005
O00415,2025-06-14,C0224,Rahul Singh,P3727,Monitor,Electronics,North,Delhi,7,11213.43,0.15,66719.91,49442.33,17277.58,Net Banking,2025,6,June,Q2,25.89568840845259
O00416,2025-01-24,C1074,Ananya Sharma,P0790,Face Cream,Beauty,South,Kerala,7,359.92,0.05,2393.47,1883.66,509.81,Debit Card,2025,1,January,Q1,21.30003718450618
O00417,2025-12-27,C0753,Arun Sharma,P8566,Dress,Clothing,South,Telangana,6,2022.56,0.1,10921.82,6784.45,4137.37,Credit Card,2025,12,December,Q4,37.88169004799566
O00418,2025-01-14,C0386,Arun Das,P2376,Dining Table,Furniture,East,Odisha,6,31467.72,0.1,169925.69,117642.16,52283.53,Net Banking,2025,1,January,Q1,30.7684670869955
O00419,2026-04-30,C1152,Arun Kumar,P3067,Cookware Set,Home & Kitchen,West,Gujarat,2,2085.59,0.15,3545.5,2618.68,926.82,UPI,2026,4,April,Q2,26.140741785361726
O00420,2025-03-10,C0819,Ravi Das,P1077,Skin Care Set,Beauty,East,Jharkhand,1,2977.21,0.0,2977.21,1726.94,1250.27,Cash,2025,3,March,Q1,41.99468630026098
O00421,2026-03-15,C0878,Arun Sharma,P9007,Jeans,Clothing,West,Goa,7,3314.9,0.05,22044.08,13415.89,8628.19,Cash,2026,3,March,Q1,39.14062188124884
O00422,2025-02-28,C0106,Ravi Iyer,P7087,Tablet,Electronics,West,Madhya Pradesh,4,37699.54,0.0,150798.16,95882.42,54915.74,Credit Card,2025,2,February,Q1,36.416717551460835
O00423,2025-01-13,C0113,Karthik Iyer,P4870,Smartwatch,Electronics,South,Telangana,5,10387.86,0.15,44148.4,34782.25,9366.15,Debit Card,2025,1,January,Q1,21.21515162497395
O00424,2025-03-12,C0582,Ananya Rao,P4636,Smartphone,Electronics,North,Punjab,1,59665.62,0.05,56682.34,44614.75,12067.59,Net Banking,2025,3,March,Q1,21.289858534421835
O00425,2026-03-07,C0691,Ananya Singh,P9667,Mixer Grinder,Home & Kitchen,North,Haryana,3,2503.89,0.05,7136.09,4551.97,2584.12,Debit Card,2026,3,March,Q1,36.211987236708055
O00426,2025-10-13,C0126,Rahul Verma,P1600,Office Chair,Furniture,North,Haryana,2,5048.61,0.2,8077.78,4801.87,3275.91,Credit Card,2025,10,October,Q4,40.55458306613946
O00427,2026-04-16,C0569,Priya Patel,P3693,Keyboard,Electronics,South,Karnataka,2,1517.55,0.15,2579.84,1833.52,746.32,Net Banking,2026,4,April,Q2,28.928925824857355
O00428,2025-08-07,C0492,Ananya Nair,P9685,Laptop,Electronics,West,Madhya Pradesh,2,70353.41,0.1,126636.14,101859.9,24776.24,Debit Card,2025,8,August,Q3,19.564904615696594
O00429,2026-06-19,C0108,Priya Singh,P7087,Tablet,Electronics,East,West Bengal,6,27247.55,0.0,163485.3,121943.55,41541.75,Credit Card,2026,6,June,Q2,25.410082741384088
O00430,2026-04-30,C0800,Ravi Singh,P9685,Laptop,Electronics,West,Gujarat,1,59673.2,0.1,53705.88,32276.54,21429.34,Credit Card,2026,4,April,Q2,39.90129200005661
O00431,2025-10-06,C0391,Meena Kumar,P9685,Laptop,Electronics,East,West Bengal,7,75987.9,0.15,452128.0,274802.29,177325.71,Net Banking,2025,10,October,Q4,39.22024515181541
O00432,2025-11-30,C0079,Rahul Iyer,P1796,Mouse,Electronics,North,Haryana,5,779.65,0.15,3313.51,2651.59,661.92,Debit Card,2025,11,November,Q4,19.97639964871088
O00433,2025-02-12,C0270,Divya Reddy,P6993,Air Fryer,Home & Kitchen,South,Tamil Nadu,7,8762.93,0.15,52139.43,38860.27,13279.16,Net Banking,2025,2,February,Q1,25.46855613879937
O00434,2025-04-07,C0056,Ravi Kumar,P1600,Office Chair,Furniture,South,Kerala,6,10333.97,0.05,58903.63,39511.02,19392.61,Credit Card,2025,4,April,Q2,32.92260595824061
O00435,2025-08-03,C0993,Meena Verma,P0790,Face Cream,Beauty,North,Punjab,5,808.61,0.0,4043.05,2541.12,1501.93,UPI,2025,8,August,Q3,37.1484399154104
O00436,2025-05-10,C0984,Ravi Singh,P5057,Headphones,Electronics,North,Uttar Pradesh,1,2404.07,0.1,2163.66,1556.92,606.74,Credit Card,2025,5,May,Q2,28.042298697577255
O00437,2025-06-01,C0274,Meena Singh,P8699,Coffee Maker,Home & Kitchen,South,Tamil Nadu,5,6995.3,0.0,34976.5,27759.34,7217.16,Net Banking,2025,6,June,Q2,20.634311609223335
O00438,2026-02-08,C0265,Karthik Iyer,P4333,Desk,Furniture,North,Haryana,3,6742.19,0.05,19215.24,14333.41,4881.83,Cash,2026,2,February,Q1,25.406031878862816
O00439,2025-05-11,C0787,Arun Kumar,P8566,Dress,Clothing,North,Punjab,4,4247.23,0.05,16139.47,11040.8,5098.67,Credit Card,2025,5,May,Q2,31.591309999646832
O00440,2025-02-15,C0408,Ananya Kumar,P0649,Sofa,Furniture,West,Madhya Pradesh,1,12760.88,0.0,12760.88,8587.97,4172.91,Net Banking,2025,2,February,Q1,32.70080119866341
O00441,2025-12-02,C0811,Meena Rao,P0649,Sofa,Furniture,West,Gujarat,6,23092.62,0.1,124700.15,86769.39,37930.76,Debit Card,2025,12,December,Q4,30.41757367573335
O00442,2026-04-04,C1164,Meena Kumar,P1077,Skin Care Set,Beauty,West,Madhya Pradesh,5,4015.11,0.1,18068.0,13370.6,4697.4,Net Banking,2026,4,April,Q2,25.998450298870928
O00443,2026-04-02,C0791,Arun Sharma,P3727,Monitor,Electronics,North,Rajasthan,4,26996.25,0.15,91787.25,64082.82,27704.43,Credit Card,2026,4,April,Q2,30.183309773416244
O00444,2026-05-24,C0278,Priya Singh,P5533,Shampoo,Beauty,North,Rajasthan,3,814.13,0.05,2320.27,1452.53,867.74,Debit Card,2026,5,May,Q2,37.39823382623574
O00445,2025-12-23,C1093,Rahul Rao,P6266,Bookshelf,Furniture,West,Goa,5,9212.74,0.1,41457.33,30366.57,11090.76,Net Banking,2025,12,December,Q4,26.75222934038444
O00446,2026-02-09,C0422,Sneha Rao,P4636,Smartphone,Electronics,West,Maharashtra,5,38463.63,0.2,153854.52,115793.81,38060.71,Cash,2026,2,February,Q1,24.738116241238803
O00447,2025-08-26,C0634,Arun Kumar,P1796,Mouse,Electronics,North,Punjab,3,1187.22,0.1,3205.49,2293.4,912.09,Cash,2025,8,August,Q3,28.453996112918777
O00448,2025-04-16,C1156,Priya Das,P4636,Smartphone,Electronics,West,Maharashtra,3,61362.38,0.1,165678.43,119621.83,46056.6,Net Banking,2025,4,April,Q2,27.798790705585514
O00449,2025-01-02,C0636,Karthik Singh,P1101,T-Shirt,Clothing,North,Haryana,2,1519.72,0.05,2887.47,2211.4,676.07,Credit Card,2025,1,January,Q1,23.41392291521644
O00450,2025-08-24,C0216,Vijay Iyer,P4333,Desk,Furniture,South,Andhra Pradesh,1,11557.68,0.1,10401.91,6124.76,4277.15,Cash,2025,8,August,Q3,41.11889066527205
O00451,2026-01-10,C1075,Priya Reddy,P4636,Smartphone,Electronics,South,Tamil Nadu,3,22013.94,0.2,52833.46,37211.79,15621.67,Net Banking,2026,1,January,Q1,29.56775876499476
O00452,2026-03-19,C0825,Divya Rao,P1796,Mouse,Electronics,West,Madhya Pradesh,3,1063.92,0.15,2713.0,1819.66,893.34,Credit Card,2026,3,March,Q1,32.92812384813859
O00453,2025-02-26,C0576,Vijay Nair,P7291,Jacket,Clothing,South,Telangana,1,6188.77,0.05,5879.33,4005.06,1874.27,Credit Card,2025,2,February,Q1,31.878972604021204
O00454,2026-02-06,C0309,Meena Iyer,P7291,Jacket,Clothing,South,Telangana,4,6964.98,0.15,23680.93,16944.03,6736.9,UPI,2026,2,February,Q1,28.44862934014838
O00455,2025-02-11,C0862,Rahul Rao,P1101,T-Shirt,Clothing,West,Maharashtra,7,697.81,0.0,4884.67,2945.23,1939.44,Credit Card,2025,2,February,Q1,39.70462692464384
O00456,2026-06-14,C1037,Rahul Patel,P4870,Smartwatch,Electronics,East,West Bengal,2,10487.23,0.0,20974.46,15949.5,5024.96,Credit Card,2026,6,June,Q2,23.957517857432325
O00457,2026-04-30,C0639,Karthik Iyer,P3727,Monitor,Electronics,West,Gujarat,2,26869.99,0.05,51052.98,30042.21,21010.77,Cash,2026,4,April,Q2,41.15483562369914
O00458,2026-02-01,C0845,Ravi Das,P8699,Coffee Maker,Home & Kitchen,West,Gujarat,6,4822.69,0.0,28936.14,23094.46,5841.68,Cash,2026,2,February,Q1,20.18817990236431
O00459,2025-01-11,C0421,Vijay Das,P6547,Shoes,Clothing,West,Maharashtra,5,1910.2,0.2,7640.8,4815.11,2825.69,Debit Card,2025,1,January,Q1,36.98159878546749
O00460,2025-09-12,C0874,Ravi Rao,P5057,Headphones,Electronics,North,Rajasthan,5,4459.54,0.0,22297.7,15637.1,6660.6,Net Banking,2025,9,September,Q3,29.87124232544164
O00461,2025-11-08,C0878,Priya Iyer,P7050,Makeup Kit,Beauty,South,Kerala,2,2503.66,0.15,4256.22,2569.97,1686.25,Cash,2025,11,November,Q4,39.61848776613991
O00462,2025-07-19,C0377,Ananya Das,P1101,T-Shirt,Clothing,East,Bihar,5,880.83,0.05,4183.94,2732.44,1451.5,Cash,2025,7,July,Q3,34.69218009818496
O00463,2025-10-08,C0101,Rahul Verma,P7050,Makeup Kit,Beauty,North,Punjab,5,3916.97,0.1,17626.36,12518.55,5107.81,UPI,2025,10,October,Q4,28.978246217596826
O00464,2026-03-01,C1052,Meena Singh,P1600,Office Chair,Furniture,South,Kerala,5,7694.04,0.05,36546.69,27018.9,9527.79,UPI,2026,3,March,Q1,26.07018583625494
O00465,2025-06-19,C0561,Ananya Iyer,P6266,Bookshelf,Furniture,West,Gujarat,6,3236.09,0.05,18445.71,13289.6,5156.11,Credit Card,2025,6,June,Q2,27.95289528025758
O00466,2026-01-15,C0911,Divya Singh,P5533,Shampoo,Beauty,North,Delhi,3,897.17,0.0,2691.51,2118.52,572.99,Cash,2026,1,January,Q1,21.288793279608843
O00467,2026-04-14,C1108,Vijay Das,P1796,Mouse,Electronics,North,Uttar Pradesh,5,1156.28,0.05,5492.33,4316.34,1175.99,Net Banking,2026,4,April,Q2,21.411495667594625
O00468,2026-02-24,C0019,Vijay Verma,P3693,Keyboard,Electronics,South,Andhra Pradesh,4,1023.8,0.05,3890.44,3022.6,867.84,Credit Card,2026,2,February,Q1,22.30698841262171
O00469,2025-08-19,C1152,Rahul Das,P1600,Office Chair,Furniture,East,Odisha,1,13946.62,0.05,13249.29,8270.64,4978.65,Net Banking,2025,8,August,Q3,37.57673052669237
O00470,2025-03-10,C1195,Rahul Singh,P9685,Laptop,Electronics,South,Andhra Pradesh,2,55315.4,0.1,99567.72,79095.91,20471.81,Net Banking,2025,3,March,Q1,20.56068974964979
O00471,2026-01-13,C0897,Vijay Rao,P7780,Vacuum Cleaner,Home & Kitchen,South,Tamil Nadu,3,12995.91,0.15,33139.57,26872.68,6266.89,Cash,2026,1,January,Q1,18.910595400000666
O00472,2025-06-05,C1081,Rahul Kumar,P1600,Office Chair,Furniture,South,Telangana,1,12020.59,0.15,10217.5,6888.07,3329.43,Debit Card,2025,6,June,Q2,32.58556398336188
O00473,2025-02-24,C0109,Priya Das,P8699,Coffee Maker,Home & Kitchen,South,Andhra Pradesh,7,7846.62,0.05,52180.02,33504.3,18675.72,UPI,2025,2,February,Q1,35.790940670394534
O00474,2026-05-24,C0504,Vijay Reddy,P0790,Face Cream,Beauty,West,Goa,7,1195.8,0.15,7115.01,5472.64,1642.37,Debit Card,2026,5,May,Q2,23.08317205457195
O00475,2025-01-19,C0758,Vijay Kumar,P1796,Mouse,Electronics,West,Goa,7,1454.68,0.0,10182.76,8294.77,1887.99,Net Banking,2025,1,January,Q1,18.541043882012342
O00476,2025-10-12,C0014,Karthik Sharma,P3727,Monitor,Electronics,South,Karnataka,2,29795.99,0.1,53632.78,35882.14,17750.64,Debit Card,2025,10,October,Q4,33.096624862630655
O00477,2025-12-01,C0271,Sneha Patel,P9685,Laptop,Electronics,South,Tamil Nadu,6,78899.35,0.05,449726.3,336987.83,112738.47,Net Banking,2025,12,December,Q4,25.068240394213102
O00478,2026-06-06,C1120,Vijay Reddy,P9685,Laptop,Electronics,South,Karnataka,2,80343.93,0.0,160687.86,120462.79,40225.07,Debit Card,2026,6,June,Q2,25.033048545173237
O00479,2025-03-23,C1186,Vijay Singh,P5057,Headphones,Electronics,East,Odisha,2,2619.25,0.05,4976.58,3580.61,1395.97,UPI,2025,3,March,Q1,28.050789899891093
O00480,2025-06-28,C0158,Divya Iyer,P1796,Mouse,Electronics,East,West Bengal,4,1239.77,0.15,4215.22,2607.33,1607.89,Cash,2025,6,June,Q2,38.144865511171425
O00481,2025-03-09,C0001,Vijay Verma,P1796,Mouse,Electronics,West,Maharashtra,7,1676.65,0.05,11149.72,6981.31,4168.41,Cash,2025,3,March,Q1,37.38578188510564
O00482,2026-03-26,C0122,Arun Singh,P0899,Perfume,Beauty,North,Uttar Pradesh,7,3629.51,0.1,22865.91,16595.11,6270.8,Credit Card,2026,3,March,Q1,27.42423109336125
O00483,2025-02-14,C0418,Ananya Sharma,P3693,Keyboard,Electronics,West,Gujarat,5,2679.41,0.0,13397.05,8200.42,5196.63,Credit Card,2025,2,February,Q1,38.789360344254895
O00484,2025-11-28,C1028,Meena Iyer,P5057,Headphones,Electronics,North,Delhi,1,4128.34,0.1,3715.51,2799.19,916.32,UPI,2025,11,November,Q4,24.66202486334312
O00485,2025-10-04,C0152,Rahul Patel,P7087,Tablet,Electronics,North,Uttar Pradesh,4,18766.45,0.0,75065.8,49247.44,25818.36,Cash,2025,10,October,Q4,34.39430472998356
O00486,2025-11-20,C0667,Ananya Kumar,P2376,Dining Table,Furniture,West,Maharashtra,4,16446.52,0.0,65786.08,49232.7,16553.38,UPI,2025,11,November,Q4,25.162435579076913
O00487,2025-12-14,C0534,Vijay Patel,P6993,Air Fryer,Home & Kitchen,West,Gujarat,3,10436.78,0.2,25048.27,19997.0,5051.27,Net Banking,2025,12,December,Q4,20.1661432106888
O00488,2026-05-08,C0970,Arun Verma,P5057,Headphones,Electronics,West,Madhya Pradesh,6,7337.3,0.05,41822.61,29019.22,12803.39,Net Banking,2026,5,May,Q2,30.613560464064772
O00489,2025-07-03,C0162,Rahul Nair,P8566,Dress,Clothing,North,Uttar Pradesh,7,1931.43,0.05,12844.01,8405.85,4438.16,UPI,2025,7,July,Q3,34.554317537902875
O00490,2026-03-17,C0396,Vijay Iyer,P3727,Monitor,Electronics,South,Tamil Nadu,1,18556.59,0.0,18556.59,12117.26,6439.33,Credit Card,2026,3,March,Q1,34.70104151678729
O00491,2025-12-01,C0049,Divya Kumar,P7050,Makeup Kit,Beauty,West,Maharashtra,6,3746.42,0.05,21354.59,16607.45,4747.14,Net Banking,2025,12,December,Q4,22.23006857073819
O00492,2026-04-24,C0688,Priya Iyer,P5533,Shampoo,Beauty,South,Kerala,1,303.22,0.1,272.9,190.28,82.62,Credit Card,2026,4,April,Q2,30.274825943569077
O00493,2026-04-09,C0181,Vijay Singh,P1101,T-Shirt,Clothing,South,Andhra Pradesh,5,412.92,0.0,2064.6,1221.9,842.7,Credit Card,2026,4,April,Q2,40.8166230746876
O00494,2026-03-29,C0224,Meena Patel,P5533,Shampoo,Beauty,East,Odisha,1,1132.35,0.15,962.5,597.66,364.84,Cash,2026,3,March,Q1,37.90545454545454
O00495,2026-01-07,C0993,Karthik Iyer,P2376,Dining Table,Furniture,West,Gujarat,7,17390.12,0.0,121730.84,73285.21,48445.63,Credit Card,2026,1,January,Q1,39.79733484135984
O00496,2025-10-18,C0897,Ravi Reddy,P5533,Shampoo,Beauty,West,Goa,4,239.95,0.05,911.81,709.69,202.12,Cash,2025,10,October,Q4,22.166898805672236
O00497,2025-09-15,C0010,Priya Singh,P9007,Jeans,Clothing,North,Rajasthan,6,3321.85,0.05,18934.54,15134.95,3799.59,Debit Card,2025,9,September,Q3,20.06697812568988
O00498,2025-12-12,C1050,Sneha Das,P4333,Desk,Furniture,West,Madhya Pradesh,6,18338.72,0.0,110032.32,64133.47,45898.85,Debit Card,2025,12,December,Q4,41.713970949626436
O00499,2025-07-27,C0438,Ananya Rao,P1077,Skin Care Set,Beauty,North,Rajasthan,2,3778.35,0.0,7556.7,6083.44,1473.26,UPI,2025,7,July,Q3,19.496076329614777
O00500,2025-07-19,C0853,Sneha Singh,P8566,Dress,Clothing,East,Bihar,2,3423.01,0.1,6161.42,4352.99,1808.43,UPI,2025,7,July,Q3,29.350863924225262
O00501,2026-01-29,C1108,Ananya Das,P4636,Smartphone,Electronics,North,Uttar Pradesh,6,62546.42,0.05,356514.59,217462.78,139051.81,Cash,2026,1,January,Q1,39.0031190588862
O00502,2025-01-14,C1097,Ravi Nair,P1796,Mouse,Electronics,East,West Bengal,5,469.18,0.1,2111.31,1541.59,569.72,Cash,2025,1,January,Q1,26.98419464692537
O00503,2026-01-24,C0676,Ravi Rao,P8699,Coffee Maker,Home & Kitchen,East,Odisha,6,4793.6,0.1,25885.44,18863.74,7021.7,Credit Card,2026,1,January,Q1,27.126060055382485
O00504,2025-05-05,C0314,Ananya Das,P1101,T-Shirt,Clothing,West,Maharashtra,2,406.19,0.1,731.14,566.05,165.09,Net Banking,2025,5,May,Q2,22.579806876931915
O00505,2025-07-28,C0628,Ravi Patel,P0649,Sofa,Furniture,North,Rajasthan,6,41433.74,0.0,248602.44,181254.64,67347.8,Net Banking,2025,7,July,Q3,27.09056274749355
O00506,2026-06-20,C0540,Divya Nair,P0790,Face Cream,Beauty,South,Karnataka,3,1251.19,0.0,3753.57,2318.29,1435.28,UPI,2026,6,June,Q2,38.23773101340856
O00507,2025-04-25,C0397,Meena Sharma,P1600,Office Chair,Furniture,East,West Bengal,2,7774.85,0.05,14772.22,10569.56,4202.66,Debit Card,2025,4,April,Q2,28.449752305340702
O00508,2025-01-07,C0176,Priya Verma,P0649,Sofa,Furniture,East,West Bengal,7,18412.48,0.2,103109.89,71010.96,32098.93,Cash,2025,1,January,Q1,31.130796473548756
O00509,2025-01-01,C1136,Ananya Singh,P5057,Headphones,Electronics,North,Haryana,1,7405.49,0.1,6664.94,4686.67,1978.27,Net Banking,2025,1,January,Q1,29.68173757003064
O00510,2025-04-19,C0068,Divya Singh,P3693,Keyboard,Electronics,South,Telangana,5,1409.22,0.0,7046.1,4705.5,2340.6,Credit Card,2025,4,April,Q2,33.21837612296164
O00511,2025-02-08,C0785,Rahul Verma,P6547,Shoes,Clothing,South,Kerala,7,5959.8,0.0,41718.6,31123.19,10595.41,Debit Card,2025,2,February,Q1,25.397328769421794
O00512,2026-05-10,C0755,Ravi Patel,P9007,Jeans,Clothing,East,Odisha,3,3266.51,0.05,9309.55,6808.56,2500.99,Cash,2026,5,May,Q2,26.864778641287714
O00513,2026-05-21,C1195,Arun Das,P9685,Laptop,Electronics,East,Odisha,5,62179.97,0.1,279809.86,194126.01,85683.85,Credit Card,2026,5,May,Q2,30.622169640483726
O00514,2025-01-29,C0921,Ananya Nair,P9685,Laptop,Electronics,West,Gujarat,2,55843.65,0.05,106102.94,77499.79,28603.15,UPI,2025,1,January,Q1,26.957924068833535
O00515,2025-03-16,C0626,Meena Reddy,P1796,Mouse,Electronics,West,Goa,5,1906.95,0.15,8104.54,5045.6,3058.94,UPI,2025,3,March,Q1,37.74353633889154
O00516,2026-04-07,C0520,Priya Das,P8699,Coffee Maker,Home & Kitchen,West,Madhya Pradesh,6,9913.68,0.05,56507.98,33612.24,22895.74,UPI,2026,4,April,Q2,40.51771094985169
O00517,2025-04-24,C0474,Ravi Verma,P3693,Keyboard,Electronics,South,Karnataka,2,2417.56,0.05,4593.36,3231.41,1361.95,Debit Card,2025,4,April,Q2,29.65040841562604
O00518,2025-11-07,C0809,Priya Sharma,P3727,Monitor,Electronics,South,Kerala,5,26701.86,0.05,126833.83,95132.99,31700.84,Debit Card,2025,11,November,Q4,24.993994110246454
O00519,2025-10-13,C0397,Rahul Rao,P4333,Desk,Furniture,South,Karnataka,1,21321.14,0.05,20255.08,15619.38,4635.7,Credit Card,2025,10,October,Q4,22.88660424940311
O00520,2026-04-29,C0986,Priya Das,P7050,Makeup Kit,Beauty,West,Goa,4,964.88,0.0,3859.52,3047.66,811.86,Debit Card,2026,4,April,Q2,21.035258270458502
O00521,2025-09-12,C0825,Ravi Patel,P6266,Bookshelf,Furniture,South,Kerala,4,9315.04,0.1,33534.14,22213.37,11320.77,Debit Card,2025,9,September,Q3,33.75893939728289
O00522,2025-01-26,C0682,Vijay Verma,P4870,Smartwatch,Electronics,North,Haryana,1,9361.75,0.1,8425.58,5358.03,3067.55,Credit Card,2025,1,January,Q1,36.4075826233921
O00523,2025-04-16,C0133,Ananya Kumar,P4870,Smartwatch,Electronics,West,Maharashtra,3,9445.33,0.05,26919.19,16932.75,9986.44,Credit Card,2025,4,April,Q2,37.097847297782735
O00524,2026-02-26,C0678,Meena Nair,P1600,Office Chair,Furniture,South,Kerala,2,12000.41,0.05,22800.78,14276.84,8523.94,Net Banking,2026,2,February,Q1,37.384422813605504
O00525,2025-05-30,C1123,Ananya Patel,P3693,Keyboard,Electronics,North,Punjab,7,2662.99,0.0,18640.93,14972.11,3668.82,Net Banking,2025,5,May,Q2,19.681528764927503
O00526,2025-09-08,C0898,Ravi Sharma,P2376,Dining Table,Furniture,South,Andhra Pradesh,3,33180.26,0.0,99540.78,66860.84,32679.94,Credit Card,2025,9,September,Q3,32.83070516425529
O00527,2026-02-07,C0133,Rahul Verma,P0790,Face Cream,Beauty,South,Tamil Nadu,6,993.42,0.2,4768.42,2771.26,1997.16,Net Banking,2026,2,February,Q1,41.883055603323534
O00528,2025-10-24,C0944,Sneha Patel,P1077,Skin Care Set,Beauty,South,Telangana,6,4609.59,0.1,24891.79,15704.22,9187.57,Debit Card,2025,10,October,Q4,36.9100414232966
O00529,2025-12-17,C0064,Rahul Sharma,P6547,Shoes,Clothing,South,Karnataka,7,5990.29,0.15,35642.23,24162.05,11480.18,Net Banking,2025,12,December,Q4,32.209488575770926
O00530,2025-10-31,C0858,Priya Verma,P3693,Keyboard,Electronics,South,Karnataka,6,4009.85,0.15,20450.23,13826.11,6624.12,Credit Card,2025,10,October,Q4,32.391420536590545
O00531,2025-12-22,C0639,Sneha Rao,P1796,Mouse,Electronics,South,Tamil Nadu,4,960.59,0.15,3266.01,2064.46,1201.55,Net Banking,2025,12,December,Q4,36.789538305149094
O00532,2025-03-10,C0962,Sneha Kumar,P7087,Tablet,Electronics,South,Tamil Nadu,7,30064.2,0.0,210449.4,170566.72,39882.68,Debit Card,2025,3,March,Q1,18.9511968197581
O00533,2026-06-23,C0101,Karthik Rao,P4636,Smartphone,Electronics,East,Bihar,5,62805.87,0.15,266924.95,200537.91,66387.04,Net Banking,2026,6,June,Q2,24.871050832827727
O00534,2026-06-21,C0454,Ravi Verma,P4636,Smartphone,Electronics,North,Punjab,3,48468.08,0.0,145404.24,114778.43,30625.81,Cash,2026,6,June,Q2,21.062528850602984
O00535,2026-01-06,C0261,Priya Reddy,P1101,T-Shirt,Clothing,West,Gujarat,7,679.8,0.15,4044.81,3139.89,904.92,Net Banking,2026,1,January,Q1,22.372373486022827
O00536,2026-04-17,C0200,Sneha Sharma,P1077,Skin Care Set,Beauty,West,Maharashtra,4,3640.49,0.0,14561.96,9906.74,4655.22,Net Banking,2026,4,April,Q2,31.968361401899198
O00537,2025-09-13,C0649,Sneha Sharma,P9685,Laptop,Electronics,South,Andhra Pradesh,7,58034.97,0.1,365620.31,243304.28,122316.03,Credit Card,2025,9,September,Q3,33.454386054210175
O00538,2025-11-21,C0978,Arun Sharma,P1101,T-Shirt,Clothing,South,Tamil Nadu,7,926.83,0.0,6487.81,4213.14,2274.67,Debit Card,2025,11,November,Q4,35.06067532803828
O00539,2026-06-25,C1103,Arun Kumar,P4636,Smartphone,Electronics,West,Gujarat,1,27008.55,0.05,25658.12,17107.73,8550.39,Credit Card,2026,6,June,Q2,33.32430435277409
O00540,2025-06-07,C0589,Priya Iyer,P6547,Shoes,Clothing,East,Bihar,6,5264.57,0.15,26849.31,18172.82,8676.49,UPI,2025,6,June,Q2,32.31550456976361
O00541,2026-06-15,C0613,Priya Singh,P0790,Face Cream,Beauty,South,Karnataka,1,415.57,0.0,415.57,335.71,79.86,Debit Card,2026,6,June,Q2,19.216979088962148
O00542,2025-08-10,C1018,Sneha Patel,P8699,Coffee Maker,Home & Kitchen,South,Karnataka,1,7542.71,0.05,7165.57,4634.31,2531.26,UPI,2025,8,August,Q3,35.325312571086464
O00543,2026-02-08,C0437,Ananya Patel,P6266,Bookshelf,Furniture,West,Maharashtra,4,9870.72,0.05,37508.74,26829.89,10678.85,Net Banking,2026,2,February,Q1,28.470297855913053
O00544,2025-01-26,C0814,Meena Nair,P8699,Coffee Maker,Home & Kitchen,West,Gujarat,3,9294.34,0.0,27883.02,17366.79,10516.23,Cash,2025,1,January,Q1,37.715534400506115
O00545,2025-01-24,C0025,Divya Sharma,P4870,Smartwatch,Electronics,East,Odisha,6,6681.01,0.1,36077.45,26630.08,9447.37,Cash,2025,1,January,Q1,26.186357406080536
O00546,2025-02-22,C0433,Vijay Singh,P3067,Cookware Set,Home & Kitchen,South,Karnataka,6,3660.42,0.0,21962.52,14238.78,7723.74,Net Banking,2025,2,February,Q1,35.16782227176116
O00547,2025-12-30,C0388,Ananya Sharma,P5057,Headphones,Electronics,South,Andhra Pradesh,6,8083.95,0.15,41228.14,28526.98,12701.16,Credit Card,2025,12,December,Q4,30.80701676088225
O00548,2025-05-19,C1022,Priya Reddy,P5057,Headphones,Electronics,West,Goa,2,7950.99,0.15,13516.68,9720.45,3796.23,Cash,2025,5,May,Q2,28.085521000719112
O00549,2025-03-19,C0295,Ravi Das,P1796,Mouse,Electronics,North,Haryana,2,2280.66,0.0,4561.32,3560.84,1000.48,Cash,2025,3,March,Q1,21.934001560951653
O00550,2025-05-31,C0846,Sneha Verma,P0899,Perfume,Beauty,North,Uttar Pradesh,1,4942.25,0.0,4942.25,3035.15,1907.1,UPI,2025,5,May,Q2,38.587687794020944
O00551,2026-05-27,C0214,Rahul Singh,P1600,Office Chair,Furniture,North,Punjab,4,6366.51,0.05,24192.74,17477.78,6714.96,UPI,2026,5,May,Q2,27.75609542366842
O00552,2026-03-04,C0850,Sneha Das,P0649,Sofa,Furniture,South,Karnataka,6,41744.34,0.15,212896.13,158833.83,54062.3,UPI,2026,3,March,Q1,25.39374482758329
O00553,2025-11-09,C0380,Vijay Iyer,P7050,Makeup Kit,Beauty,East,Jharkhand,5,4188.16,0.1,18846.72,11340.08,7506.64,Net Banking,2025,11,November,Q4,39.82995449606086
O00554,2025-07-25,C0118,Karthik Nair,P5533,Shampoo,Beauty,North,Punjab,4,550.71,0.1,1982.56,1532.04,450.52,Credit Card,2025,7,July,Q3,22.72415462835929
O00555,2025-01-07,C0476,Karthik Sharma,P4636,Smartphone,Electronics,West,Madhya Pradesh,6,64338.91,0.1,347430.11,234048.81,113381.3,Cash,2025,1,January,Q1,32.63427571087607
O00556,2026-01-02,C0380,Sneha Patel,P3727,Monitor,Electronics,North,Uttar Pradesh,7,27773.43,0.15,165251.91,99607.87,65644.04,Credit Card,2026,1,January,Q1,39.72361953335365
O00557,2025-10-31,C0816,Meena Verma,P9667,Mixer Grinder,Home & Kitchen,North,Delhi,4,3094.27,0.1,11139.37,8845.21,2294.16,Debit Card,2025,10,October,Q4,20.595060582420725
O00558,2025-11-20,C0213,Arun Rao,P1796,Mouse,Electronics,North,Uttar Pradesh,3,2614.0,0.0,7842.0,6382.94,1459.06,Debit Card,2025,11,November,Q4,18.60571282836011
O00559,2025-08-09,C0713,Priya Kumar,P7050,Makeup Kit,Beauty,East,Odisha,2,2904.38,0.1,5227.88,3352.95,1874.93,Cash,2025,8,August,Q3,35.86405961881298
O00560,2025-05-07,C0155,Arun Singh,P6547,Shoes,Clothing,West,Goa,1,3333.32,0.0,3333.32,2015.32,1318.0,UPI,2025,5,May,Q2,39.540158160632636
O00561,2026-01-11,C0437,Ananya Singh,P9685,Laptop,Electronics,West,Gujarat,2,81437.52,0.05,154731.29,92835.96,61895.33,Credit Card,2026,1,January,Q1,40.001818636682984
O00562,2025-01-08,C0561,Ananya Nair,P7087,Tablet,Electronics,South,Karnataka,6,26109.56,0.0,156657.36,104504.21,52153.15,Cash,2025,1,January,Q1,33.291222321121715
O00563,2025-11-04,C1033,Arun Kumar,P9667,Mixer Grinder,Home & Kitchen,West,Maharashtra,5,6152.66,0.05,29225.14,17542.36,11682.78,Debit Card,2025,11,November,Q4,39.975103626535244
O00564,2025-10-03,C0969,Arun Verma,P1101,T-Shirt,Clothing,North,Punjab,3,1323.9,0.15,3375.94,2150.46,1225.48,UPI,2025,10,October,Q4,36.30040818260988
O00565,2025-02-22,C0056,Ananya Singh,P7780,Vacuum Cleaner,Home & Kitchen,South,Tamil Nadu,5,8721.64,0.0,43608.2,32045.79,11562.41,Debit Card,2025,2,February,Q1,26.514302355978923
O00566,2025-03-21,C0843,Sneha Kumar,P7780,Vacuum Cleaner,Home & Kitchen,East,West Bengal,2,14226.58,0.0,28453.16,20041.53,8411.63,Debit Card,2025,3,March,Q1,29.563078406756926
O00567,2025-08-28,C0233,Priya Iyer,P9007,Jeans,Clothing,North,Delhi,7,1068.74,0.05,7107.12,4531.92,2575.2,Net Banking,2025,8,August,Q3,36.234086380981324
O00568,2025-10-11,C0223,Sneha Kumar,P9007,Jeans,Clothing,West,Goa,4,3281.43,0.1,11813.15,7397.94,4415.21,Debit Card,2025,10,October,Q4,37.3753825186339
O00569,2025-01-31,C0363,Ananya Das,P8566,Dress,Clothing,East,Odisha,5,3120.21,0.0,15601.05,9972.15,5628.9,Debit Card,2025,1,January,Q1,36.08026382839616
O00570,2025-04-29,C1076,Arun Kumar,P1077,Skin Care Set,Beauty,North,Delhi,2,3103.35,0.1,5586.03,4378.17,1207.86,Cash,2025,4,April,Q2,21.622869909398982
O00571,2025-09-11,C0528,Arun Patel,P0790,Face Cream,Beauty,South,Andhra Pradesh,6,891.29,0.05,5080.35,3858.76,1221.59,Cash,2025,9,September,Q3,24.045390573484106
O00572,2025-03-20,C0688,Ravi Iyer,P1796,Mouse,Electronics,South,Kerala,2,2473.08,0.05,4698.85,3726.12,972.73,Cash,2025,3,March,Q1,20.701448226693763
O00573,2025-07-01,C0210,Sneha Verma,P3693,Keyboard,Electronics,South,Telangana,6,3240.46,0.1,17498.48,14102.15,3396.33,UPI,2025,7,July,Q3,19.409285835112534
O00574,2025-05-13,C0221,Ananya Reddy,P6547,Shoes,Clothing,North,Punjab,3,4352.71,0.0,13058.13,8025.01,5033.12,Credit Card,2025,5,May,Q2,38.54395690654022
O00575,2025-02-23,C0967,Meena Kumar,P0790,Face Cream,Beauty,West,Gujarat,6,746.46,0.15,3806.95,2382.76,1424.19,UPI,2025,2,February,Q1,37.41026280881021
O00576,2025-07-31,C0128,Arun Rao,P3067,Cookware Set,Home & Kitchen,South,Andhra Pradesh,3,6831.09,0.0,20493.27,14532.78,5960.49,Debit Card,2025,7,July,Q3,29.08510940420928
O00577,2025-08-16,C0267,Ananya Reddy,P9685,Laptop,Electronics,West,Madhya Pradesh,3,71411.89,0.1,192812.1,146711.57,46100.53,UPI,2025,8,August,Q3,23.909562729724946
O00578,2025-07-23,C0323,Priya Das,P3693,Keyboard,Electronics,South,Karnataka,3,2444.99,0.2,5867.98,3561.7,2306.28,Credit Card,2025,7,July,Q3,39.30279244305537
O00579,2025-10-22,C0396,Meena Iyer,P6266,Bookshelf,Furniture,South,Tamil Nadu,6,4762.99,0.05,27149.04,18637.5,8511.54,Cash,2025,10,October,Q4,31.35116379805695
O00580,2025-08-22,C0327,Arun Iyer,P1600,Office Chair,Furniture,West,Gujarat,2,15696.06,0.0,31392.12,23167.88,8224.24,Cash,2025,8,August,Q3,26.198421769539614
O00581,2026-06-19,C0344,Arun Sharma,P9667,Mixer Grinder,Home & Kitchen,South,Telangana,7,3090.7,0.15,18389.66,13448.97,4940.69,Credit Card,2026,6,June,Q2,26.866673989622424
O00582,2025-03-16,C0029,Priya Iyer,P9685,Laptop,Electronics,West,Madhya Pradesh,5,82232.52,0.1,370046.34,279944.22,90102.12,Net Banking,2025,3,March,Q1,24.348874792276014
O00583,2026-05-25,C0615,Rahul Reddy,P0790,Face Cream,Beauty,South,Telangana,3,1626.82,0.05,4636.44,3364.54,1271.9,Credit Card,2026,5,May,Q2,27.432685422436183
O00584,2025-06-14,C1177,Arun Kumar,P0790,Face Cream,Beauty,South,Tamil Nadu,3,623.06,0.1,1682.26,1278.63,403.63,UPI,2025,6,June,Q2,23.993318512001714
O00585,2025-02-21,C0718,Arun Iyer,P6547,Shoes,Clothing,South,Tamil Nadu,6,4823.68,0.2,23153.66,14763.62,8390.04,Net Banking,2025,2,February,Q1,36.236344491540436
O00586,2025-01-06,C1142,Karthik Iyer,P1796,Mouse,Electronics,West,Maharashtra,1,2343.53,0.1,2109.18,1452.31,656.87,Cash,2025,1,January,Q1,31.143382736418896
O00587,2026-02-17,C0275,Arun Sharma,P6547,Shoes,Clothing,North,Haryana,7,5394.21,0.1,33983.52,23279.9,10703.62,UPI,2026,2,February,Q1,31.49650183383005
O00588,2026-02-15,C0751,Rahul Kumar,P1600,Office Chair,Furniture,North,Haryana,6,9159.72,0.15,46714.57,27420.97,19293.6,Cash,2026,2,February,Q1,41.30103306099146
O00589,2025-06-26,C0448,Ravi Verma,P0790,Face Cream,Beauty,North,Uttar Pradesh,2,430.96,0.0,861.92,610.97,250.95,Cash,2025,6,June,Q2,29.11523111193614
O00590,2025-06-04,C0805,Ananya Kumar,P1796,Mouse,Electronics,West,Maharashtra,6,1779.1,0.1,9607.14,6932.91,2674.23,Credit Card,2025,6,June,Q2,27.835859579437795
O00591,2025-06-25,C1130,Arun Singh,P4870,Smartwatch,Electronics,North,Haryana,2,15021.39,0.1,27038.5,19289.51,7748.99,Debit Card,2025,6,June,Q2,28.659097213232982
O00592,2025-05-21,C0184,Sneha Verma,P9667,Mixer Grinder,Home & Kitchen,North,Punjab,7,6317.9,0.0,44225.3,30424.93,13800.37,Debit Card,2025,5,May,Q2,31.20469505011837
O00593,2025-02-25,C0628,Meena Reddy,P7291,Jacket,Clothing,South,Telangana,7,6439.64,0.05,42823.61,26872.7,15950.91,Credit Card,2025,2,February,Q1,37.247934025179106
O00594,2025-03-25,C0839,Ananya Rao,P4333,Desk,Furniture,North,Punjab,5,10923.54,0.1,49155.93,33723.17,15432.76,Credit Card,2025,3,March,Q1,31.395520337017324
O00595,2026-04-16,C0396,Ananya Singh,P2376,Dining Table,Furniture,South,Andhra Pradesh,2,29402.7,0.05,55865.13,41068.0,14797.13,Cash,2026,4,April,Q2,26.487238103625643
O00596,2025-11-07,C0664,Ananya Rao,P4870,Smartwatch,Electronics,East,Jharkhand,2,10677.48,0.1,19219.46,12222.9,6996.56,Debit Card,2025,11,November,Q4,36.403520182148725
O00597,2025-06-14,C0939,Rahul Singh,P5057,Headphones,Electronics,North,Punjab,2,9733.42,0.0,19466.84,14453.92,5012.92,Credit Card,2025,6,June,Q2,25.751072079495184
O00598,2026-01-20,C0106,Priya Kumar,P3067,Cookware Set,Home & Kitchen,North,Punjab,6,1954.13,0.0,11724.78,7439.72,4285.06,Credit Card,2026,1,January,Q1,36.54703968859117
O00599,2025-12-06,C0168,Divya Verma,P0790,Face Cream,Beauty,North,Uttar Pradesh,1,929.94,0.0,929.94,568.48,361.46,UPI,2025,12,December,Q4,38.86917435533475
O00600,2025-08-27,C0784,Arun Patel,P4870,Smartwatch,Electronics,South,Telangana,5,16277.25,0.1,73247.62,43101.66,30145.96,Credit Card,2025,8,August,Q3,41.15623142431112
O00601,2026-01-16,C0239,Divya Sharma,P8699,Coffee Maker,Home & Kitchen,East,Odisha,3,9500.91,0.05,27077.59,16751.18,10326.41,Cash,2026,1,January,Q1,38.136370334287506
O00602,2026-02-06,C0706,Arun Rao,P8699,Coffee Maker,Home & Kitchen,East,Jharkhand,3,8424.81,0.1,22746.99,17852.56,4894.43,Credit Card,2026,2,February,Q1,21.51682486342149
O00603,2026-01-28,C0441,Karthik Verma,P1077,Skin Care Set,Beauty,South,Karnataka,2,3700.97,0.05,7031.84,4224.38,2807.46,Cash,2026,1,January,Q1,39.92496985141869
O00604,2025-06-11,C0893,Arun Kumar,P1600,Office Chair,Furniture,East,Jharkhand,3,12226.48,0.0,36679.44,29835.25,6844.19,Net Banking,2025,6,June,Q2,18.659472445598947
O00605,2026-02-24,C1052,Divya Reddy,P6547,Shoes,Clothing,West,Madhya Pradesh,4,3263.19,0.05,12400.12,9384.79,3015.33,Net Banking,2026,2,February,Q1,24.316942094108764
O00606,2025-04-16,C0277,Arun Singh,P4636,Smartphone,Electronics,South,Tamil Nadu,4,52274.29,0.15,177732.59,143126.75,34605.84,Cash,2025,4,April,Q2,19.470734095530815
O00607,2025-12-20,C1089,Arun Das,P0790,Face Cream,Beauty,North,Punjab,7,692.65,0.2,3878.84,2540.96,1337.88,Debit Card,2025,12,December,Q4,34.4917552670386
O00608,2025-04-09,C0457,Meena Nair,P4636,Smartphone,Electronics,North,Delhi,5,44547.55,0.0,222737.75,134520.96,88216.79,UPI,2025,4,April,Q2,39.60567528405041
O00609,2025-05-10,C0356,Ananya Rao,P1101,T-Shirt,Clothing,South,Andhra Pradesh,1,1196.42,0.15,1016.96,785.13,231.83,Credit Card,2025,5,May,Q2,22.796373505349276
O00610,2025-05-10,C0912,Arun Das,P0899,Perfume,Beauty,South,Kerala,2,1082.74,0.1,1948.93,1560.01,388.92,Net Banking,2025,5,May,Q2,19.955565361506057
O00611,2025-06-15,C0299,Divya Singh,P1796,Mouse,Electronics,West,Maharashtra,5,1937.51,0.1,8718.8,6616.33,2102.47,UPI,2025,6,June,Q2,24.11421296508694
O00612,2025-03-09,C0602,Vijay Kumar,P4333,Desk,Furniture,North,Uttar Pradesh,3,20625.81,0.0,61877.43,40745.15,21132.28,Debit Card,2025,3,March,Q1,34.15183856213808
O00613,2025-04-14,C0666,Sneha Reddy,P9667,Mixer Grinder,Home & Kitchen,West,Goa,1,8725.48,0.0,8725.48,6175.6,2549.88,Net Banking,2025,4,April,Q2,29.22337796889111
O00614,2025-05-24,C0681,Karthik Reddy,P4636,Smartphone,Electronics,South,Telangana,2,58228.48,0.05,110634.11,69288.1,41346.01,Credit Card,2025,5,May,Q2,37.37184671165159
O00615,2025-11-26,C0382,Meena Reddy,P9685,Laptop,Electronics,South,Karnataka,4,65746.57,0.0,262986.28,184720.62,78265.66,Net Banking,2025,11,November,Q4,29.760358601216762
O00616,2025-10-01,C0418,Arun Reddy,P8566,Dress,Clothing,East,Odisha,7,4226.83,0.0,29587.81,19433.7,10154.11,UPI,2025,10,October,Q4,34.31855889300357
O00617,2025-05-16,C0854,Arun Singh,P7087,Tablet,Electronics,West,Goa,1,34432.59,0.05,32710.96,26064.11,6646.85,Cash,2025,5,May,Q2,20.319947809541514
O00618,2025-10-03,C0948,Sneha Singh,P5533,Shampoo,Beauty,South,Karnataka,3,731.2,0.0,2193.6,1699.87,493.73,Debit Card,2025,10,October,Q4,22.50774981765135
O00619,2026-05-23,C0381,Ravi Singh,P3727,Monitor,Electronics,West,Maharashtra,4,14917.62,0.1,53703.43,42256.55,11446.88,Credit Card,2026,5,May,Q2,21.314988632942068
O00620,2025-10-02,C1101,Meena Das,P3727,Monitor,Electronics,South,Tamil Nadu,2,19456.92,0.05,36968.15,28645.59,8322.56,UPI,2025,10,October,Q4,22.512784653816865
O00621,2025-05-23,C0152,Priya Kumar,P6547,Shoes,Clothing,North,Delhi,3,3344.51,0.0,10033.53,7792.6,2240.93,Debit Card,2025,5,May,Q2,22.33441271416939
O00622,2025-11-03,C0850,Vijay Kumar,P7291,Jacket,Clothing,South,Karnataka,5,5234.44,0.05,24863.59,15607.95,9255.64,UPI,2025,11,November,Q4,37.225678190478526
O00623,2025-06-06,C1112,Ravi Patel,P7291,Jacket,Clothing,West,Maharashtra,2,4445.2,0.1,8001.36,5318.07,2683.29,UPI,2025,6,June,Q2,33.535423977923756
O00624,2025-02-24,C0628,Arun Reddy,P8699,Coffee Maker,Home & Kitchen,South,Telangana,3,3125.34,0.15,7969.62,5731.25,2238.37,UPI,2025,2,February,Q1,28.086282658395255
O00625,2025-02-18,C0731,Ravi Kumar,P4333,Desk,Furniture,West,Maharashtra,5,20335.37,0.05,96593.01,64759.29,31833.72,Debit Card,2025,2,February,Q1,32.956546234556725
O00626,2025-06-07,C0329,Meena Verma,P7780,Vacuum Cleaner,Home & Kitchen,South,Karnataka,7,12886.6,0.1,81185.58,47497.94,33687.64,UPI,2025,6,June,Q2,41.49461024975125
O00627,2025-02-21,C1075,Ravi Nair,P5533,Shampoo,Beauty,South,Andhra Pradesh,7,693.34,0.0,4853.38,3961.51,891.87,UPI,2025,2,February,Q1,18.376265612830643
O00628,2026-06-06,C0364,Priya Das,P7087,Tablet,Electronics,South,Tamil Nadu,7,30581.49,0.1,192663.39,130000.34,62663.05,UPI,2026,6,June,Q2,32.524627538215746
O00629,2026-05-26,C0689,Arun Kumar,P3693,Keyboard,Electronics,North,Uttar Pradesh,1,2624.55,0.15,2230.87,1455.96,774.91,Debit Card,2026,5,May,Q2,34.73577572875156
O00630,2025-05-24,C0257,Meena Rao,P4333,Desk,Furniture,West,Gujarat,1,23866.2,0.1,21479.58,15948.64,5530.94,Net Banking,2025,5,May,Q2,25.74975860794298
O00631,2026-02-03,C0074,Rahul Iyer,P1796,Mouse,Electronics,South,Kerala,1,434.86,0.0,434.86,353.76,81.1,Net Banking,2026,2,February,Q1,18.649680356896468
O00632,2025-11-20,C0346,Arun Iyer,P1101,T-Shirt,Clothing,North,Delhi,7,686.72,0.05,4566.69,3152.91,1413.78,Credit Card,2025,11,November,Q4,30.95852794912727
O00633,2025-01-11,C0778,Ravi Verma,P8566,Dress,Clothing,West,Goa,4,4024.02,0.05,15291.28,9027.37,6263.91,Credit Card,2025,1,January,Q1,40.96393500086323
O00634,2025-07-29,C1128,Karthik Iyer,P8566,Dress,Clothing,West,Goa,2,1764.84,0.05,3353.2,2336.01,1017.19,UPI,2025,7,July,Q3,30.334903972324945
O00635,2025-09-10,C0631,Rahul Sharma,P4870,Smartwatch,Electronics,North,Rajasthan,3,5464.8,0.1,14754.96,11773.57,2981.39,Cash,2025,9,September,Q3,20.206018857387615
O00636,2026-01-16,C0317,Sneha Reddy,P4333,Desk,Furniture,North,Rajasthan,3,13200.48,0.05,37621.37,22456.59,15164.78,UPI,2026,1,January,Q1,40.3089520663389
O00637,2026-04-11,C0838,Vijay Iyer,P4333,Desk,Furniture,South,Kerala,6,19770.78,0.15,100830.98,73637.09,27193.89,UPI,2026,4,April,Q2,26.969776550818015
O00638,2025-12-17,C1187,Sneha Reddy,P7087,Tablet,Electronics,South,Tamil Nadu,6,24405.12,0.1,131787.65,100790.36,30997.29,UPI,2025,12,December,Q4,23.520633382566576
O00639,2025-04-28,C0590,Rahul Reddy,P5057,Headphones,Electronics,West,Goa,4,4307.36,0.1,15506.5,9254.66,6251.84,Credit Card,2025,4,April,Q2,40.317544255634736
O00640,2025-03-14,C0860,Meena Nair,P7291,Jacket,Clothing,West,Maharashtra,5,4311.67,0.15,18324.6,12292.2,6032.4,Debit Card,2025,3,March,Q1,32.91968173930127
O00641,2025-06-05,C0492,Divya Rao,P4333,Desk,Furniture,West,Gujarat,5,9672.5,0.05,45944.38,35249.45,10694.93,Net Banking,2025,6,June,Q2,23.2779939570411
O00642,2025-11-19,C1113,Arun Reddy,P1600,Office Chair,Furniture,North,Delhi,2,16760.63,0.0,33521.26,25535.89,7985.37,UPI,2025,11,November,Q4,23.821807414160446
O00643,2026-05-18,C0271,Sneha Reddy,P1796,Mouse,Electronics,South,Telangana,2,2309.21,0.1,4156.58,3283.69,872.89,UPI,2026,5,May,Q2,21.00019727756954
O00644,2025-07-18,C0743,Sneha Sharma,P1077,Skin Care Set,Beauty,West,Madhya Pradesh,1,5335.24,0.0,5335.24,4188.28,1146.96,UPI,2025,7,July,Q3,21.49781453130506
O00645,2025-11-21,C0327,Ravi Rao,P7291,Jacket,Clothing,West,Madhya Pradesh,6,3126.95,0.15,15947.44,11340.76,4606.68,UPI,2025,11,November,Q4,28.88664262101002
O00646,2025-07-27,C1034,Ravi Verma,P0899,Perfume,Beauty,South,Andhra Pradesh,3,3692.29,0.0,11076.87,8428.21,2648.66,Credit Card,2025,7,July,Q3,23.91162846544195
O00647,2025-06-14,C0167,Meena Kumar,P7780,Vacuum Cleaner,Home & Kitchen,South,Karnataka,4,16094.14,0.15,54720.08,35221.59,19498.49,Debit Card,2025,6,June,Q2,35.633153314103346
O00648,2025-08-28,C0139,Ananya Kumar,P1600,Office Chair,Furniture,East,West Bengal,6,9427.5,0.05,53736.75,40773.71,12963.04,Net Banking,2025,8,August,Q3,24.123230377721022
O00649,2026-03-07,C0804,Priya Iyer,P4636,Smartphone,Electronics,East,Odisha,2,38218.27,0.15,64971.06,42383.84,22587.22,Cash,2026,3,March,Q1,34.76504769969891
O00650,2025-08-27,C0410,Arun Das,P9667,Mixer Grinder,Home & Kitchen,West,Maharashtra,7,7861.44,0.15,46775.57,37544.03,9231.54,UPI,2025,8,August,Q3,19.735815084669202
O00651,2025-09-25,C0902,Ravi Kumar,P0790,Face Cream,Beauty,West,Madhya Pradesh,1,1246.3,0.1,1121.67,891.72,229.95,Debit Card,2025,9,September,Q3,20.500682018775574
O00652,2026-03-10,C1169,Divya Kumar,P2376,Dining Table,Furniture,West,Madhya Pradesh,1,9095.81,0.15,7731.44,6029.89,1701.55,UPI,2026,3,March,Q1,22.008189936156782
O00653,2025-06-27,C0417,Vijay Singh,P1600,Office Chair,Furniture,South,Kerala,6,13193.32,0.2,63327.94,45953.18,17374.76,Credit Card,2025,6,June,Q2,27.436167985252634
O00654,2025-07-23,C0539,Ananya Rao,P1600,Office Chair,Furniture,North,Delhi,5,14203.19,0.0,71015.95,50963.75,20052.2,UPI,2025,7,July,Q3,28.2361920103864
O00655,2025-06-30,C1104,Vijay Singh,P7087,Tablet,Electronics,South,Telangana,3,17461.53,0.2,41907.67,25741.24,16166.43,Cash,2025,6,June,Q2,38.57630357402356
O00656,2026-05-08,C0117,Rahul Das,P1600,Office Chair,Furniture,South,Karnataka,6,4111.91,0.05,23437.89,16656.62,6781.27,Credit Card,2026,5,May,Q2,28.93293722259129
O00657,2025-05-02,C0662,Vijay Rao,P7087,Tablet,Electronics,South,Kerala,7,31725.82,0.05,210976.7,149740.0,61236.7,Net Banking,2025,5,May,Q2,29.02533786906326
O00658,2025-06-15,C0461,Priya Rao,P4870,Smartwatch,Electronics,South,Tamil Nadu,4,7119.89,0.05,27055.58,17629.44,9426.14,UPI,2025,6,June,Q2,34.83991102759578
O00659,2025-10-02,C0566,Sneha Reddy,P7087,Tablet,Electronics,West,Goa,2,35557.51,0.1,64003.52,46629.41,17374.11,UPI,2025,10,October,Q4,27.145553869537174
O00660,2026-02-21,C0688,Karthik Patel,P5533,Shampoo,Beauty,South,Telangana,1,1095.03,0.1,985.53,630.72,354.81,Credit Card,2026,2,February,Q1,36.00194819031384
O00661,2025-01-23,C0235,Divya Singh,P6547,Shoes,Clothing,North,Rajasthan,3,5859.21,0.0,17577.63,12714.04,4863.59,Credit Card,2025,1,January,Q1,27.669202275847198
O00662,2025-09-14,C0052,Priya Singh,P2376,Dining Table,Furniture,West,Maharashtra,3,12908.83,0.0,38726.49,29098.64,9627.85,Net Banking,2025,9,September,Q3,24.861148015221623
O00663,2025-02-20,C0620,Rahul Rao,P3727,Monitor,Electronics,North,Delhi,7,27645.33,0.1,174165.58,110050.05,64115.53,Net Banking,2025,2,February,Q1,36.81297418238437
O00664,2026-05-07,C0467,Ravi Kumar,P6266,Bookshelf,Furniture,East,Bihar,4,3710.38,0.1,13357.37,7988.17,5369.2,Credit Card,2026,5,May,Q2,40.19653569527534
O00665,2026-04-16,C0277,Karthik Das,P7291,Jacket,Clothing,North,Uttar Pradesh,2,4073.17,0.05,7739.02,5610.49,2128.53,UPI,2026,4,April,Q2,27.503869999043808
O00666,2026-03-27,C1171,Arun Reddy,P1796,Mouse,Electronics,North,Rajasthan,6,1988.49,0.0,11930.94,9501.17,2429.77,UPI,2026,3,March,Q1,20.365285551683268
O00667,2026-01-31,C0797,Karthik Reddy,P1600,Office Chair,Furniture,West,Gujarat,7,16126.56,0.1,101597.33,68637.13,32960.2,Net Banking,2026,1,January,Q1,32.44199429256655
O00668,2026-04-24,C0564,Priya Kumar,P0899,Perfume,Beauty,South,Karnataka,4,1048.56,0.1,3774.82,2415.54,1359.28,Credit Card,2026,4,April,Q2,36.00913421037294
O00669,2025-04-30,C0703,Ananya Iyer,P2376,Dining Table,Furniture,North,Uttar Pradesh,6,15336.1,0.0,92016.6,66699.21,25317.39,UPI,2025,4,April,Q2,27.513937702544972
O00670,2026-04-01,C0930,Karthik Kumar,P7050,Makeup Kit,Beauty,North,Uttar Pradesh,1,1106.15,0.1,995.54,803.53,192.01,Cash,2026,4,April,Q2,19.287020109689212
O00671,2026-04-19,C0528,Karthik Iyer,P4870,Smartwatch,Electronics,North,Uttar Pradesh,7,14429.45,0.05,95955.84,63431.86,32523.98,Credit Card,2026,4,April,Q2,33.8947374125431
O00672,2025-04-25,C0691,Sneha Sharma,P4636,Smartphone,Electronics,West,Gujarat,6,55100.83,0.1,297544.48,192145.29,105399.19,UPI,2025,4,April,Q2,35.42300297421078
O00673,2025-07-22,C0167,Divya Nair,P8566,Dress,Clothing,North,Rajasthan,2,4323.07,0.05,8213.83,6488.72,1725.11,Debit Card,2025,7,July,Q3,21.002504312847964
O00674,2026-05-05,C0892,Ravi Reddy,P9007,Jeans,Clothing,East,West Bengal,4,3057.07,0.1,11005.45,8880.98,2124.47,Credit Card,2026,5,May,Q2,19.303799481166145
O00675,2026-02-25,C0411,Divya Reddy,P1101,T-Shirt,Clothing,North,Delhi,2,1532.3,0.0,3064.6,2241.46,823.14,UPI,2026,2,February,Q1,26.859622789271032
O00676,2025-09-25,C0166,Ananya Sharma,P5057,Headphones,Electronics,South,Tamil Nadu,3,11475.08,0.1,30982.72,23225.03,7757.69,Cash,2025,9,September,Q3,25.038763543033017
O00677,2026-03-03,C0097,Rahul Das,P8566,Dress,Clothing,East,Jharkhand,6,1005.14,0.0,6030.84,4271.6,1759.24,UPI,2026,3,March,Q1,29.17072911899503
O00678,2025-05-03,C0518,Ravi Iyer,P4333,Desk,Furniture,West,Madhya Pradesh,5,19498.25,0.15,82867.56,50401.19,32466.37,Debit Card,2025,5,May,Q2,39.17862430123441
O00679,2025-01-25,C0680,Rahul Sharma,P3067,Cookware Set,Home & Kitchen,West,Goa,2,5397.42,0.15,9175.61,6026.94,3148.67,UPI,2025,1,January,Q1,34.3156476790099
O00680,2026-03-13,C1184,Ananya Reddy,P9667,Mixer Grinder,Home & Kitchen,South,Tamil Nadu,3,2754.01,0.1,7435.83,4403.08,3032.75,Net Banking,2026,3,March,Q1,40.78562850414816
O00681,2025-09-26,C0268,Ravi Patel,P0790,Face Cream,Beauty,East,West Bengal,3,788.3,0.1,2128.41,1424.95,703.46,UPI,2025,9,September,Q3,33.050962925376226
O00682,2025-01-29,C1197,Arun Nair,P4333,Desk,Furniture,West,Madhya Pradesh,2,22727.37,0.15,38636.53,30595.02,8041.51,Credit Card,2025,1,January,Q1,20.813230380678597
O00683,2025-05-18,C0695,Karthik Reddy,P7291,Jacket,Clothing,North,Delhi,1,4475.77,0.0,4475.77,2939.24,1536.53,Credit Card,2025,5,May,Q2,34.32995886741275
O00684,2025-05-03,C1083,Arun Kumar,P6993,Air Fryer,Home & Kitchen,South,Telangana,4,9588.77,0.1,34519.57,23973.08,10546.49,Debit Card,2025,5,May,Q2,30.552205603951617
O00685,2025-03-10,C0089,Rahul Das,P8699,Coffee Maker,Home & Kitchen,North,Delhi,2,8768.37,0.05,16659.9,12721.02,3938.88,Net Banking,2025,3,March,Q1,23.642879008877603
O00686,2025-07-29,C0415,Arun Das,P6266,Bookshelf,Furniture,North,Punjab,5,5035.54,0.15,21401.04,13298.33,8102.71,Cash,2025,7,July,Q3,37.8612908531548
O00687,2026-06-26,C0427,Arun Reddy,P7291,Jacket,Clothing,West,Goa,1,4761.51,0.1,4285.36,2631.06,1654.3,Debit Card,2026,6,June,Q2,38.60352455803013
O00688,2025-12-31,C0481,Divya Kumar,P1101,T-Shirt,Clothing,West,Madhya Pradesh,5,1426.19,0.1,6417.86,4269.61,2148.25,Cash,2025,12,December,Q4,33.47299567145435
O00689,2026-04-23,C1077,Vijay Reddy,P3067,Cookware Set,Home & Kitchen,North,Delhi,2,2248.73,0.2,3597.97,2279.61,1318.36,Credit Card,2026,4,April,Q2,36.64177299977487
O00690,2025-11-02,C1046,Priya Nair,P5057,Headphones,Electronics,North,Delhi,6,2238.16,0.05,12757.51,10258.1,2499.41,Debit Card,2025,11,November,Q4,19.59167580507481
O00691,2026-04-01,C0336,Ananya Das,P7780,Vacuum Cleaner,Home & Kitchen,North,Punjab,5,11713.78,0.1,52712.01,37908.38,14803.63,Cash,2026,4,April,Q2,28.08397934360689
O00692,2025-08-11,C0793,Divya Sharma,P4636,Smartphone,Electronics,South,Kerala,2,49131.48,0.0,98262.96,73220.47,25042.49,UPI,2025,8,August,Q3,25.485177731263132
O00693,2025-06-19,C0345,Priya Reddy,P0790,Face Cream,Beauty,West,Gujarat,2,554.48,0.1,998.06,599.89,398.17,Debit Card,2025,6,June,Q2,39.894395126545504
O00694,2026-06-13,C0303,Vijay Reddy,P9667,Mixer Grinder,Home & Kitchen,North,Haryana,5,8076.46,0.05,38363.18,30755.7,7607.48,Debit Card,2026,6,June,Q2,19.830160064937264
O00695,2025-04-11,C0685,Meena Sharma,P7087,Tablet,Electronics,West,Goa,6,12863.09,0.15,65601.76,38253.86,27347.9,Debit Card,2025,4,April,Q2,41.68775349929636
O00696,2025-09-10,C0444,Arun Singh,P1077,Skin Care Set,Beauty,West,Goa,2,4191.77,0.1,7545.19,4377.51,3167.68,UPI,2025,9,September,Q3,41.98277313096158
O00697,2026-04-26,C0746,Karthik Das,P3693,Keyboard,Electronics,South,Telangana,7,3793.68,0.15,22572.4,14484.0,8088.4,Debit Card,2026,4,April,Q2,35.83314135847318
O00698,2026-02-06,C1083,Priya Kumar,P1796,Mouse,Electronics,North,Rajasthan,7,2755.45,0.1,17359.34,11545.03,5814.31,UPI,2026,2,February,Q1,33.49384250783728
O00699,2025-09-02,C0547,Ravi Singh,P9007,Jeans,Clothing,East,Jharkhand,1,1953.56,0.0,1953.56,1514.53,439.03,Net Banking,2025,9,September,Q3,22.473330739777637
O00700,2025-03-27,C0382,Ravi Patel,P9685,Laptop,Electronics,West,Maharashtra,2,76899.8,0.0,153799.6,114312.64,39486.96,Net Banking,2025,3,March,Q1,25.674293041074225
O00701,2025-05-24,C1193,Meena Verma,P7291,Jacket,Clothing,South,Telangana,7,5909.35,0.05,39297.18,27467.04,11830.14,Credit Card,2025,5,May,Q2,30.10429756028295
O00702,2025-08-20,C0503,Meena Rao,P8566,Dress,Clothing,South,Karnataka,5,3299.36,0.05,15671.96,10498.89,5173.07,Cash,2025,8,August,Q3,33.008443104755244
O00703,2026-04-02,C0041,Sneha Patel,P4636,Smartphone,Electronics,South,Karnataka,1,43169.53,0.1,38852.58,28630.73,10221.85,Cash,2026,4,April,Q2,26.30932102835899
O00704,2025-09-01,C1041,Sneha Patel,P9685,Laptop,Electronics,North,Punjab,7,69824.73,0.1,439895.8,295658.32,144237.48,Credit Card,2025,9,September,Q3,32.78901048839294
O00705,2025-08-29,C1197,Ananya Patel,P4870,Smartwatch,Electronics,North,Haryana,4,16395.82,0.2,52466.62,35456.22,17010.4,Net Banking,2025,8,August,Q3,32.42137572422237
O00706,2025-11-03,C0333,Arun Patel,P0899,Perfume,Beauty,West,Goa,5,1260.51,0.1,5672.3,3827.36,1844.94,Debit Card,2025,11,November,Q4,32.525430601343366
O00707,2025-07-14,C0561,Ravi Rao,P7291,Jacket,Clothing,North,Delhi,7,4258.69,0.1,26829.75,16257.18,10572.57,Cash,2025,7,July,Q3,39.406144298772816
O00708,2025-02-20,C0641,Priya Das,P7050,Makeup Kit,Beauty,South,Karnataka,7,970.66,0.0,6794.62,5128.33,1666.29,Net Banking,2025,2,February,Q1,24.52366725438656
O00709,2026-03-15,C0029,Ananya Nair,P0790,Face Cream,Beauty,South,Telangana,7,1123.05,0.1,7075.21,4459.42,2615.79,UPI,2026,3,March,Q1,36.97119944143001
O00710,2025-06-07,C0676,Rahul Iyer,P0649,Sofa,Furniture,East,Odisha,2,34914.53,0.0,69829.06,55479.59,14349.47,Credit Card,2025,6,June,Q2,20.549424551898593
O00711,2025-07-09,C0756,Vijay Singh,P5533,Shampoo,Beauty,East,West Bengal,5,328.52,0.0,1642.6,1224.06,418.54,Net Banking,2025,7,July,Q3,25.48033605259954
O00712,2025-10-20,C0259,Meena Iyer,P4333,Desk,Furniture,East,Bihar,5,12040.33,0.05,57191.57,33423.28,23768.29,Net Banking,2025,10,October,Q4,41.559079423768225
O00713,2025-08-09,C0008,Divya Rao,P8699,Coffee Maker,Home & Kitchen,West,Goa,5,8379.64,0.05,39803.29,30653.53,9149.76,Net Banking,2025,8,August,Q3,22.98744651509963
O00714,2026-04-15,C0194,Priya Patel,P3693,Keyboard,Electronics,East,Bihar,3,2657.91,0.15,6777.67,4101.0,2676.67,Credit Card,2026,4,April,Q2,39.492480454197384
O00715,2025-09-30,C0279,Sneha Singh,P8566,Dress,Clothing,East,West Bengal,4,2029.46,0.1,7306.06,4307.15,2998.91,UPI,2025,9,September,Q3,41.04688436722392
O00716,2025-08-24,C0902,Ananya Rao,P1101,T-Shirt,Clothing,West,Goa,4,1641.14,0.05,6236.33,4877.02,1359.31,Cash,2025,8,August,Q3,21.796633597003364
O00717,2025-11-04,C0869,Divya Nair,P1101,T-Shirt,Clothing,West,Gujarat,7,1509.15,0.05,10035.85,7367.62,2668.23,Credit Card,2025,11,November,Q4,26.58698565642173
O00718,2026-06-17,C0856,Ananya Rao,P9667,Mixer Grinder,Home & Kitchen,South,Kerala,3,8824.79,0.2,21179.5,13647.78,7531.72,Credit Card,2026,6,June,Q2,35.561368304256476
O00719,2026-05-23,C0607,Rahul Kumar,P5533,Shampoo,Beauty,West,Maharashtra,4,338.65,0.0,1354.6,842.78,511.82,Cash,2026,5,May,Q2,37.78384763029677
O00720,2025-01-01,C0133,Ravi Reddy,P6547,Shoes,Clothing,North,Uttar Pradesh,4,5328.35,0.0,21313.4,14579.03,6734.37,Debit Card,2025,1,January,Q1,31.596882712284284
O00721,2026-03-19,C0762,Vijay Sharma,P0790,Face Cream,Beauty,South,Tamil Nadu,3,893.01,0.1,2411.13,1795.35,615.78,UPI,2026,3,March,Q1,25.539062597205458
O00722,2025-02-11,C0529,Ravi Sharma,P4636,Smartphone,Electronics,North,Haryana,4,59969.34,0.05,227883.49,161185.08,66698.41,Credit Card,2025,2,February,Q1,29.26864513089562
O00723,2025-03-18,C0410,Sneha Patel,P3693,Keyboard,Electronics,North,Rajasthan,4,2459.67,0.1,8854.81,5376.91,3477.9,Cash,2025,3,March,Q1,39.27695794714963
O00724,2025-11-28,C0836,Vijay Rao,P6993,Air Fryer,Home & Kitchen,North,Haryana,3,7137.27,0.0,21411.81,15639.14,5772.67,Credit Card,2025,11,November,Q4,26.96021494679805
O00725,2025-02-11,C0836,Rahul Sharma,P6266,Bookshelf,Furniture,West,Gujarat,7,5471.23,0.15,32553.82,23529.54,9024.28,Credit Card,2025,2,February,Q1,27.72110922773426
O00726,2025-02-08,C0992,Meena Verma,P1077,Skin Care Set,Beauty,West,Maharashtra,5,968.08,0.1,4356.36,3119.64,1236.72,Net Banking,2025,2,February,Q1,28.38883838801201
O00727,2025-12-08,C0253,Ravi Reddy,P0649,Sofa,Furniture,South,Andhra Pradesh,3,22939.42,0.0,68818.26,51534.33,17283.93,Debit Card,2025,12,December,Q4,25.115325496459807
O00728,2025-04-23,C0191,Sneha Verma,P3693,Keyboard,Electronics,West,Gujarat,3,2997.15,0.15,7642.73,4621.98,3020.75,Debit Card,2025,4,April,Q2,39.524489285896536
O00729,2025-02-03,C0784,Karthik Patel,P4636,Smartphone,Electronics,North,Haryana,2,41096.14,0.1,73973.05,59552.6,14420.45,Debit Card,2025,2,February,Q1,19.494194169363034
O00730,2026-03-19,C0282,Sneha Patel,P5057,Headphones,Electronics,West,Madhya Pradesh,7,8320.98,0.15,49509.83,40388.82,9121.01,UPI,2026,3,March,Q1,18.422624355607763
O00731,2026-04-17,C0235,Rahul Das,P8699,Coffee Maker,Home & Kitchen,South,Tamil Nadu,2,4666.07,0.0,9332.14,5952.4,3379.74,Net Banking,2026,4,April,Q2,36.21613049096992
O00732,2025-01-10,C0753,Ananya Nair,P0649,Sofa,Furniture,South,Tamil Nadu,5,23004.14,0.1,103518.63,61677.86,41840.77,Debit Card,2025,1,January,Q1,40.41858938820964
O00733,2025-06-14,C0319,Ravi Sharma,P4333,Desk,Furniture,North,Rajasthan,7,8153.22,0.0,57072.54,43522.51,13550.03,Net Banking,2025,6,June,Q2,23.741767932529374
O00734,2026-02-05,C1136,Rahul Rao,P7050,Makeup Kit,Beauty,North,Punjab,7,1750.92,0.1,11030.8,8704.48,2326.32,Credit Card,2026,2,February,Q1,21.089313558400118
O00735,2025-09-28,C0537,Meena Reddy,P7087,Tablet,Electronics,South,Karnataka,3,26703.94,0.0,80111.82,55152.87,24958.95,UPI,2025,9,September,Q3,31.1551404025024
O00736,2025-02-28,C0388,Ananya Sharma,P2376,Dining Table,Furniture,East,Odisha,3,27174.68,0.1,73371.64,42985.69,30385.95,Net Banking,2025,2,February,Q1,41.41375332485413
O00737,2025-10-20,C0803,Divya Iyer,P2376,Dining Table,Furniture,West,Goa,4,29681.16,0.1,106852.18,67211.87,39640.31,Cash,2025,10,October,Q4,37.0982697779306
O00738,2026-02-28,C0520,Karthik Nair,P4333,Desk,Furniture,South,Tamil Nadu,6,8669.16,0.1,46813.46,27398.83,19414.63,Cash,2026,2,February,Q1,41.472324412679605
O00739,2025-06-16,C1053,Meena Verma,P4636,Smartphone,Electronics,West,Maharashtra,4,52883.45,0.1,190380.42,129722.74,60657.68,UPI,2025,6,June,Q2,31.861301703189852
O00740,2025-09-22,C0646,Priya Patel,P9007,Jeans,Clothing,South,Karnataka,3,1231.68,0.15,3140.78,2328.41,812.37,Cash,2025,9,September,Q3,25.865230929896395
O00741,2026-06-16,C1093,Karthik Rao,P9007,Jeans,Clothing,West,Madhya Pradesh,3,3385.95,0.1,9142.06,5758.26,3383.8,Net Banking,2026,6,June,Q2,37.013539617985444
O00742,2025-07-09,C1029,Arun Reddy,P9667,Mixer Grinder,Home & Kitchen,West,Goa,6,8955.5,0.1,48359.7,37259.78,11099.92,Credit Card,2025,7,July,Q3,22.95283055932936
O00743,2025-05-26,C0311,Ravi Rao,P0899,Perfume,Beauty,East,Jharkhand,4,954.66,0.0,3818.64,2384.04,1434.6,UPI,2025,5,May,Q2,37.56834894098422
O00744,2025-12-05,C0040,Vijay Reddy,P2376,Dining Table,Furniture,West,Madhya Pradesh,5,29683.04,0.05,140994.44,108367.49,32626.95,Cash,2025,12,December,Q4,23.14059334538298
O00745,2026-06-13,C0218,Vijay Rao,P5533,Shampoo,Beauty,North,Delhi,5,1079.81,0.0,5399.05,4078.94,1320.11,Credit Card,2026,6,June,Q2,24.450783008121796
O00746,2025-04-26,C1105,Ananya Patel,P7291,Jacket,Clothing,East,Jharkhand,3,6439.2,0.05,18351.72,12968.68,5383.04,UPI,2025,4,April,Q2,29.332618413968824
O00747,2026-02-04,C0213,Divya Sharma,P9667,Mixer Grinder,Home & Kitchen,South,Telangana,4,5407.66,0.1,19467.58,14180.25,5287.33,Debit Card,2026,2,February,Q1,27.15966750875044
O00748,2026-04-11,C0554,Sneha Patel,P3727,Monitor,Electronics,North,Punjab,7,17892.21,0.1,112720.92,69995.47,42725.45,Debit Card,2026,4,April,Q2,37.90374493039978
O00749,2025-04-02,C1101,Ravi Patel,P9685,Laptop,Electronics,West,Madhya Pradesh,6,73180.45,0.0,439082.7,355752.05,83330.65,Cash,2025,4,April,Q2,18.978349636640203
O00750,2025-08-09,C0438,Meena Iyer,P4870,Smartwatch,Electronics,East,Bihar,5,15617.45,0.05,74182.89,57847.79,16335.1,Net Banking,2025,8,August,Q3,22.020037235001226
O00751,2026-05-07,C0755,Rahul Iyer,P1796,Mouse,Electronics,North,Delhi,3,747.14,0.0,2241.42,1717.15,524.27,Debit Card,2026,5,May,Q2,23.39008307233807
O00752,2025-01-26,C0484,Sneha Patel,P3067,Cookware Set,Home & Kitchen,South,Karnataka,3,7912.32,0.05,22550.11,13784.38,8765.73,Debit Card,2025,1,January,Q1,38.8722272308206
O00753,2025-02-01,C1005,Rahul Singh,P9685,Laptop,Electronics,East,Odisha,7,74221.31,0.05,493571.71,318261.96,175309.75,Net Banking,2025,2,February,Q1,35.51859769272433
O00754,2025-08-22,C0942,Sneha Kumar,P3727,Monitor,Electronics,South,Tamil Nadu,2,23143.85,0.0,46287.7,34565.66,11722.04,Net Banking,2025,8,August,Q3,25.324308617624126
O00755,2026-02-23,C1032,Vijay Nair,P0790,Face Cream,Beauty,East,Jharkhand,1,1075.66,0.1,968.09,782.99,185.1,Net Banking,2026,2,February,Q1,19.12012312904792
O00756,2025-06-24,C0300,Priya Singh,P6266,Bookshelf,Furniture,South,Tamil Nadu,5,11124.25,0.1,50059.12,37169.17,12889.95,UPI,2025,6,June,Q2,25.749453845772756
O00757,2026-04-15,C0024,Divya Das,P8699,Coffee Maker,Home & Kitchen,North,Uttar Pradesh,7,8230.28,0.0,57611.96,46332.74,11279.22,Cash,2026,4,April,Q2,19.57791403035064
O00758,2026-02-28,C0155,Arun Singh,P9667,Mixer Grinder,Home & Kitchen,East,Odisha,2,8962.87,0.1,16133.17,10016.02,6117.15,UPI,2026,2,February,Q1,37.916602874698526
O00759,2025-04-05,C0246,Ananya Kumar,P5533,Shampoo,Beauty,South,Kerala,5,560.16,0.2,2240.64,1795.88,444.76,Debit Card,2025,4,April,Q2,19.849685804055987
O00760,2025-02-08,C0057,Karthik Sharma,P9007,Jeans,Clothing,South,Telangana,3,2089.02,0.15,5327.0,3667.95,1659.05,Net Banking,2025,2,February,Q1,31.144171203303923
O00761,2026-05-05,C0533,Karthik Nair,P9007,Jeans,Clothing,South,Tamil Nadu,1,3264.84,0.0,3264.84,2330.09,934.75,UPI,2026,5,May,Q2,28.630805797527596
O00762,2026-03-07,C0596,Priya Kumar,P9007,Jeans,Clothing,South,Andhra Pradesh,4,2652.9,0.15,9019.86,6658.44,2361.42,Cash,2026,3,March,Q1,26.180228961425122
O00763,2026-01-31,C0363,Arun Das,P6547,Shoes,Clothing,South,Telangana,7,3146.97,0.1,19825.91,11818.27,8007.64,Cash,2026,1,January,Q1,40.3897727771386
O00764,2025-11-05,C0181,Ravi Nair,P8699,Coffee Maker,Home & Kitchen,North,Delhi,4,6139.61,0.1,22102.6,17694.66,4407.94,Net Banking,2025,11,November,Q4,19.943083619121733
O00765,2025-12-02,C0514,Rahul Sharma,P1796,Mouse,Electronics,North,Uttar Pradesh,5,1096.83,0.05,5209.94,3846.18,1363.76,UPI,2025,12,December,Q4,26.17611719136881
O00766,2025-05-11,C0561,Arun Iyer,P4636,Smartphone,Electronics,East,Jharkhand,7,54470.91,0.1,343166.73,243339.76,99826.97,Debit Card,2025,5,May,Q2,29.08993246518974
O00767,2025-09-17,C0813,Karthik Kumar,P3067,Cookware Set,Home & Kitchen,West,Maharashtra,1,4074.2,0.05,3870.49,2246.14,1624.35,Net Banking,2025,9,September,Q3,41.967554495684006
O00768,2025-11-24,C0105,Sneha Verma,P6993,Air Fryer,Home & Kitchen,North,Haryana,2,10958.66,0.05,20821.45,16628.92,4192.53,UPI,2025,11,November,Q4,20.135629362988645
O00769,2026-04-07,C0410,Karthik Kumar,P7291,Jacket,Clothing,East,Jharkhand,4,2736.0,0.1,9849.6,7718.35,2131.25,Cash,2026,4,April,Q2,21.637934535412604
O00770,2025-03-30,C0968,Rahul Reddy,P8699,Coffee Maker,Home & Kitchen,East,Bihar,7,4300.64,0.15,25588.81,18173.47,7415.34,Net Banking,2025,3,March,Q1,28.978838797114832
O00771,2025-05-08,C0475,Meena Nair,P7087,Tablet,Electronics,West,Gujarat,5,23707.66,0.1,106684.47,76048.71,30635.76,UPI,2025,5,May,Q2,28.716232081389165
O00772,2025-01-01,C0149,Rahul Rao,P2376,Dining Table,Furniture,West,Madhya Pradesh,4,21487.83,0.0,85951.32,58944.02,27007.3,Cash,2025,1,January,Q1,31.42162330956639
O00773,2025-04-19,C0275,Karthik Singh,P9007,Jeans,Clothing,North,Haryana,3,2340.84,0.1,6320.27,4738.23,1582.04,Credit Card,2025,4,April,Q2,25.031209109737397
O00774,2025-01-26,C0322,Rahul Iyer,P7780,Vacuum Cleaner,Home & Kitchen,South,Andhra Pradesh,7,9231.54,0.0,64620.78,48490.4,16130.38,Cash,2025,1,January,Q1,24.96159903981351
O00775,2025-09-26,C0944,Arun Reddy,P0649,Sofa,Furniture,West,Goa,2,34248.47,0.05,65072.09,39099.57,25972.52,Net Banking,2025,9,September,Q3,39.91345598397101
O00776,2025-10-27,C0908,Priya Rao,P1101,T-Shirt,Clothing,South,Tamil Nadu,6,1208.64,0.2,5801.47,4185.6,1615.87,Cash,2025,10,October,Q4,27.852768350090578
O00777,2025-12-14,C0481,Ananya Das,P1600,Office Chair,Furniture,South,Tamil Nadu,5,14288.72,0.1,64299.24,38339.78,25959.46,Net Banking,2025,12,December,Q4,40.372887766636126
O00778,2026-04-27,C0874,Rahul Nair,P7780,Vacuum Cleaner,Home & Kitchen,West,Maharashtra,7,11830.62,0.1,74532.91,59030.36,15502.55,UPI,2026,4,April,Q2,20.79960382601457
O00779,2025-10-13,C0819,Ravi Kumar,P8699,Coffee Maker,Home & Kitchen,East,Jharkhand,4,4103.05,0.1,14770.98,10072.67,4698.31,Debit Card,2025,10,October,Q4,31.807706733067135
O00780,2025-03-12,C0889,Sneha Das,P7780,Vacuum Cleaner,Home & Kitchen,North,Punjab,7,12791.73,0.05,85065.0,58154.05,26910.95,Credit Card,2025,3,March,Q1,31.635749133015928
O00781,2026-05-20,C0325,Rahul Verma,P7780,Vacuum Cleaner,Home & Kitchen,South,Karnataka,7,14202.45,0.1,89475.44,56124.73,33350.71,UPI,2026,5,May,Q2,37.27359150175735
O00782,2025-02-23,C0632,Ravi Reddy,P7087,Tablet,Electronics,East,Jharkhand,7,12549.09,0.1,79059.27,55780.9,23278.37,UPI,2025,2,February,Q1,29.444200534611557
O00783,2026-02-09,C0558,Ravi Kumar,P7087,Tablet,Electronics,West,Maharashtra,7,19132.17,0.05,127228.93,90777.43,36451.5,Cash,2026,2,February,Q1,28.65032347595787
O00784,2025-05-24,C0686,Sneha Rao,P8566,Dress,Clothing,East,West Bengal,6,4431.56,0.05,25259.89,18644.96,6614.93,Debit Card,2025,5,May,Q2,26.187485377014706
O00785,2026-02-23,C0864,Meena Das,P2376,Dining Table,Furniture,South,Karnataka,1,21749.01,0.1,19574.11,13027.21,6546.9,Cash,2026,2,February,Q1,33.44673142227156
O00786,2026-04-13,C0058,Rahul Nair,P4333,Desk,Furniture,North,Delhi,6,14615.72,0.2,70155.46,52251.51,17903.95,Cash,2026,4,April,Q2,25.52039427864916
O00787,2025-02-03,C0592,Vijay Kumar,P2376,Dining Table,Furniture,South,Telangana,1,27151.49,0.1,24436.34,16268.2,8168.14,Debit Card,2025,2,February,Q1,33.426200486652256
O00788,2025-03-11,C0848,Ananya Nair,P4870,Smartwatch,Electronics,South,Kerala,1,11543.04,0.0,11543.04,8510.68,3032.36,Credit Card,2025,3,March,Q1,26.270029385673098
O00789,2026-01-08,C1193,Divya Sharma,P1077,Skin Care Set,Beauty,West,Maharashtra,4,2058.02,0.15,6997.27,4090.4,2906.87,Credit Card,2026,1,January,Q1,41.54291602296324
O00790,2025-09-11,C1061,Arun Reddy,P4636,Smartphone,Electronics,North,Rajasthan,5,19362.85,0.1,87132.82,60613.16,26519.66,Net Banking,2025,9,September,Q3,30.43590233852181
O00791,2025-02-15,C0526,Karthik Nair,P3727,Monitor,Electronics,West,Gujarat,3,18492.92,0.1,49930.88,36598.05,13332.83,Net Banking,2025,2,February,Q1,26.70257363779689
O00792,2026-01-24,C0571,Meena Kumar,P4636,Smartphone,Electronics,East,Odisha,5,38816.96,0.0,194084.8,127458.69,66626.11,Cash,2026,1,January,Q1,34.328350288121484
O00793,2025-08-05,C0418,Sneha Iyer,P6547,Shoes,Clothing,South,Andhra Pradesh,4,1872.22,0.05,7114.44,5114.29,2000.15,Net Banking,2025,8,August,Q3,28.113948532843064
O00794,2026-03-10,C0078,Sneha Verma,P0790,Face Cream,Beauty,West,Goa,6,1778.94,0.1,9606.28,7362.9,2243.38,Credit Card,2026,3,March,Q1,23.353264739316362
O00795,2025-04-05,C0480,Arun Patel,P3693,Keyboard,Electronics,South,Telangana,4,2966.41,0.0,11865.64,8634.05,3231.59,UPI,2025,4,April,Q2,27.23485627408214
O00796,2025-03-28,C0638,Divya Iyer,P9685,Laptop,Electronics,North,Delhi,2,58219.04,0.0,116438.08,71657.44,44780.64,Cash,2025,3,March,Q1,38.458758509243715
O00797,2026-06-04,C0236,Divya Verma,P5057,Headphones,Electronics,North,Punjab,3,4595.36,0.15,11718.17,7545.07,4173.1,Debit Card,2026,6,June,Q2,35.61221590060564
O00798,2026-06-24,C0830,Vijay Nair,P8699,Coffee Maker,Home & Kitchen,North,Delhi,2,6736.14,0.05,12798.67,8414.41,4384.26,Credit Card,2026,6,June,Q2,34.25559061996285
O00799,2026-05-17,C0250,Karthik Verma,P9007,Jeans,Clothing,South,Karnataka,1,2619.96,0.1,2357.96,1784.29,573.67,Debit Card,2026,5,May,Q2,24.32908107007752
O00800,2025-11-17,C0532,Arun Verma,P6547,Shoes,Clothing,North,Rajasthan,4,2777.98,0.1,10000.73,7345.59,2655.14,Cash,2025,11,November,Q4,26.54946188928208
O00801,2025-08-05,C0011,Rahul Sharma,P9685,Laptop,Electronics,West,Gujarat,5,72630.83,0.05,344996.44,216965.56,128030.88,Net Banking,2025,8,August,Q3,37.11078294025295
O00802,2025-11-15,C0621,Arun Nair,P6547,Shoes,Clothing,North,Rajasthan,5,3901.5,0.0,19507.5,11507.37,8000.13,Cash,2025,11,November,Q4,41.01053440984237
O00803,2026-06-30,C0505,Divya Verma,P9667,Mixer Grinder,Home & Kitchen,North,Delhi,3,3269.3,0.1,8827.11,7084.65,1742.46,UPI,2026,6,June,Q2,19.73986956093217
O00804,2026-01-20,C0699,Ananya Kumar,P9685,Laptop,Electronics,South,Karnataka,6,56166.21,0.1,303297.53,195752.43,107545.1,Debit Card,2026,1,January,Q1,35.45861385682897
O00805,2025-02-11,C0196,Sneha Reddy,P3727,Monitor,Electronics,East,Odisha,6,29936.8,0.05,170639.76,113232.34,57407.42,Credit Card,2025,2,February,Q1,33.642464100980916
O00806,2025-11-13,C0246,Arun Reddy,P7087,Tablet,Electronics,North,Rajasthan,5,29754.57,0.2,119018.28,72980.07,46038.21,Net Banking,2025,11,November,Q4,38.681629410204884
O00807,2025-06-21,C1050,Karthik Singh,P0899,Perfume,Beauty,West,Gujarat,2,2921.96,0.15,4967.33,3533.31,1434.02,Credit Card,2025,6,June,Q2,28.86903024361176
O00808,2026-02-11,C0807,Karthik Nair,P9667,Mixer Grinder,Home & Kitchen,South,Karnataka,7,5052.78,0.1,31832.51,22010.26,9822.25,Credit Card,2026,2,February,Q1,30.856033658671596
O00809,2026-03-23,C0413,Karthik Reddy,P3727,Monitor,Electronics,East,Bihar,3,16769.98,0.1,45278.95,34783.51,10495.44,UPI,2026,3,March,Q1,23.179512775804213
O00810,2025-12-24,C0705,Meena Das,P1796,Mouse,Electronics,North,Punjab,1,1437.51,0.2,1150.01,729.35,420.66,Net Banking,2025,12,December,Q4,36.578812358153414
O00811,2025-10-04,C1081,Vijay Reddy,P0649,Sofa,Furniture,North,Rajasthan,4,41319.71,0.1,148750.96,91919.49,56831.47,Credit Card,2025,10,October,Q4,38.20578368032045
O00812,2026-05-29,C0581,Ravi Iyer,P4870,Smartwatch,Electronics,East,West Bengal,2,10680.47,0.1,19224.85,13277.61,5947.24,UPI,2026,5,May,Q2,30.935169845278377
O00813,2026-02-07,C0253,Arun Iyer,P6547,Shoes,Clothing,West,Goa,5,5812.34,0.15,24702.44,18591.12,6111.32,Debit Card,2026,2,February,Q1,24.73974230885694
O00814,2025-01-17,C0919,Divya Rao,P6547,Shoes,Clothing,North,Uttar Pradesh,6,4016.31,0.1,21688.07,15051.93,6636.14,Net Banking,2025,1,January,Q1,30.598112234053097
O00815,2025-07-21,C0370,Karthik Nair,P0649,Sofa,Furniture,South,Telangana,6,27619.79,0.05,157432.8,106695.27,50737.53,Net Banking,2025,7,July,Q3,32.22805539887495
O00816,2025-08-24,C1092,Meena Das,P9667,Mixer Grinder,Home & Kitchen,West,Madhya Pradesh,1,6786.69,0.05,6447.36,5146.0,1301.36,Credit Card,2025,8,August,Q3,20.18438554695255
O00817,2025-04-03,C1131,Sneha Kumar,P0790,Face Cream,Beauty,South,Karnataka,5,692.72,0.05,3290.42,2583.96,706.46,Cash,2025,4,April,Q2,21.470207450720576
O00818,2025-08-17,C0911,Rahul Nair,P9667,Mixer Grinder,Home & Kitchen,West,Maharashtra,5,2537.51,0.05,12053.17,8170.75,3882.42,Credit Card,2025,8,August,Q3,32.21077940492003
O00819,2025-11-14,C0769,Ravi Singh,P9007,Jeans,Clothing,East,West Bengal,4,2341.95,0.15,7962.63,5537.49,2425.14,Debit Card,2025,11,November,Q4,30.456520019139404
O00820,2025-06-25,C0586,Vijay Singh,P7780,Vacuum Cleaner,Home & Kitchen,West,Maharashtra,6,16377.73,0.1,88439.74,59877.9,28561.84,Credit Card,2025,6,June,Q2,32.29525550391713
O00821,2026-04-05,C0489,Arun Patel,P3067,Cookware Set,Home & Kitchen,South,Kerala,3,1945.45,0.05,5544.53,3930.23,1614.3,Debit Card,2026,4,April,Q2,29.115181990177707
O00822,2026-03-04,C0196,Arun Nair,P3693,Keyboard,Electronics,South,Karnataka,4,4567.65,0.15,15530.01,10508.02,5021.99,Cash,2026,3,March,Q1,32.3373262476972
O00823,2025-12-28,C0156,Vijay Patel,P9685,Laptop,Electronics,South,Andhra Pradesh,2,78925.52,0.0,157851.04,115236.79,42614.25,Cash,2025,12,December,Q4,26.99649619033235
O00824,2025-01-13,C0405,Priya Das,P3727,Monitor,Electronics,East,Bihar,5,20222.1,0.15,85943.92,58136.04,27807.88,Cash,2025,1,January,Q1,32.35584320566248
O00825,2025-04-25,C0360,Ananya Singh,P3693,Keyboard,Electronics,West,Gujarat,7,4020.71,0.05,26737.72,17630.61,9107.11,UPI,2025,4,April,Q2,34.06090721273168
O00826,2025-11-21,C0069,Vijay Iyer,P7087,Tablet,Electronics,South,Kerala,6,32145.17,0.05,183227.47,119037.04,64190.43,UPI,2025,11,November,Q4,35.03319125674769
O00827,2025-12-15,C1072,Meena Verma,P3693,Keyboard,Electronics,North,Rajasthan,4,3467.82,0.1,12484.15,8641.1,3843.05,Cash,2025,12,December,Q4,30.783433393543014
O00828,2025-06-23,C0847,Ananya Verma,P8699,Coffee Maker,Home & Kitchen,North,Delhi,5,9067.88,0.15,38538.49,31078.31,7460.18,Cash,2025,6,June,Q2,19.357738198875982
O00829,2025-06-08,C0584,Sneha Das,P9685,Laptop,Electronics,South,Karnataka,6,59168.8,0.05,337262.16,254844.15,82418.01,UPI,2025,6,June,Q2,24.43737239896702
O00830,2025-10-20,C0513,Ravi Rao,P0649,Sofa,Furniture,South,Karnataka,4,34882.41,0.05,132553.16,101877.79,30675.37,Debit Card,2025,10,October,Q4,23.141937921359247
O00831,2025-04-01,C1029,Priya Patel,P0649,Sofa,Furniture,East,Odisha,3,14824.6,0.2,35579.04,27839.21,7739.83,Credit Card,2025,4,April,Q2,21.753903421789907
O00832,2025-10-12,C0901,Karthik Reddy,P1600,Office Chair,Furniture,South,Telangana,2,13581.47,0.05,25804.79,19264.09,6540.7,Debit Card,2025,10,October,Q4,25.346844519951528
O00833,2025-08-06,C0612,Arun Verma,P3067,Cookware Set,Home & Kitchen,South,Karnataka,5,4256.66,0.05,20219.13,14448.49,5770.64,UPI,2025,8,August,Q3,28.54049605497368
O00834,2026-03-18,C0876,Ananya Nair,P5057,Headphones,Electronics,North,Haryana,2,8617.09,0.1,15510.76,12086.92,3423.84,Net Banking,2026,3,March,Q1,22.073966717298184
O00835,2025-03-01,C0910,Karthik Rao,P3727,Monitor,Electronics,North,Punjab,4,25396.5,0.0,101586.0,60140.49,41445.51,Net Banking,2025,3,March,Q1,40.79844663634753
O00836,2025-02-12,C0749,Divya Kumar,P6993,Air Fryer,Home & Kitchen,West,Goa,3,6055.57,0.1,16350.04,10958.21,5391.83,Credit Card,2025,2,February,Q1,32.97747283798694
O00837,2025-12-02,C0967,Karthik Das,P1796,Mouse,Electronics,South,Kerala,6,2996.41,0.0,17978.46,13564.3,4414.16,UPI,2025,12,December,Q4,24.55249226018246
O00838,2026-05-31,C0426,Rahul Patel,P9667,Mixer Grinder,Home & Kitchen,North,Haryana,4,2571.68,0.05,9772.38,5697.52,4074.86,UPI,2026,5,May,Q2,41.697723584224114
O00839,2025-08-18,C1044,Arun Kumar,P8566,Dress,Clothing,South,Tamil Nadu,2,2221.3,0.15,3776.21,2771.49,1004.72,Credit Card,2025,8,August,Q3,26.606571138787306
O00840,2025-05-13,C0895,Arun Verma,P3693,Keyboard,Electronics,South,Kerala,5,4993.97,0.1,22472.86,16047.64,6425.22,Cash,2025,5,May,Q2,28.591020457565257
O00841,2026-03-20,C0697,Ananya Kumar,P6993,Air Fryer,Home & Kitchen,South,Tamil Nadu,5,8396.69,0.1,37785.11,23408.27,14376.84,Credit Card,2026,3,March,Q1,38.04895632168333
O00842,2025-01-13,C0160,Meena Sharma,P7780,Vacuum Cleaner,Home & Kitchen,South,Tamil Nadu,5,6961.91,0.1,31328.6,24844.05,6484.55,Debit Card,2025,1,January,Q1,20.698499134975712
O00843,2025-03-01,C1045,Arun Kumar,P2376,Dining Table,Furniture,West,Goa,7,10047.99,0.1,63302.34,43525.09,19777.25,Cash,2025,3,March,Q1,31.242525947697985
O00844,2026-06-05,C0004,Karthik Iyer,P0649,Sofa,Furniture,West,Maharashtra,6,39553.54,0.0,237321.24,147255.08,90066.16,Cash,2026,6,June,Q2,37.951158522515726
O00845,2025-09-20,C0378,Rahul Nair,P1077,Skin Care Set,Beauty,East,West Bengal,4,3993.76,0.15,13578.78,10806.27,2772.51,UPI,2025,9,September,Q3,20.417960965565392
O00846,2025-01-16,C0511,Divya Nair,P3727,Monitor,Electronics,North,Uttar Pradesh,7,16318.04,0.0,114226.28,83990.22,30236.06,Net Banking,2025,1,January,Q1,26.47031838907824
O00847,2025-10-22,C0594,Ananya Kumar,P9007,Jeans,Clothing,North,Rajasthan,5,3370.18,0.0,16850.9,9876.33,6974.57,UPI,2025,10,October,Q4,41.389896088636206
O00848,2025-03-18,C0209,Divya Rao,P5057,Headphones,Electronics,South,Kerala,5,8979.49,0.1,40407.7,27271.86,13135.84,Credit Card,2025,3,March,Q1,32.50825956438996
O00849,2025-02-22,C0556,Priya Das,P6266,Bookshelf,Furniture,North,Rajasthan,1,11516.16,0.0,11516.16,9259.21,2256.95,Net Banking,2025,2,February,Q1,19.598112565299544
O00850,2025-10-16,C0590,Ravi Iyer,P7087,Tablet,Electronics,North,Delhi,3,13938.44,0.0,41815.32,27166.19,14649.13,Cash,2025,10,October,Q4,35.03292573152615
O00851,2025-07-07,C0844,Sneha Patel,P4333,Desk,Furniture,South,Kerala,7,19078.84,0.05,126874.29,83025.93,43848.36,Credit Card,2025,7,July,Q3,34.56047714631546
O00852,2026-03-02,C0133,Priya Das,P9685,Laptop,Electronics,South,Kerala,2,79983.37,0.0,159966.74,119298.12,40668.62,Net Banking,2026,3,March,Q1,25.423172341950583
O00853,2026-04-19,C0680,Arun Sharma,P7291,Jacket,Clothing,West,Gujarat,1,2332.45,0.0,2332.45,1381.56,950.89,Credit Card,2026,4,April,Q2,40.767862119230855
O00854,2025-10-13,C1158,Rahul Verma,P9667,Mixer Grinder,Home & Kitchen,South,Kerala,3,3370.62,0.15,8595.08,6644.07,1951.01,Debit Card,2025,10,October,Q4,22.69914881536879
O00855,2025-03-15,C0849,Ananya Iyer,P2376,Dining Table,Furniture,North,Punjab,6,32698.3,0.0,196189.8,116381.56,79808.24,Debit Card,2025,3,March,Q1,40.679097486209784
O00856,2025-07-15,C1085,Ravi Das,P1600,Office Chair,Furniture,West,Maharashtra,7,15300.52,0.05,101748.46,64029.12,37719.34,Credit Card,2025,7,July,Q3,37.07116549970387
O00857,2025-12-10,C1051,Arun Sharma,P1077,Skin Care Set,Beauty,North,Haryana,1,4473.12,0.05,4249.46,2633.14,1616.32,Cash,2025,12,December,Q4,38.035891619170435
O00858,2025-05-01,C0163,Rahul Reddy,P6266,Bookshelf,Furniture,West,Goa,1,2952.04,0.05,2804.44,1733.08,1071.36,Net Banking,2025,5,May,Q2,38.2022792429148
O00859,2026-04-03,C0979,Sneha Sharma,P9007,Jeans,Clothing,South,Karnataka,3,2157.34,0.1,5824.82,3828.07,1996.75,Cash,2026,4,April,Q2,34.28002925412287
O00860,2025-05-29,C0029,Vijay Das,P9007,Jeans,Clothing,North,Haryana,5,1647.06,0.0,8235.3,5269.2,2966.1,Credit Card,2025,5,May,Q2,36.016902845069396
O00861,2025-06-24,C0295,Meena Patel,P9007,Jeans,Clothing,East,Jharkhand,2,1603.16,0.05,3046.0,2402.97,643.03,Debit Card,2025,6,June,Q2,21.110636900853578
O00862,2026-05-12,C0044,Arun Reddy,P3693,Keyboard,Electronics,West,Maharashtra,5,3184.26,0.1,14329.17,10669.07,3660.1,Debit Card,2026,5,May,Q2,25.543000746030646
O00863,2025-08-16,C0414,Vijay Singh,P5057,Headphones,Electronics,North,Uttar Pradesh,2,4717.64,0.1,8491.75,5077.38,3414.37,Cash,2025,8,August,Q3,40.20808431713133
O00864,2025-08-12,C0241,Rahul Patel,P7087,Tablet,Electronics,South,Karnataka,5,20934.1,0.1,94203.45,59316.13,34887.32,Debit Card,2025,8,August,Q3,37.03401520857251
O00865,2026-05-10,C0628,Divya Nair,P3727,Monitor,Electronics,West,Maharashtra,3,28143.98,0.1,75988.75,61687.77,14300.98,Cash,2026,5,May,Q2,18.81986478261585
O00866,2026-06-14,C0640,Sneha Rao,P4333,Desk,Furniture,South,Tamil Nadu,5,14579.88,0.0,72899.4,55121.78,17777.62,Cash,2026,6,June,Q2,24.386510725739853
O00867,2026-06-10,C0050,Karthik Nair,P6547,Shoes,Clothing,South,Kerala,6,1982.0,0.05,11297.4,8056.49,3240.91,Credit Card,2026,6,June,Q2,28.687220068334305
O00868,2025-03-16,C0275,Priya Iyer,P3727,Monitor,Electronics,West,Madhya Pradesh,3,9385.47,0.05,26748.59,19608.78,7139.81,Cash,2025,3,March,Q1,26.692285462523447
O00869,2025-09-02,C0832,Ananya Verma,P1600,Office Chair,Furniture,South,Kerala,7,15700.54,0.1,98913.4,65476.88,33436.52,Credit Card,2025,9,September,Q3,33.80383244332921
O00870,2025-07-23,C0009,Ravi Das,P7780,Vacuum Cleaner,Home & Kitchen,South,Tamil Nadu,1,5025.11,0.1,4522.6,3336.3,1186.3,Credit Card,2025,7,July,Q3,26.23048688807323
O00871,2025-12-21,C1131,Priya Verma,P2376,Dining Table,Furniture,North,Delhi,5,19377.18,0.1,87197.31,60302.52,26894.79,Cash,2025,12,December,Q4,30.843600565200923
O00872,2025-07-28,C0826,Divya Verma,P6266,Bookshelf,Furniture,East,West Bengal,4,3407.67,0.1,12267.61,9020.46,3247.15,UPI,2025,7,July,Q3,26.469295975336678
O00873,2025-12-06,C0166,Arun Verma,P9685,Laptop,Electronics,North,Punjab,5,67442.07,0.15,286628.8,220237.52,66391.28,Cash,2025,12,December,Q4,23.162808482608867
O00874,2025-07-15,C1015,Vijay Rao,P1600,Office Chair,Furniture,North,Haryana,5,17802.54,0.1,80111.43,48639.28,31472.15,Credit Card,2025,7,July,Q3,39.28546775410201
O00875,2025-04-16,C0090,Divya Rao,P7087,Tablet,Electronics,East,Bihar,4,30162.08,0.1,108583.49,85464.66,23118.83,Debit Card,2025,4,April,Q2,21.291293915861427
O00876,2026-06-14,C1040,Arun Sharma,P5533,Shampoo,Beauty,North,Delhi,7,1095.41,0.0,7667.87,6279.4,1388.47,Net Banking,2026,6,June,Q2,18.10763614928266
O00877,2026-02-04,C1103,Meena Singh,P5057,Headphones,Electronics,South,Karnataka,2,8870.63,0.0,17741.26,12022.09,5719.17,UPI,2026,2,February,Q1,32.236549151525885
O00878,2025-03-12,C0652,Vijay Reddy,P1796,Mouse,Electronics,East,Odisha,5,604.17,0.1,2718.76,1793.56,925.2,Net Banking,2025,3,March,Q1,34.030219658962174
O00879,2025-09-01,C0489,Karthik Das,P9667,Mixer Grinder,Home & Kitchen,East,Bihar,7,8420.19,0.0,58941.33,38232.55,20708.78,Credit Card,2025,9,September,Q3,35.13456516844801
O00880,2026-04-06,C0344,Priya Kumar,P6993,Air Fryer,Home & Kitchen,North,Uttar Pradesh,2,8282.69,0.2,13252.3,8377.23,4875.07,Debit Card,2026,4,April,Q2,36.786595534360075
O00881,2025-01-31,C1111,Sneha Sharma,P9007,Jeans,Clothing,West,Goa,3,2769.16,0.1,7476.73,4516.38,2960.35,Credit Card,2025,1,January,Q1,39.59418087853915
O00882,2026-06-24,C1188,Ravi Patel,P9007,Jeans,Clothing,East,West Bengal,4,2351.8,0.15,7996.12,5389.03,2607.09,Credit Card,2026,6,June,Q2,32.60443815250397
O00883,2025-02-25,C0670,Ravi Rao,P7050,Makeup Kit,Beauty,South,Karnataka,2,1629.45,0.15,2770.06,1850.71,919.35,Credit Card,2025,2,February,Q1,33.18881179469037
O00884,2025-04-23,C0441,Meena Patel,P5057,Headphones,Electronics,West,Maharashtra,4,8189.41,0.1,29481.88,22593.05,6888.83,Cash,2025,4,April,Q2,23.36631856584451
O00885,2025-05-08,C0463,Meena Verma,P9667,Mixer Grinder,Home & Kitchen,East,Jharkhand,5,3037.78,0.15,12910.56,9586.15,3324.41,Cash,2025,5,May,Q2,25.749541460633772
O00886,2025-10-07,C0335,Sneha Das,P4870,Smartwatch,Electronics,West,Madhya Pradesh,4,6681.84,0.1,24054.62,16492.7,7561.92,Credit Card,2025,10,October,Q4,31.43645586585862
O00887,2026-01-11,C0202,Vijay Das,P9007,Jeans,Clothing,South,Kerala,1,1508.47,0.1,1357.62,973.37,384.25,Credit Card,2026,1,January,Q1,28.303207082983455
O00888,2026-05-08,C0317,Karthik Sharma,P6547,Shoes,Clothing,North,Punjab,3,3925.57,0.15,10010.2,8046.18,1964.02,UPI,2026,5,May,Q2,19.62018740884298
O00889,2025-12-20,C0982,Vijay Patel,P0649,Sofa,Furniture,North,Rajasthan,4,34020.78,0.1,122474.81,83936.65,38538.16,UPI,2025,12,December,Q4,31.466192925712644
O00890,2026-02-20,C0419,Arun Rao,P5533,Shampoo,Beauty,North,Delhi,7,1018.74,0.0,7131.18,5603.95,1527.23,UPI,2026,2,February,Q1,21.416231254855436
O00891,2025-07-08,C1061,Rahul Verma,P1077,Skin Care Set,Beauty,South,Andhra Pradesh,6,4148.11,0.1,22399.79,17074.84,5324.95,Debit Card,2025,7,July,Q3,23.772321079795837
O00892,2026-04-01,C0799,Sneha Reddy,P9667,Mixer Grinder,Home & Kitchen,North,Punjab,6,5290.59,0.2,25394.83,18410.9,6983.93,Debit Card,2026,4,April,Q2,27.501385124452497
O00893,2026-03-20,C0511,Ravi Iyer,P4870,Smartwatch,Electronics,South,Kerala,4,12635.47,0.1,45487.69,26441.15,19046.54,UPI,2026,3,March,Q1,41.871855880129324
O00894,2025-08-08,C0609,Divya Nair,P0899,Perfume,Beauty,South,Telangana,6,4664.41,0.0,27986.46,17742.72,10243.74,Credit Card,2025,8,August,Q3,36.60248563055134
O00895,2025-10-29,C1063,Rahul Singh,P7291,Jacket,Clothing,South,Karnataka,1,6011.55,0.05,5710.97,4551.1,1159.87,Net Banking,2025,10,October,Q4,20.309509592941303
O00896,2025-10-17,C0183,Karthik Sharma,P6547,Shoes,Clothing,South,Kerala,3,1911.04,0.1,5159.81,3836.27,1323.54,Net Banking,2025,10,October,Q4,25.65094451152271
O00897,2026-05-18,C0890,Ananya Reddy,P3067,Cookware Set,Home & Kitchen,East,West Bengal,6,3889.42,0.0,23336.52,16465.11,6871.41,Credit Card,2026,5,May,Q2,29.444878670855807
O00898,2025-08-13,C0409,Sneha Reddy,P6266,Bookshelf,Furniture,East,Jharkhand,6,2660.64,0.1,14367.46,8550.69,5816.77,UPI,2025,8,August,Q3,40.485722598148875
O00899,2025-10-15,C0878,Divya Kumar,P6547,Shoes,Clothing,North,Delhi,7,4027.77,0.1,25374.95,16186.42,9188.53,UPI,2025,10,October,Q4,36.21102701680201
O00900,2025-11-24,C0694,Divya Reddy,P9007,Jeans,Clothing,East,West Bengal,7,1579.12,0.1,9948.46,6533.24,3415.22,UPI,2025,11,November,Q4,34.32913234812222
O00901,2025-08-10,C0078,Priya Iyer,P2376,Dining Table,Furniture,West,Goa,1,10768.43,0.1,9691.59,5840.25,3851.34,Cash,2025,8,August,Q3,39.73899019665504
O00902,2026-04-09,C0363,Sneha Sharma,P9685,Laptop,Electronics,East,Jharkhand,6,55466.88,0.1,299521.15,204978.01,94543.14,Credit Card,2026,4,April,Q2,31.56476262193838
O00903,2026-01-10,C1004,Divya Verma,P9685,Laptop,Electronics,North,Uttar Pradesh,6,79821.53,0.1,431036.26,256745.86,174290.4,Credit Card,2026,1,January,Q1,40.4352060775583
O00904,2025-07-02,C0861,Divya Sharma,P4870,Smartwatch,Electronics,East,West Bengal,3,15748.57,0.15,40158.85,27920.88,12237.97,Net Banking,2025,7,July,Q3,30.473905502772112
O00905,2025-03-13,C0886,Rahul Kumar,P3727,Monitor,Electronics,North,Uttar Pradesh,1,26512.25,0.1,23861.02,17367.64,6493.38,Cash,2025,3,March,Q1,27.213337904247176
O00906,2025-06-26,C0834,Sneha Reddy,P6266,Bookshelf,Furniture,North,Delhi,1,7429.45,0.0,7429.45,5224.05,2205.4,Debit Card,2025,6,June,Q2,29.684566152272378
O00907,2026-01-13,C0627,Vijay Rao,P4636,Smartphone,Electronics,North,Punjab,4,29770.84,0.15,101220.86,66799.75,34421.11,Debit Card,2026,1,January,Q1,34.0059450196333
O00908,2025-04-05,C1170,Karthik Kumar,P7780,Vacuum Cleaner,Home & Kitchen,North,Rajasthan,4,13839.72,0.0,55358.88,38232.0,17126.88,Cash,2025,4,April,Q2,30.93790914845098
O00909,2025-06-04,C1123,Sneha Singh,P8699,Coffee Maker,Home & Kitchen,South,Karnataka,3,4910.97,0.0,14732.91,9270.59,5462.32,Debit Card,2025,6,June,Q2,37.07563543115379
O00910,2026-03-12,C0072,Vijay Sharma,P8566,Dress,Clothing,East,Odisha,6,4625.42,0.1,24977.27,18218.52,6758.75,Net Banking,2026,3,March,Q1,27.059602590675443
O00911,2026-06-19,C0776,Ananya Das,P5057,Headphones,Electronics,South,Telangana,5,6308.19,0.1,28386.86,20601.34,7785.52,UPI,2026,6,June,Q2,27.42649239824341
O00912,2025-10-20,C0227,Ananya Patel,P3727,Monitor,Electronics,North,Haryana,5,15986.13,0.15,67941.05,43882.94,24058.11,Cash,2025,10,October,Q4,35.410271110028475
O00913,2025-04-17,C1183,Ravi Singh,P1796,Mouse,Electronics,South,Tamil Nadu,2,2447.05,0.2,3915.28,2289.56,1625.72,Credit Card,2025,4,April,Q2,41.5224453934329
O00914,2025-10-27,C0386,Vijay Nair,P2376,Dining Table,Furniture,North,Uttar Pradesh,6,21537.7,0.15,109842.27,65922.98,43919.29,Cash,2025,10,October,Q4,39.98396063737575
O00915,2025-02-14,C0148,Rahul Das,P4870,Smartwatch,Electronics,East,Odisha,1,3336.99,0.05,3170.14,2457.35,712.79,Debit Card,2025,2,February,Q1,22.484495952860126
O00916,2026-03-18,C1052,Meena Singh,P2376,Dining Table,Furniture,South,Karnataka,1,30414.94,0.05,28894.19,19743.44,9150.75,Credit Card,2026,3,March,Q1,31.669861657308964
O00917,2025-01-26,C0217,Sneha Das,P0790,Face Cream,Beauty,West,Maharashtra,6,402.92,0.1,2175.77,1336.98,838.79,Debit Card,2025,1,January,Q1,38.55140938610239
O00918,2025-11-29,C0565,Rahul Iyer,P7291,Jacket,Clothing,North,Punjab,4,4629.75,0.0,18519.0,11856.54,6662.46,Debit Card,2025,11,November,Q4,35.97634861493601
O00919,2025-10-13,C0317,Ravi Sharma,P3067,Cookware Set,Home & Kitchen,East,Odisha,3,3261.26,0.15,8316.21,5441.09,2875.12,Cash,2025,10,October,Q4,34.57247953094018
O00920,2026-03-16,C1132,Karthik Kumar,P9685,Laptop,Electronics,East,Jharkhand,7,67682.76,0.15,402712.42,258102.99,144609.43,UPI,2026,3,March,Q1,35.90885774022068
O00921,2025-12-25,C0756,Karthik Sharma,P7780,Vacuum Cleaner,Home & Kitchen,South,Tamil Nadu,6,12974.79,0.05,73956.3,48816.16,25140.14,Debit Card,2025,12,December,Q4,33.99323654644702
O00922,2025-02-19,C0596,Vijay Reddy,P1796,Mouse,Electronics,East,Jharkhand,2,1870.68,0.0,3741.36,2802.84,938.52,UPI,2025,2,February,Q1,25.084995830393225
O00923,2025-03-13,C0880,Divya Kumar,P4333,Desk,Furniture,North,Punjab,7,10693.49,0.1,67368.99,46678.85,20690.14,UPI,2025,3,March,Q1,30.711667192873154
O00924,2026-02-26,C0926,Sneha Patel,P3693,Keyboard,Electronics,West,Gujarat,7,4043.02,0.05,26886.08,17725.76,9160.32,Credit Card,2026,2,February,Q1,34.07086492341018
O00925,2025-10-21,C1116,Arun Reddy,P7780,Vacuum Cleaner,Home & Kitchen,West,Maharashtra,1,7378.01,0.0,7378.01,5326.64,2051.37,Debit Card,2025,10,October,Q4,27.803838704474508
O00926,2025-04-25,C1024,Meena Reddy,P5057,Headphones,Electronics,West,Maharashtra,1,4941.47,0.0,4941.47,3844.72,1096.75,Net Banking,2025,4,April,Q2,22.194812474830364
O00927,2025-01-05,C1173,Sneha Singh,P7050,Makeup Kit,Beauty,North,Rajasthan,2,3507.46,0.1,6313.43,4643.21,1670.22,UPI,2025,1,January,Q1,26.45503315947116
O00928,2026-05-19,C0930,Priya Iyer,P0790,Face Cream,Beauty,North,Delhi,4,1165.41,0.1,4195.48,2588.42,1607.06,Cash,2026,5,May,Q2,38.30455633205259
O00929,2025-09-01,C1060,Priya Rao,P0790,Face Cream,Beauty,South,Andhra Pradesh,7,898.31,0.1,5659.35,3536.97,2122.38,Debit Card,2025,9,September,Q3,37.5021866468764
O00930,2025-02-07,C1067,Vijay Sharma,P8566,Dress,Clothing,South,Karnataka,4,4350.92,0.0,17403.68,10440.51,6963.17,UPI,2025,2,February,Q1,40.00975655723387
O00931,2025-06-11,C0423,Meena Singh,P8566,Dress,Clothing,West,Madhya Pradesh,7,4291.0,0.15,25531.45,18628.39,6903.06,Credit Card,2025,6,June,Q2,27.037477307399303
O00932,2026-04-18,C0975,Ravi Reddy,P3693,Keyboard,Electronics,West,Maharashtra,2,3280.78,0.05,6233.48,4932.75,1300.73,Credit Card,2026,4,April,Q2,20.86683521885047
O00933,2026-05-09,C0937,Ravi Das,P6993,Air Fryer,Home & Kitchen,South,Telangana,6,3674.18,0.0,22045.08,15538.5,6506.58,Debit Card,2026,5,May,Q2,29.514884953921687
O00934,2026-06-15,C0175,Sneha Verma,P1600,Office Chair,Furniture,North,Punjab,3,6521.23,0.05,18585.51,14840.22,3745.29,Cash,2026,6,June,Q2,20.151666540224078
O00935,2025-05-27,C0069,Arun Nair,P0649,Sofa,Furniture,West,Goa,2,43764.56,0.15,74399.75,52679.88,21719.87,Credit Card,2025,5,May,Q2,29.19347175225723
O00936,2026-01-04,C1027,Meena Sharma,P3727,Monitor,Electronics,South,Telangana,5,18713.83,0.1,84212.24,64804.25,19407.99,Cash,2026,1,January,Q1,23.04651912833574
O00937,2026-05-04,C0329,Sneha Das,P9685,Laptop,Electronics,South,Andhra Pradesh,1,81451.38,0.1,73306.24,43699.86,29606.38,UPI,2026,5,May,Q2,40.387257619542346
O00938,2025-03-14,C0009,Ananya Rao,P8566,Dress,Clothing,West,Maharashtra,4,3136.76,0.1,11292.34,8917.04,2375.3,Debit Card,2025,3,March,Q1,21.034612843750722
O00939,2026-04-11,C0012,Karthik Das,P3693,Keyboard,Electronics,East,Odisha,6,3918.1,0.1,21157.74,17111.25,4046.49,Cash,2026,4,April,Q2,19.125341364436842
O00940,2026-03-20,C1170,Ravi Iyer,P3693,Keyboard,Electronics,South,Tamil Nadu,5,4223.93,0.15,17951.7,10698.11,7253.59,UPI,2026,3,March,Q1,40.40614537898918
O00941,2025-11-10,C0023,Ravi Reddy,P9667,Mixer Grinder,Home & Kitchen,North,Rajasthan,3,3535.34,0.05,10075.72,6815.78,3259.94,Debit Card,2025,11,November,Q4,32.35441238938756
O00942,2026-04-05,C0801,Priya Singh,P6547,Shoes,Clothing,North,Punjab,3,2113.84,0.15,5390.29,3800.56,1589.73,UPI,2026,4,April,Q2,29.49247628606253
O00943,2025-03-20,C0474,Ananya Sharma,P9667,Mixer Grinder,Home & Kitchen,North,Punjab,4,8388.69,0.15,28521.55,23226.69,5294.86,Cash,2025,3,March,Q1,18.56441883417977
O00944,2026-06-27,C0898,Arun Singh,P3727,Monitor,Electronics,North,Delhi,5,19020.36,0.0,95101.8,62486.18,32615.62,Debit Card,2026,6,June,Q2,34.295481263235814
O00945,2025-06-28,C1037,Ananya Singh,P7780,Vacuum Cleaner,Home & Kitchen,North,Punjab,4,6183.86,0.05,23498.67,14721.64,8777.03,Credit Card,2025,6,June,Q2,37.35117774750656
O00946,2025-11-29,C0043,Ananya Iyer,P0790,Face Cream,Beauty,South,Kerala,5,1630.83,0.05,7746.44,6222.83,1523.61,Net Banking,2025,11,November,Q4,19.66851870020293
O00947,2025-07-04,C0372,Priya Verma,P0649,Sofa,Furniture,East,Jharkhand,3,25590.34,0.05,72932.47,53061.66,19870.81,Cash,2025,7,July,Q3,27.245491617108264
O00948,2026-05-27,C0576,Priya Nair,P0899,Perfume,Beauty,West,Gujarat,6,3354.35,0.05,19119.79,12486.15,6633.64,Credit Card,2026,5,May,Q2,34.69515094046535
O00949,2025-09-06,C1193,Divya Kumar,P0649,Sofa,Furniture,North,Haryana,2,45983.51,0.05,87368.67,70491.51,16877.16,Cash,2025,9,September,Q3,19.317176282985653
O00950,2025-06-16,C0249,Vijay Das,P3693,Keyboard,Electronics,West,Goa,7,4718.6,0.05,31378.69,22257.43,9121.26,Credit Card,2025,6,June,Q2,29.068326306802483
O00951,2026-01-13,C0718,Priya Verma,P6993,Air Fryer,Home & Kitchen,South,Telangana,7,3528.8,0.0,24701.6,18503.98,6197.62,UPI,2026,1,January,Q1,25.08995368721055
O00952,2025-03-22,C0775,Rahul Singh,P5057,Headphones,Electronics,South,Karnataka,4,3232.56,0.05,12283.73,8527.64,3756.09,Debit Card,2025,3,March,Q1,30.57776424587646
O00953,2026-04-10,C0062,Sneha Kumar,P1600,Office Chair,Furniture,South,Kerala,5,15080.97,0.0,75404.85,56862.72,18542.13,Credit Card,2026,4,April,Q2,24.590102626024716
O00954,2026-06-10,C0757,Sneha Iyer,P7087,Tablet,Electronics,West,Maharashtra,4,15733.86,0.0,62935.44,36840.39,26095.05,Debit Card,2026,6,June,Q2,41.463204197825576
O00955,2025-02-17,C0366,Priya Patel,P1796,Mouse,Electronics,North,Haryana,1,644.17,0.1,579.75,380.33,199.42,UPI,2025,2,February,Q1,34.39758516601984
O00956,2026-02-14,C0900,Priya Rao,P0899,Perfume,Beauty,South,Tamil Nadu,1,1107.94,0.2,886.35,571.06,315.29,Credit Card,2026,2,February,Q1,35.571726744514024
O00957,2025-07-12,C0583,Ravi Das,P7087,Tablet,Electronics,South,Andhra Pradesh,2,33183.47,0.1,59730.25,39864.48,19865.77,Debit Card,2025,7,July,Q3,33.25914423596084
O00958,2026-06-13,C0340,Arun Rao,P6266,Bookshelf,Furniture,South,Karnataka,5,8736.48,0.0,43682.4,34057.12,9625.28,UPI,2026,6,June,Q2,22.034686738823876
O00959,2025-07-21,C0464,Arun Kumar,P9007,Jeans,Clothing,North,Rajasthan,6,979.57,0.05,5583.55,3906.65,1676.9,Net Banking,2025,7,July,Q3,30.03286439630701
O00960,2025-04-14,C1105,Arun Das,P8699,Coffee Maker,Home & Kitchen,West,Maharashtra,1,9612.32,0.0,9612.32,7881.26,1731.06,Net Banking,2025,4,April,Q2,18.008763753183416
O00961,2025-12-16,C0272,Divya Rao,P0649,Sofa,Furniture,South,Telangana,6,48443.67,0.1,261595.82,209296.25,52299.57,Debit Card,2025,12,December,Q4,19.992509819155366
O00962,2026-05-21,C0059,Karthik Rao,P4333,Desk,Furniture,South,Andhra Pradesh,6,15181.67,0.05,86535.52,58017.34,28518.18,Debit Card,2026,5,May,Q2,32.95546152608778
O00963,2025-05-02,C0406,Meena Das,P9007,Jeans,Clothing,North,Uttar Pradesh,6,2266.78,0.15,11560.58,8356.54,3204.04,Credit Card,2025,5,May,Q2,27.715218440597273
O00964,2025-12-02,C0308,Karthik Rao,P7087,Tablet,Electronics,West,Gujarat,1,15303.41,0.15,13007.9,9747.45,3260.45,Debit Card,2025,12,December,Q4,25.065152714888644
O00965,2025-04-27,C0618,Priya Singh,P8566,Dress,Clothing,South,Andhra Pradesh,2,2631.97,0.0,5263.94,4084.76,1179.18,Credit Card,2025,4,April,Q2,22.401091197848004
O00966,2025-06-18,C1141,Rahul Das,P6547,Shoes,Clothing,East,West Bengal,7,2944.28,0.05,19579.46,13737.06,5842.4,UPI,2025,6,June,Q2,29.839433773965162
O00967,2026-06-11,C0360,Arun Rao,P8566,Dress,Clothing,North,Punjab,1,2166.31,0.0,2166.31,1701.15,465.16,Credit Card,2026,6,June,Q2,21.472457773818153
O00968,2025-07-08,C0744,Karthik Das,P9007,Jeans,Clothing,North,Rajasthan,1,2885.11,0.1,2596.6,1853.0,743.6,Credit Card,2025,7,July,Q3,28.637448971732265
O00969,2025-01-17,C0210,Rahul Sharma,P0649,Sofa,Furniture,North,Delhi,5,36538.86,0.15,155290.16,107666.94,47623.22,Credit Card,2025,1,January,Q1,30.667248974435985
O00970,2025-05-15,C0581,Karthik Patel,P1101,T-Shirt,Clothing,South,Kerala,3,1550.31,0.05,4418.38,3582.77,835.61,Net Banking,2025,5,May,Q2,18.912135216979976
O00971,2025-10-21,C0172,Rahul Patel,P2376,Dining Table,Furniture,West,Madhya Pradesh,4,14330.12,0.1,51588.43,33102.0,18486.43,Net Banking,2025,10,October,Q4,35.834449701221764
O00972,2025-09-03,C1057,Ravi Kumar,P3693,Keyboard,Electronics,North,Uttar Pradesh,2,1628.53,0.0,3257.06,2133.3,1123.76,UPI,2025,9,September,Q3,34.50228119838136
O00973,2025-09-17,C0297,Vijay Nair,P6547,Shoes,Clothing,West,Maharashtra,5,5242.4,0.0,26212.0,15238.95,10973.05,Cash,2025,9,September,Q3,41.86269647489699
O00974,2026-04-11,C0522,Vijay Sharma,P1796,Mouse,Electronics,West,Madhya Pradesh,4,1114.76,0.1,4013.14,2900.62,1112.52,Credit Card,2026,4,April,Q2,27.72193344862128
O00975,2025-11-29,C0547,Vijay Rao,P4870,Smartwatch,Electronics,North,Punjab,1,11444.7,0.15,9728.0,7658.56,2069.44,Debit Card,2025,11,November,Q4,21.273026315789476
O00976,2025-05-08,C0853,Ananya Rao,P7087,Tablet,Electronics,North,Punjab,4,12567.84,0.1,45244.22,33426.52,11817.7,Debit Card,2025,5,May,Q2,26.119800496063366
O00977,2025-01-11,C1146,Ravi Singh,P5533,Shampoo,Beauty,South,Karnataka,4,232.62,0.15,790.91,634.45,156.46,Net Banking,2025,1,January,Q1,19.78227611232631
O00978,2025-08-16,C0639,Meena Sharma,P6993,Air Fryer,Home & Kitchen,West,Maharashtra,6,4286.72,0.1,23148.29,14206.55,8941.74,UPI,2025,8,August,Q3,38.62808008712522
O00979,2026-02-24,C0762,Divya Singh,P5533,Shampoo,Beauty,West,Madhya Pradesh,4,904.28,0.05,3436.26,2618.79,817.47,Net Banking,2026,2,February,Q1,23.78952698573449
O00980,2025-09-07,C0799,Meena Verma,P1077,Skin Care Set,Beauty,South,Andhra Pradesh,1,4327.64,0.1,3894.88,2833.58,1061.3,UPI,2025,9,September,Q3,27.248593024688823
O00981,2026-01-06,C0211,Ravi Kumar,P9685,Laptop,Electronics,West,Goa,2,70178.97,0.0,140357.94,99759.24,40598.7,Credit Card,2026,1,January,Q1,28.925118165741104
O00982,2025-03-03,C0619,Divya Rao,P7291,Jacket,Clothing,West,Maharashtra,5,6361.22,0.05,30215.8,20906.7,9309.1,Net Banking,2025,3,March,Q1,30.80871596979064
O00983,2026-06-25,C0013,Vijay Sharma,P7050,Makeup Kit,Beauty,East,Odisha,7,763.82,0.15,4544.73,3164.37,1380.36,Net Banking,2026,6,June,Q2,30.372761418170057
O00984,2025-07-12,C0198,Vijay Patel,P3727,Monitor,Electronics,North,Delhi,4,14731.26,0.0,58925.04,40055.52,18869.52,Cash,2025,7,July,Q3,32.022922682784774
O00985,2025-08-08,C1190,Meena Singh,P5057,Headphones,Electronics,South,Andhra Pradesh,7,2521.26,0.15,15001.5,10361.15,4640.35,UPI,2025,8,August,Q3,30.932573409325737
O00986,2025-12-01,C0352,Arun Das,P9685,Laptop,Electronics,South,Tamil Nadu,2,58964.3,0.1,106135.74,73004.65,33131.09,UPI,2025,12,December,Q4,31.215771426288637
O00987,2025-02-03,C0583,Arun Reddy,P1077,Skin Care Set,Beauty,West,Goa,5,5028.15,0.0,25140.75,15131.22,10009.53,UPI,2025,2,February,Q1,39.81396736374214
O00988,2026-03-26,C0452,Rahul Sharma,P1796,Mouse,Electronics,North,Rajasthan,2,1553.66,0.1,2796.59,1630.93,1165.66,Debit Card,2026,3,March,Q1,41.681476369435636
O00989,2026-02-23,C1060,Karthik Nair,P3693,Keyboard,Electronics,South,Tamil Nadu,3,3108.02,0.05,8857.86,6512.31,2345.55,Net Banking,2026,2,February,Q1,26.479872113580484
O00990,2025-09-10,C0783,Rahul Nair,P7780,Vacuum Cleaner,Home & Kitchen,North,Haryana,4,12650.83,0.0,50603.32,30075.1,20528.22,Cash,2025,9,September,Q3,40.56694303852
O00991,2026-02-12,C1055,Ananya Patel,P3727,Monitor,Electronics,West,Maharashtra,7,17607.57,0.1,110927.69,64979.98,45947.71,Credit Card,2026,2,February,Q1,41.42131689571828
O00992,2025-10-16,C0140,Ravi Nair,P7291,Jacket,Clothing,South,Telangana,4,3896.95,0.15,13249.63,10705.38,2544.25,Cash,2025,10,October,Q4,19.202423011057668
O00993,2025-11-03,C0021,Karthik Reddy,P7050,Makeup Kit,Beauty,West,Goa,1,2156.65,0.05,2048.82,1606.91,441.91,Credit Card,2025,11,November,Q4,21.569000693081872
O00994,2026-03-02,C0191,Divya Das,P7087,Tablet,Electronics,West,Gujarat,2,19167.58,0.1,34501.64,23029.5,11472.14,Credit Card,2026,3,March,Q1,33.250999082942144
O00995,2025-01-30,C1079,Arun Sharma,P3727,Monitor,Electronics,West,Maharashtra,1,16281.96,0.15,13839.67,10864.48,2975.19,Net Banking,2025,1,January,Q1,21.497550158349153
O00996,2025-06-21,C0207,Karthik Sharma,P7087,Tablet,Electronics,North,Haryana,5,38855.67,0.0,194278.35,139699.27,54579.08,Cash,2025,6,June,Q2,28.093238387087393
O00997,2025-06-17,C1075,Meena Kumar,P4636,Smartphone,Electronics,North,Delhi,7,62350.78,0.1,392809.91,316485.5,76324.41,Cash,2025,6,June,Q2,19.430367731812066
O00998,2025-07-20,C0969,Divya Das,P6266,Bookshelf,Furniture,South,Karnataka,7,8046.42,0.1,50692.45,41448.48,9243.97,Credit Card,2025,7,July,Q3,18.235397973465474
O00999,2026-03-22,C0904,Arun Reddy,P9685,Laptop,Electronics,South,Andhra Pradesh,7,80057.37,0.05,532381.51,371141.48,161240.03,Credit Card,2026,3,March,Q1,30.2865570969961
O01000,2025-09-18,C0850,Karthik Reddy,P5057,Headphones,Electronics,West,Gujarat,3,3965.28,0.0,11895.84,9501.96,2393.88,Net Banking,2025,9,September,Q3,20.12367348585724
O01001,2026-03-13,C0923,Arun Kumar,P4636,Smartphone,Electronics,East,West Bengal,5,38088.87,0.15,161877.7,104997.26,56880.44,Net Banking,2026,3,March,Q1,35.13790966884259
O01002,2025-12-09,C1079,Meena Nair,P4333,Desk,Furniture,East,Jharkhand,3,5207.27,0.1,14059.63,9483.67,4575.96,Debit Card,2025,12,December,Q4,32.54680244074702
O01003,2025-10-28,C0214,Priya Patel,P8566,Dress,Clothing,South,Telangana,6,1923.87,0.15,9811.74,6093.51,3718.23,Debit Card,2025,10,October,Q4,37.89572491729295
O01004,2025-09-10,C0987,Ananya Reddy,P8566,Dress,Clothing,South,Telangana,1,4883.9,0.2,3907.12,2809.68,1097.44,Net Banking,2025,9,September,Q3,28.088208194270976
O01005,2026-05-22,C1054,Rahul Nair,P4870,Smartwatch,Electronics,East,West Bengal,1,10960.82,0.05,10412.78,6666.41,3746.37,Cash,2026,5,May,Q2,35.9785763263989
O01006,2025-03-18,C0122,Vijay Iyer,P5533,Shampoo,Beauty,South,Telangana,7,1066.79,0.05,7094.15,4189.88,2904.27,Cash,2025,3,March,Q1,40.93894264992987
O01007,2025-04-24,C1120,Ananya Nair,P6993,Air Fryer,Home & Kitchen,South,Andhra Pradesh,2,3954.02,0.1,7117.24,4208.96,2908.28,Cash,2025,4,April,Q2,40.86246915939325
O01008,2025-08-01,C0811,Priya Iyer,P8699,Coffee Maker,Home & Kitchen,North,Rajasthan,5,2583.99,0.05,12273.95,7507.25,4766.7,UPI,2025,8,August,Q3,38.835908570590554
O01009,2025-05-12,C0898,Sneha Sharma,P4333,Desk,Furniture,South,Andhra Pradesh,3,5462.14,0.0,16386.42,13256.97,3129.45,Cash,2025,5,May,Q2,19.097826126756182
O01010,2026-02-20,C0016,Sneha Rao,P8699,Coffee Maker,Home & Kitchen,West,Maharashtra,3,9586.27,0.1,25882.93,18752.3,7130.63,Net Banking,2026,2,February,Q1,27.549547133960488
O01011,2026-01-04,C0704,Karthik Verma,P9007,Jeans,Clothing,North,Rajasthan,1,2737.87,0.1,2464.08,1516.9,947.18,UPI,2026,1,January,Q1,38.439498717574104
O01012,2025-04-22,C1169,Priya Rao,P3067,Cookware Set,Home & Kitchen,East,West Bengal,2,2905.05,0.15,4938.58,3342.66,1595.92,Credit Card,2025,4,April,Q2,32.31536190564899
O01013,2026-06-12,C0641,Rahul Verma,P7050,Makeup Kit,Beauty,East,Jharkhand,5,2926.9,0.1,13171.05,8224.85,4946.2,Cash,2026,6,June,Q2,37.553573936778015
O01014,2025-04-01,C0079,Vijay Nair,P7087,Tablet,Electronics,West,Madhya Pradesh,6,13041.06,0.05,74334.04,43425.38,30908.66,Debit Card,2025,4,April,Q2,41.58076165374572
O01015,2025-02-07,C1141,Arun Rao,P6266,Bookshelf,Furniture,North,Delhi,2,7988.75,0.0,15977.5,10932.0,5045.5,Cash,2025,2,February,Q1,31.578782663120013
O01016,2025-02-15,C0082,Priya Sharma,P0790,Face Cream,Beauty,East,Jharkhand,3,1421.02,0.1,3836.75,2859.42,977.33,Net Banking,2025,2,February,Q1,25.47286114550075
O01017,2025-08-16,C0915,Karthik Rao,P2376,Dining Table,Furniture,North,Punjab,7,34746.06,0.05,231061.3,169180.98,61880.32,Credit Card,2025,8,August,Q3,26.780910520281846
O01018,2026-01-16,C0295,Sneha Nair,P6547,Shoes,Clothing,North,Delhi,2,5207.05,0.0,10414.1,8158.59,2255.51,Credit Card,2026,1,January,Q1,21.65823258850981
O01019,2025-11-25,C0010,Meena Singh,P3693,Keyboard,Electronics,North,Uttar Pradesh,6,1012.88,0.0,6077.28,4131.46,1945.82,Debit Card,2025,11,November,Q4,32.017942237316696
O01020,2026-01-13,C0085,Meena Kumar,P5533,Shampoo,Beauty,South,Karnataka,6,646.26,0.1,3489.8,2090.77,1399.03,UPI,2026,1,January,Q1,40.08911685483408
O01021,2025-11-20,C0727,Priya Kumar,P7291,Jacket,Clothing,North,Uttar Pradesh,1,5101.15,0.15,4335.98,2958.42,1377.56,Cash,2025,11,November,Q4,31.77044174558001
O01022,2025-12-08,C0039,Rahul Kumar,P5533,Shampoo,Beauty,North,Punjab,6,754.19,0.1,4072.63,2770.18,1302.45,Debit Card,2025,12,December,Q4,31.980562928623517
O01023,2025-02-01,C0910,Divya Singh,P4333,Desk,Furniture,South,Tamil Nadu,4,11143.0,0.15,37886.2,29878.63,8007.57,Cash,2025,2,February,Q1,21.13584893707999
O01024,2026-06-28,C0095,Arun Das,P1101,T-Shirt,Clothing,South,Kerala,7,693.69,0.1,4370.25,3424.78,945.47,Debit Card,2026,6,June,Q2,21.634231451289974
O01025,2025-08-08,C0316,Meena Singh,P7087,Tablet,Electronics,East,Bihar,5,39663.8,0.1,178487.1,128157.44,50329.66,UPI,2025,8,August,Q3,28.197925788474347
O01026,2025-01-15,C0056,Divya Patel,P6547,Shoes,Clothing,North,Haryana,2,2848.47,0.05,5412.09,4127.62,1284.47,Net Banking,2025,1,January,Q1,23.733345158709483
O01027,2025-05-31,C0112,Meena Verma,P8699,Coffee Maker,Home & Kitchen,East,West Bengal,4,9738.56,0.05,37006.53,22455.3,14551.23,Net Banking,2025,5,May,Q2,39.32070907485787
O01028,2026-01-07,C0303,Ananya Reddy,P7087,Tablet,Electronics,West,Madhya Pradesh,2,36734.31,0.0,73468.62,48599.31,24869.31,Debit Card,2026,1,January,Q1,33.85024790175725
O01029,2025-06-15,C1134,Rahul Iyer,P4636,Smartphone,Electronics,North,Rajasthan,7,24629.81,0.1,155167.8,121821.56,33346.24,Cash,2025,6,June,Q2,21.490438093470424
O01030,2026-01-13,C0504,Arun Kumar,P6993,Air Fryer,Home & Kitchen,South,Karnataka,4,4309.65,0.0,17238.6,13238.27,4000.33,Net Banking,2026,1,January,Q1,23.20565475154595
O01031,2026-02-27,C0804,Vijay Rao,P4333,Desk,Furniture,North,Punjab,2,14625.52,0.05,27788.49,18944.41,8844.08,Net Banking,2026,2,February,Q1,31.82641446152705
O01032,2026-01-04,C0244,Vijay Verma,P0899,Perfume,Beauty,North,Delhi,7,1657.82,0.05,11024.5,7691.62,3332.88,Net Banking,2026,1,January,Q1,30.231575128123726
O01033,2025-08-09,C0518,Divya Rao,P6266,Bookshelf,Furniture,East,Odisha,3,8141.78,0.0,24425.34,19372.28,5053.06,Credit Card,2025,8,August,Q3,20.687777529401842
O01034,2025-09-05,C0926,Rahul Rao,P1101,T-Shirt,Clothing,North,Uttar Pradesh,1,1721.91,0.1,1549.72,1012.49,537.23,Debit Card,2025,9,September,Q3,34.66626229254317
O01035,2025-03-31,C0069,Rahul Sharma,P3693,Keyboard,Electronics,East,Bihar,7,1750.19,0.05,11638.76,9161.25,2477.51,Debit Card,2025,3,March,Q1,21.286717829047085
O01036,2025-12-31,C1140,Divya Sharma,P8566,Dress,Clothing,South,Tamil Nadu,2,1522.94,0.0,3045.88,2246.32,799.56,UPI,2025,12,December,Q4,26.250541715366328
O01037,2025-10-10,C1097,Karthik Patel,P0899,Perfume,Beauty,North,Haryana,6,1252.57,0.0,7515.42,5871.19,1644.23,Cash,2025,10,October,Q4,21.87808532324208
O01038,2025-08-05,C0992,Vijay Nair,P5057,Headphones,Electronics,North,Punjab,1,4159.79,0.0,4159.79,2462.52,1697.27,Net Banking,2025,8,August,Q3,40.80181932261004
O01039,2025-10-15,C0400,Priya Nair,P4333,Desk,Furniture,North,Uttar Pradesh,2,6551.91,0.0,13103.82,9799.07,3304.75,Net Banking,2025,10,October,Q4,25.219745081968465
O01040,2026-04-21,C0897,Sneha Reddy,P0790,Face Cream,Beauty,North,Delhi,7,1377.3,0.05,9159.04,5532.43,3626.61,Credit Card,2026,4,April,Q2,39.59596202222067
O01041,2025-04-24,C0339,Priya Singh,P0649,Sofa,Furniture,West,Gujarat,5,35130.13,0.2,140520.52,115184.67,25335.85,Net Banking,2025,4,April,Q2,18.030000173640122
O01042,2025-08-24,C0763,Meena Verma,P7780,Vacuum Cleaner,Home & Kitchen,North,Uttar Pradesh,6,15162.7,0.05,86427.39,62039.73,24387.66,Cash,2025,8,August,Q3,28.21751298980566
O01043,2026-05-24,C1001,Arun Verma,P5533,Shampoo,Beauty,South,Telangana,1,596.79,0.05,566.95,352.28,214.67,Debit Card,2026,5,May,Q2,37.86400917188464
O01044,2025-02-09,C0986,Ravi Singh,P9007,Jeans,Clothing,South,Kerala,5,3363.77,0.05,15977.91,9492.65,6485.26,UPI,2025,2,February,Q1,40.58891306810465
O01045,2025-08-24,C0784,Karthik Nair,P3693,Keyboard,Electronics,West,Maharashtra,2,4506.01,0.0,9012.02,5590.53,3421.49,Debit Card,2025,8,August,Q3,37.965850053595084
O01046,2025-10-10,C0113,Vijay Reddy,P5533,Shampoo,Beauty,South,Andhra Pradesh,2,545.58,0.0,1091.16,799.44,291.72,Cash,2025,10,October,Q4,26.734850984273617
O01047,2025-04-08,C1180,Priya Verma,P1101,T-Shirt,Clothing,South,Karnataka,5,904.13,0.0,4520.65,3376.46,1144.19,Net Banking,2025,4,April,Q2,25.31029829781116
O01048,2026-05-21,C0596,Meena Singh,P7780,Vacuum Cleaner,Home & Kitchen,East,Bihar,2,17661.16,0.0,35322.32,27456.51,7865.81,Debit Card,2026,5,May,Q2,22.26866751674296
O01049,2026-06-07,C0181,Karthik Das,P3693,Keyboard,Electronics,West,Madhya Pradesh,2,2632.21,0.1,4737.98,3456.94,1281.04,Net Banking,2026,6,June,Q2,27.03768272554971
O01050,2025-09-14,C0015,Priya Iyer,P8699,Coffee Maker,Home & Kitchen,South,Telangana,7,3357.18,0.1,21150.23,16622.36,4527.87,Cash,2025,9,September,Q3,21.40813598717366
O01051,2026-03-31,C1151,Ananya Sharma,P9667,Mixer Grinder,Home & Kitchen,East,Jharkhand,1,5862.36,0.0,5862.36,4549.06,1313.3,Debit Card,2026,3,March,Q1,22.40224073581288
O01052,2025-05-25,C0508,Arun Das,P1796,Mouse,Electronics,West,Goa,7,2907.72,0.0,20354.04,11894.58,8459.46,Credit Card,2025,5,May,Q2,41.56157696457312
O01053,2025-06-25,C1047,Ravi Kumar,P3727,Monitor,Electronics,South,Andhra Pradesh,4,23792.52,0.1,85653.07,51625.2,34027.87,Cash,2025,6,June,Q2,39.72755442391032
O01054,2025-06-25,C0329,Arun Kumar,P7050,Makeup Kit,Beauty,North,Uttar Pradesh,4,4468.79,0.0,17875.16,12384.98,5490.18,Cash,2025,6,June,Q2,30.714018783608093
O01055,2025-04-16,C0196,Arun Kumar,P3067,Cookware Set,Home & Kitchen,West,Maharashtra,4,4054.49,0.05,15407.06,12608.54,2798.52,Cash,2025,4,April,Q2,18.163880714425726
O01056,2025-10-12,C0372,Ananya Iyer,P8566,Dress,Clothing,West,Goa,7,4025.78,0.05,26771.44,19115.7,7655.74,Credit Card,2025,10,October,Q4,28.59666868872201
O01057,2025-08-01,C0100,Divya Reddy,P9685,Laptop,Electronics,West,Madhya Pradesh,3,68090.54,0.1,183844.46,142718.36,41126.1,Net Banking,2025,8,August,Q3,22.37005129227174
O01058,2026-03-31,C0542,Priya Rao,P4870,Smartwatch,Electronics,South,Kerala,2,16752.72,0.1,30154.9,18214.03,11940.87,Net Banking,2026,3,March,Q1,39.598440054518505
O01059,2026-02-01,C0335,Ravi Nair,P6993,Air Fryer,Home & Kitchen,South,Kerala,3,11175.51,0.15,28497.55,18677.81,9819.74,Net Banking,2026,2,February,Q1,34.45819026547896
O01060,2025-01-13,C1094,Sneha Verma,P6993,Air Fryer,Home & Kitchen,North,Uttar Pradesh,5,10537.44,0.1,47418.48,32959.42,14459.06,UPI,2025,1,January,Q1,30.49245779282676
O01061,2025-09-17,C0610,Karthik Rao,P3067,Cookware Set,Home & Kitchen,West,Maharashtra,4,4617.34,0.05,17545.89,12146.79,5399.1,Cash,2025,9,September,Q3,30.771308836428364
O01062,2026-03-19,C1152,Arun Sharma,P7780,Vacuum Cleaner,Home & Kitchen,West,Goa,1,6556.97,0.1,5901.27,3431.35,2469.92,Cash,2026,3,March,Q1,41.854041587658244
O01063,2026-06-05,C0340,Divya Kumar,P7087,Tablet,Electronics,South,Tamil Nadu,6,30046.42,0.1,162250.67,107735.96,54514.71,Debit Card,2026,6,June,Q2,33.599066185674296
O01064,2025-05-29,C0516,Vijay Rao,P1796,Mouse,Electronics,South,Karnataka,3,569.12,0.2,1365.89,1015.51,350.38,Cash,2025,5,May,Q2,25.652138898447163
O01065,2026-03-11,C0726,Karthik Nair,P6266,Bookshelf,Furniture,East,Jharkhand,6,6440.26,0.15,32845.33,24740.66,8104.67,Net Banking,2026,3,March,Q1,24.675258248280652
O01066,2025-04-18,C1072,Vijay Sharma,P0899,Perfume,Beauty,South,Telangana,6,4239.02,0.0,25434.12,15352.67,10081.45,Cash,2025,4,April,Q2,39.63750269323256
O01067,2026-05-26,C0035,Ravi Kumar,P5057,Headphones,Electronics,South,Kerala,7,5952.07,0.05,39581.27,30287.57,9293.7,Credit Card,2026,5,May,Q2,23.480044980871007
O01068,2026-01-01,C0288,Arun Das,P4333,Desk,Furniture,East,Jharkhand,6,23492.25,0.15,119810.48,79096.31,40714.17,Net Banking,2026,1,January,Q1,33.982144132967335
O01069,2026-04-15,C0427,Rahul Das,P2376,Dining Table,Furniture,East,West Bengal,2,30812.68,0.05,58544.09,35191.36,23352.73,Net Banking,2026,4,April,Q2,39.889133130261314
O01070,2026-04-05,C0667,Vijay Kumar,P9007,Jeans,Clothing,East,West Bengal,4,3235.11,0.1,11646.4,8282.5,3363.9,Cash,2026,4,April,Q2,28.883603516966616
O01071,2025-11-26,C0607,Ravi Singh,P9685,Laptop,Electronics,South,Kerala,3,59743.98,0.15,152347.15,104724.98,47622.17,Net Banking,2025,11,November,Q4,31.258983184129143
O01072,2026-04-02,C0072,Divya Nair,P8566,Dress,Clothing,West,Goa,6,2566.91,0.1,13861.31,8956.69,4904.62,Net Banking,2026,4,April,Q2,35.3835243566445
O01073,2025-01-04,C1149,Priya Reddy,P0649,Sofa,Furniture,South,Karnataka,7,12176.49,0.15,72450.12,47364.85,25085.27,UPI,2025,1,January,Q1,34.62419385916821
O01074,2026-02-03,C0607,Rahul Kumar,P6547,Shoes,Clothing,South,Tamil Nadu,6,5141.48,0.0,30848.88,24364.56,6484.32,UPI,2026,2,February,Q1,21.019628589433392
O01075,2025-06-22,C1040,Karthik Reddy,P7291,Jacket,Clothing,South,Kerala,3,5271.9,0.0,15815.7,10603.12,5212.58,Debit Card,2025,6,June,Q2,32.95826299183722
O01076,2025-09-11,C0155,Ananya Patel,P9685,Laptop,Electronics,South,Andhra Pradesh,6,71716.57,0.0,430299.42,313964.48,116334.94,Net Banking,2025,9,September,Q3,27.03581148215352
O01077,2025-07-25,C0555,Divya Kumar,P6266,Bookshelf,Furniture,West,Madhya Pradesh,3,10180.37,0.0,30541.11,19749.82,10791.29,Credit Card,2025,7,July,Q3,35.33365355745093
O01078,2026-04-02,C0444,Arun Singh,P9007,Jeans,Clothing,North,Haryana,2,945.05,0.1,1701.09,1073.35,627.74,Debit Card,2026,4,April,Q2,36.902221516792174
O01079,2025-04-25,C0210,Sneha Reddy,P1101,T-Shirt,Clothing,East,Odisha,7,784.57,0.05,5217.39,3545.84,1671.55,Debit Card,2025,4,April,Q2,32.03804967617908
O01080,2025-08-15,C0754,Sneha Verma,P9685,Laptop,Electronics,East,Jharkhand,5,77926.61,0.1,350669.74,256038.53,94631.21,Credit Card,2025,8,August,Q3,26.98584999093449
O01081,2026-05-24,C0149,Karthik Rao,P7087,Tablet,Electronics,South,Tamil Nadu,5,27379.04,0.05,130050.44,83060.85,46989.59,Net Banking,2026,5,May,Q2,36.13181931564399
O01082,2025-07-16,C1060,Meena Das,P6266,Bookshelf,Furniture,South,Kerala,2,4988.77,0.2,7982.03,6156.84,1825.19,Debit Card,2025,7,July,Q3,22.866238287753866
O01083,2025-10-19,C0341,Meena Kumar,P9007,Jeans,Clothing,East,Bihar,4,2910.52,0.15,9895.77,7418.89,2476.88,UPI,2025,10,October,Q4,25.02968440050648
O01084,2025-04-30,C1147,Divya Reddy,P4636,Smartphone,Electronics,West,Gujarat,3,39331.1,0.1,106193.97,86414.89,19779.08,Credit Card,2025,4,April,Q2,18.62542666028966
O01085,2025-03-24,C1046,Divya Verma,P5533,Shampoo,Beauty,West,Madhya Pradesh,2,432.18,0.15,734.71,573.5,161.21,Debit Card,2025,3,March,Q1,21.941990717425924
O01086,2025-10-28,C0645,Meena Rao,P6993,Air Fryer,Home & Kitchen,South,Karnataka,4,9196.58,0.0,36786.32,25518.96,11267.36,Net Banking,2025,10,October,Q4,30.62921216365214
O01087,2025-06-26,C1184,Ananya Kumar,P4870,Smartwatch,Electronics,West,Maharashtra,5,16810.88,0.0,84054.4,64955.74,19098.66,UPI,2025,6,June,Q2,22.721784939277423
O01088,2025-02-16,C0522,Ananya Sharma,P4333,Desk,Furniture,North,Punjab,1,23930.05,0.0,23930.05,18491.77,5438.28,Cash,2025,2,February,Q1,22.72573605153353
O01089,2025-09-01,C0038,Vijay Nair,P8566,Dress,Clothing,North,Punjab,7,1156.97,0.2,6479.03,4790.92,1688.11,Net Banking,2025,9,September,Q3,26.05498045232079
O01090,2025-05-09,C0085,Ananya Patel,P4333,Desk,Furniture,South,Andhra Pradesh,5,13268.33,0.0,66341.65,49848.4,16493.25,Net Banking,2025,5,May,Q2,24.86107897527421
O01091,2025-05-13,C0646,Arun Reddy,P6547,Shoes,Clothing,North,Punjab,1,5833.92,0.15,4958.83,3962.92,995.91,Net Banking,2025,5,May,Q2,20.083568099733203
O01092,2025-08-06,C0993,Karthik Das,P4870,Smartwatch,Electronics,East,Jharkhand,1,2695.19,0.15,2290.91,1648.36,642.55,Debit Card,2025,8,August,Q3,28.04780633023558
O01093,2025-01-07,C0755,Sneha Verma,P1796,Mouse,Electronics,North,Haryana,2,1551.46,0.05,2947.77,2192.54,755.23,UPI,2025,1,January,Q1,25.620384222649665
O01094,2025-12-04,C0017,Sneha Kumar,P1101,T-Shirt,Clothing,South,Karnataka,1,1575.32,0.05,1496.55,950.46,546.09,Debit Card,2025,12,December,Q4,36.48992683171294
O01095,2025-12-11,C0324,Ananya Kumar,P3693,Keyboard,Electronics,North,Uttar Pradesh,2,4965.77,0.0,9931.54,5886.56,4044.98,UPI,2025,12,December,Q4,40.72862818857901
O01096,2025-05-07,C0511,Vijay Kumar,P5057,Headphones,Electronics,North,Delhi,3,11676.83,0.1,31527.44,24176.9,7350.54,Net Banking,2025,5,May,Q2,23.314737891817412
O01097,2025-10-05,C0439,Ravi Kumar,P1101,T-Shirt,Clothing,South,Andhra Pradesh,5,663.13,0.05,3149.87,2386.68,763.19,Net Banking,2025,10,October,Q4,24.229253905716746
O01098,2025-01-10,C0917,Divya Reddy,P1600,Office Chair,Furniture,North,Punjab,6,14241.74,0.1,76905.4,57001.84,19903.56,Debit Card,2025,1,January,Q1,25.880575356216863
O01099,2026-05-15,C0260,Meena Reddy,P7087,Tablet,Electronics,North,Uttar Pradesh,1,21491.53,0.05,20416.95,16192.61,4224.34,Credit Card,2026,5,May,Q2,20.69035776646365
O01100,2025-04-06,C0527,Arun Sharma,P2376,Dining Table,Furniture,North,Haryana,3,10583.06,0.05,30161.72,24328.86,5832.86,Debit Card,2025,4,April,Q2,19.338618619893026
O01101,2025-03-25,C0136,Ananya Rao,P0649,Sofa,Furniture,South,Andhra Pradesh,7,25346.35,0.05,168553.23,125439.05,43114.18,Net Banking,2025,3,March,Q1,25.578969919472915
O01102,2025-03-15,C0776,Karthik Sharma,P2376,Dining Table,Furniture,South,Kerala,6,23858.9,0.0,143153.4,110173.4,32980.0,Debit Card,2025,3,March,Q1,23.03822333245316
O01103,2025-12-09,C1139,Arun Nair,P4636,Smartphone,Electronics,South,Kerala,7,50560.73,0.0,353925.11,287948.95,65976.16,Net Banking,2025,12,December,Q4,18.641276963931723
O01104,2025-06-10,C0504,Arun Das,P9667,Mixer Grinder,Home & Kitchen,East,Odisha,1,2836.59,0.15,2411.1,1924.13,486.97,Debit Card,2025,6,June,Q2,20.197005516154455
O01105,2026-06-27,C1162,Ravi Nair,P4636,Smartphone,Electronics,South,Karnataka,2,54416.91,0.05,103392.13,75677.42,27714.71,UPI,2026,6,June,Q2,26.805434804370503
O01106,2025-04-15,C0773,Rahul Das,P9007,Jeans,Clothing,North,Haryana,4,1640.48,0.15,5577.63,4240.24,1337.39,Cash,2025,4,April,Q2,23.977746820782304
O01107,2026-05-10,C0121,Ananya Sharma,P9667,Mixer Grinder,Home & Kitchen,South,Kerala,1,2602.53,0.15,2212.15,1749.62,462.53,UPI,2026,5,May,Q2,20.90861831250141
O01108,2025-03-15,C0012,Sneha Kumar,P7291,Jacket,Clothing,East,Bihar,5,4584.73,0.0,22923.65,17387.52,5536.13,Debit Card,2025,3,March,Q1,24.15029892709058
O01109,2025-02-05,C0755,Meena Das,P7291,Jacket,Clothing,South,Karnataka,3,6849.58,0.2,16438.99,12118.54,4320.45,Cash,2025,2,February,Q1,26.28172412052078
O01110,2025-03-23,C0034,Arun Kumar,P1796,Mouse,Electronics,South,Karnataka,2,1353.33,0.2,2165.33,1481.65,683.68,UPI,2025,3,March,Q1,31.573940230819318
O01111,2025-10-21,C1020,Arun Iyer,P7291,Jacket,Clothing,East,West Bengal,2,6265.63,0.1,11278.13,7052.24,4225.89,Net Banking,2025,10,October,Q4,37.46977557449684
O01112,2026-03-07,C0242,Ananya Das,P0899,Perfume,Beauty,South,Andhra Pradesh,2,1256.34,0.1,2261.41,1395.02,866.39,UPI,2026,3,March,Q1,38.3119381270977
O01113,2026-01-02,C0440,Priya Singh,P9685,Laptop,Electronics,East,Bihar,2,78732.16,0.05,149591.1,107138.43,42452.67,Credit Card,2026,1,January,Q1,28.379141539837594
O01114,2026-01-17,C0238,Rahul Das,P3727,Monitor,Electronics,South,Kerala,3,29792.31,0.1,80439.24,52367.95,28071.29,Credit Card,2026,1,January,Q1,34.897507733787634
O01115,2025-11-28,C0862,Priya Verma,P7087,Tablet,Electronics,West,Maharashtra,3,27289.29,0.05,77774.48,53150.78,24623.7,Credit Card,2025,11,November,Q4,31.660385257477774
O01116,2025-05-10,C0926,Vijay Sharma,P4333,Desk,Furniture,South,Karnataka,3,21800.17,0.1,58860.46,38707.97,20152.49,Cash,2025,5,May,Q2,34.237737863414594
O01117,2025-10-03,C0153,Karthik Iyer,P9007,Jeans,Clothing,East,Jharkhand,4,1385.7,0.1,4988.52,3343.22,1645.3,Debit Card,2025,10,October,Q4,32.981726042994715
O01118,2026-03-11,C0933,Ravi Das,P1077,Skin Care Set,Beauty,North,Haryana,7,4922.79,0.05,32736.55,22664.83,10071.72,Credit Card,2026,3,March,Q1,30.765978699649168
O01119,2025-11-13,C0763,Karthik Singh,P7050,Makeup Kit,Beauty,East,Bihar,7,4170.45,0.15,24814.18,20231.84,4582.34,Net Banking,2025,11,November,Q4,18.4666186833496
O01120,2026-03-29,C0219,Divya Das,P1101,T-Shirt,Clothing,West,Gujarat,5,1292.65,0.1,5816.92,3730.13,2086.79,Cash,2026,3,March,Q1,35.87448340358815
O01121,2025-05-13,C0350,Meena Das,P5533,Shampoo,Beauty,West,Madhya Pradesh,5,805.57,0.1,3625.07,2661.9,963.17,Cash,2025,5,May,Q2,26.569693826601963
O01122,2026-02-09,C0980,Meena Reddy,P7780,Vacuum Cleaner,Home & Kitchen,South,Telangana,2,13878.54,0.1,24981.37,19773.2,5208.17,Debit Card,2026,2,February,Q1,20.84821609063074
O01123,2025-03-28,C0963,Divya Rao,P8699,Coffee Maker,Home & Kitchen,West,Goa,6,2946.45,0.1,15910.83,9725.42,6185.41,UPI,2025,3,March,Q1,38.87547035572626
O01124,2025-10-15,C0331,Sneha Patel,P7291,Jacket,Clothing,North,Delhi,2,2325.6,0.15,3953.52,3161.31,792.21,Cash,2025,10,October,Q4,20.03809263643538
O01125,2025-08-31,C0408,Sneha Patel,P3067,Cookware Set,Home & Kitchen,South,Karnataka,2,4223.43,0.0,8446.86,6167.34,2279.52,Credit Card,2025,8,August,Q3,26.986596202612567
O01126,2025-02-17,C0828,Arun Nair,P4870,Smartwatch,Electronics,West,Madhya Pradesh,3,9876.33,0.05,28147.54,18949.56,9197.98,Credit Card,2025,2,February,Q1,32.67774022170321
O01127,2025-05-22,C1067,Rahul Nair,P6266,Bookshelf,Furniture,West,Goa,6,4980.13,0.05,28386.74,22659.62,5727.12,Net Banking,2025,5,May,Q2,20.175335385465186
O01128,2025-01-21,C1014,Meena Verma,P1101,T-Shirt,Clothing,South,Tamil Nadu,4,1384.46,0.05,5260.95,3173.29,2087.66,UPI,2025,1,January,Q1,39.68218667731113
O01129,2025-08-18,C0875,Divya Singh,P2376,Dining Table,Furniture,South,Kerala,3,27407.3,0.0,82221.9,61934.33,20287.57,Net Banking,2025,8,August,Q3,24.67416831768665
O01130,2025-06-18,C0770,Divya Nair,P5057,Headphones,Electronics,North,Punjab,5,1762.01,0.0,8810.05,6556.24,2253.81,Credit Card,2025,6,June,Q2,25.58226116764377
O01131,2025-11-16,C0492,Ravi Iyer,P4870,Smartwatch,Electronics,East,Jharkhand,5,9553.3,0.05,45378.18,28863.2,16514.98,Debit Card,2025,11,November,Q4,36.394099542996216
O01132,2025-11-04,C0167,Sneha Reddy,P0899,Perfume,Beauty,North,Haryana,4,1162.24,0.15,3951.62,2443.03,1508.59,UPI,2025,11,November,Q4,38.17649470343809
O01133,2025-05-08,C0869,Divya Sharma,P4636,Smartphone,Electronics,North,Delhi,4,51896.64,0.0,207586.56,164400.2,43186.36,Net Banking,2025,5,May,Q2,20.80402507753874
O01134,2025-06-12,C0399,Ananya Kumar,P5057,Headphones,Electronics,West,Goa,4,10337.52,0.1,37215.07,28297.89,8917.18,Cash,2025,6,June,Q2,23.96120711313992
O01135,2025-09-06,C0585,Divya Nair,P7780,Vacuum Cleaner,Home & Kitchen,West,Madhya Pradesh,2,8693.77,0.1,15648.79,9484.58,6164.21,Credit Card,2025,9,September,Q3,39.3909688864123
O01136,2025-09-11,C0050,Rahul Nair,P6993,Air Fryer,Home & Kitchen,South,Karnataka,3,7384.33,0.05,21045.34,13005.54,8039.8,Credit Card,2025,9,September,Q3,38.20228136014909
O01137,2025-12-28,C0563,Arun Rao,P2376,Dining Table,Furniture,East,Bihar,4,23127.29,0.0,92509.16,73720.46,18788.7,UPI,2025,12,December,Q4,20.310096859597472
O01138,2025-11-18,C0928,Vijay Sharma,P7291,Jacket,Clothing,South,Karnataka,1,3144.93,0.05,2987.68,1899.96,1087.72,Net Banking,2025,11,November,Q4,36.40684410646388
O01139,2025-09-20,C0878,Meena Nair,P5533,Shampoo,Beauty,North,Rajasthan,6,521.59,0.0,3129.54,1898.28,1231.26,UPI,2025,9,September,Q3,39.343162253877566
O01140,2025-11-21,C0308,Meena Nair,P3727,Monitor,Electronics,West,Maharashtra,2,15833.2,0.0,31666.4,23082.72,8583.68,Net Banking,2025,11,November,Q4,27.106586160725566
O01141,2025-12-10,C0129,Vijay Kumar,P6547,Shoes,Clothing,East,Jharkhand,7,2923.99,0.1,18421.14,13386.89,5034.25,Net Banking,2025,12,December,Q4,27.328656098373934
O01142,2026-04-22,C0837,Vijay Iyer,P3067,Cookware Set,Home & Kitchen,North,Punjab,5,2699.41,0.0,13497.05,9861.91,3635.14,Cash,2026,4,April,Q2,26.932848289070577
O01143,2026-02-03,C0827,Rahul Sharma,P9685,Laptop,Electronics,West,Goa,4,70632.89,0.2,226025.25,139907.47,86117.78,Net Banking,2026,2,February,Q1,38.10095553483516
O01144,2026-02-01,C1121,Sneha Kumar,P2376,Dining Table,Furniture,North,Uttar Pradesh,5,28093.99,0.1,126422.96,78136.14,48286.82,Debit Card,2026,2,February,Q1,38.19466021045544
O01145,2025-05-03,C0616,Priya Iyer,P3693,Keyboard,Electronics,North,Rajasthan,7,2405.41,0.1,15154.08,12411.24,2742.84,Net Banking,2025,5,May,Q2,18.09968008615502
O01146,2025-02-18,C0224,Vijay Kumar,P7050,Makeup Kit,Beauty,South,Kerala,6,2983.74,0.15,15217.07,9540.61,5676.46,Credit Card,2025,2,February,Q1,37.303239059819006
O01147,2025-05-31,C0630,Divya Patel,P3727,Monitor,Electronics,East,Bihar,4,28295.89,0.05,107524.38,67327.72,40196.66,Cash,2025,5,May,Q2,37.38376357064324
O01148,2026-04-12,C1072,Sneha Kumar,P1101,T-Shirt,Clothing,North,Haryana,5,1714.74,0.15,7287.64,4373.58,2914.06,UPI,2026,4,April,Q2,39.98633302413401
O01149,2025-04-23,C0859,Arun Iyer,P7780,Vacuum Cleaner,Home & Kitchen,North,Haryana,2,9345.2,0.2,14952.32,10538.72,4413.6,Debit Card,2025,4,April,Q2,29.517827333818435
O01150,2025-05-16,C0031,Vijay Verma,P4870,Smartwatch,Electronics,South,Karnataka,1,8253.2,0.0,8253.2,6685.12,1568.08,Net Banking,2025,5,May,Q2,18.999660737653272
O01151,2026-02-05,C0848,Divya Nair,P6547,Shoes,Clothing,North,Punjab,2,5359.72,0.1,9647.5,7824.68,1822.82,UPI,2026,2,February,Q1,18.894221300855143
O01152,2026-06-05,C1131,Arun Rao,P4636,Smartphone,Electronics,South,Karnataka,2,25866.27,0.2,41386.03,27729.04,13656.99,Credit Card,2026,6,June,Q2,32.99903373191388
O01153,2026-01-15,C0394,Karthik Das,P1600,Office Chair,Furniture,North,Uttar Pradesh,7,7436.52,0.0,52055.64,40784.01,11271.63,Cash,2026,1,January,Q1,21.653042782684064
O01154,2025-08-22,C0712,Ananya Singh,P9685,Laptop,Electronics,West,Madhya Pradesh,1,72226.86,0.05,68615.52,46421.52,22194.0,UPI,2025,8,August,Q3,32.345451874444734
O01155,2025-08-07,C0619,Ananya Reddy,P3067,Cookware Set,Home & Kitchen,North,Haryana,7,6023.78,0.1,37949.81,28492.18,9457.63,Net Banking,2025,8,August,Q3,24.92141594384794
O01156,2025-02-16,C0089,Vijay Sharma,P7050,Makeup Kit,Beauty,West,Madhya Pradesh,3,3166.01,0.1,8548.23,6102.85,2445.38,Cash,2025,2,February,Q1,28.606857793952667
O01157,2026-05-01,C0921,Ananya Verma,P5057,Headphones,Electronics,South,Andhra Pradesh,3,6901.43,0.0,20704.29,16403.45,4300.84,Debit Card,2026,5,May,Q2,20.77269976415516
O01158,2025-04-18,C0135,Meena Nair,P8566,Dress,Clothing,South,Karnataka,1,4572.55,0.05,4343.92,3560.14,783.78,Net Banking,2025,4,April,Q2,18.043149965929388
O01159,2025-10-20,C1143,Vijay Patel,P4870,Smartwatch,Electronics,South,Kerala,6,12177.2,0.0,73063.2,51201.59,21861.61,Net Banking,2025,10,October,Q4,29.921506312343286
O01160,2025-06-22,C0761,Divya Patel,P7780,Vacuum Cleaner,Home & Kitchen,West,Gujarat,1,14462.13,0.0,14462.13,10163.36,4298.77,Debit Card,2025,6,June,Q2,29.724321382811524
O01161,2025-09-28,C0313,Divya Patel,P0790,Face Cream,Beauty,East,Jharkhand,2,1091.98,0.15,1856.37,1126.41,729.96,UPI,2025,9,September,Q3,39.32190242246966
O01162,2025-01-19,C0589,Meena Verma,P4333,Desk,Furniture,West,Madhya Pradesh,7,17318.09,0.1,109103.97,84542.17,24561.8,Credit Card,2025,1,January,Q1,22.51228804964659
O01163,2025-04-22,C0746,Sneha Verma,P3693,Keyboard,Electronics,West,Maharashtra,7,1628.1,0.15,9687.2,6582.8,3104.4,Cash,2025,4,April,Q2,32.04641175984805
O01164,2025-10-02,C1087,Divya Das,P0790,Face Cream,Beauty,East,Odisha,6,1508.11,0.1,8143.79,5817.84,2325.95,Cash,2025,10,October,Q4,28.561026254360684
O01165,2025-03-23,C0567,Meena Das,P7291,Jacket,Clothing,South,Kerala,1,4273.0,0.05,4059.35,2669.34,1390.01,UPI,2025,3,March,Q1,34.242181630063925
O01166,2025-05-26,C0260,Vijay Singh,P8699,Coffee Maker,Home & Kitchen,West,Maharashtra,1,9651.79,0.15,8204.02,5597.11,2606.91,UPI,2025,5,May,Q2,31.77600737199568
O01167,2025-06-19,C1050,Sneha Patel,P4636,Smartphone,Electronics,West,Maharashtra,6,24595.17,0.05,140192.47,105032.87,35159.6,Cash,2025,6,June,Q2,25.07952103276303
O01168,2025-07-10,C0474,Karthik Sharma,P3727,Monitor,Electronics,South,Tamil Nadu,7,21809.61,0.1,137400.54,109855.44,27545.1,Net Banking,2025,7,July,Q3,20.047301124144052
O01169,2026-05-20,C0444,Priya Singh,P4870,Smartwatch,Electronics,East,Odisha,5,12193.66,0.15,51823.06,38186.06,13637.0,Cash,2026,5,May,Q2,26.31454028380416
O01170,2025-05-27,C0399,Rahul Sharma,P4333,Desk,Furniture,East,Odisha,5,20161.53,0.1,90726.88,58596.12,32130.76,Cash,2025,5,May,Q2,35.414818629275025
O01171,2025-12-21,C1026,Ravi Nair,P3727,Monitor,Electronics,East,Jharkhand,5,18694.84,0.0,93474.2,60977.14,32497.06,Net Banking,2025,12,December,Q4,34.76580703552424
O01172,2025-05-09,C0819,Vijay Kumar,P8699,Coffee Maker,Home & Kitchen,North,Haryana,1,2841.86,0.05,2699.77,1622.74,1077.03,UPI,2025,5,May,Q2,39.89339832652411
O01173,2025-07-20,C0680,Vijay Patel,P8566,Dress,Clothing,South,Kerala,7,3619.33,0.0,25335.31,15098.32,10236.99,UPI,2025,7,July,Q3,40.40601831988636
O01174,2025-05-26,C0663,Karthik Rao,P6547,Shoes,Clothing,North,Uttar Pradesh,6,1330.44,0.05,7583.51,5691.16,1892.35,Cash,2025,5,May,Q2,24.953484600138985
O01175,2026-01-19,C0577,Ananya Iyer,P1077,Skin Care Set,Beauty,South,Telangana,6,4422.76,0.1,23882.9,16778.3,7104.6,Credit Card,2026,1,January,Q1,29.747643711609562
O01176,2026-04-28,C0017,Ananya Rao,P1101,T-Shirt,Clothing,South,Telangana,6,393.48,0.0,2360.88,1439.85,921.03,Cash,2026,4,April,Q2,39.01214801260547
O01177,2025-04-22,C0826,Arun Das,P1101,T-Shirt,Clothing,South,Karnataka,5,1105.51,0.15,4698.42,2791.05,1907.37,Credit Card,2025,4,April,Q2,40.595987587316586
O01178,2025-04-25,C0382,Sneha Reddy,P7291,Jacket,Clothing,West,Maharashtra,5,5059.24,0.1,22766.58,18456.07,4310.51,UPI,2025,4,April,Q2,18.9334981363033
O01179,2025-08-25,C0038,Ravi Reddy,P4636,Smartphone,Electronics,North,Rajasthan,7,44734.48,0.1,281827.22,220950.9,60876.32,Cash,2025,8,August,Q3,21.600582087138356
O01180,2025-10-20,C0756,Ananya Kumar,P0790,Face Cream,Beauty,North,Rajasthan,7,1032.09,0.15,6140.94,4487.43,1653.51,Debit Card,2025,10,October,Q4,26.9260080704257
O01181,2025-12-06,C0905,Ravi Rao,P5057,Headphones,Electronics,West,Maharashtra,6,6452.58,0.0,38715.48,24304.93,14410.55,Credit Card,2025,12,December,Q4,37.22167463763848
O01182,2025-03-26,C0754,Meena Verma,P7780,Vacuum Cleaner,Home & Kitchen,East,Odisha,4,10045.25,0.05,38171.95,27365.1,10806.85,Credit Card,2025,3,March,Q1,28.310971799973544
O01183,2025-05-14,C0962,Ravi Rao,P1796,Mouse,Electronics,West,Gujarat,2,2824.49,0.0,5648.98,4216.81,1432.17,Credit Card,2025,5,May,Q2,25.352718543878723
O01184,2026-04-02,C1147,Vijay Reddy,P9667,Mixer Grinder,Home & Kitchen,North,Delhi,5,3603.55,0.1,16215.98,11287.67,4928.31,Cash,2026,4,April,Q2,30.391687705584246
O01185,2026-01-02,C1100,Vijay Reddy,P1796,Mouse,Electronics,East,Odisha,2,495.08,0.0,990.16,751.75,238.41,Debit Card,2026,1,January,Q1,24.077926799709136
O01186,2025-07-04,C0099,Rahul Rao,P4636,Smartphone,Electronics,South,Karnataka,4,64362.05,0.05,244575.79,179530.75,65045.04,UPI,2025,7,July,Q3,26.595044423652887
O01187,2026-01-22,C0818,Divya Reddy,P1796,Mouse,Electronics,South,Kerala,3,1317.48,0.05,3754.82,2580.88,1173.94,Cash,2026,1,January,Q1,31.26488087311775
O01188,2025-03-20,C1075,Sneha Patel,P8566,Dress,Clothing,South,Kerala,7,1005.33,0.05,6685.44,4230.44,2455.0,UPI,2025,3,March,Q1,36.72159199693663
O01189,2026-06-17,C0598,Arun Reddy,P4333,Desk,Furniture,North,Delhi,6,19080.82,0.0,114484.92,79157.72,35327.2,Cash,2026,6,June,Q2,30.85751381055252
O01190,2025-08-01,C1089,Meena Nair,P3727,Monitor,Electronics,South,Andhra Pradesh,3,13150.6,0.05,37479.21,29721.81,7757.4,UPI,2025,8,August,Q3,20.697874901845584
O01191,2025-03-30,C1091,Ravi Patel,P7087,Tablet,Electronics,East,Odisha,2,35303.33,0.05,67076.33,49843.2,17233.13,Debit Card,2025,3,March,Q1,25.69182005038141
O01192,2026-04-22,C1136,Ravi Rao,P1101,T-Shirt,Clothing,West,Madhya Pradesh,6,834.83,0.15,4257.63,2514.74,1742.89,UPI,2026,4,April,Q2,40.93568487632791
O01193,2025-12-26,C0354,Arun Singh,P7780,Vacuum Cleaner,Home & Kitchen,North,Haryana,2,13670.6,0.05,25974.14,20887.74,5086.4,Net Banking,2025,12,December,Q4,19.582554032587794
O01194,2026-02-08,C0096,Priya Rao,P1101,T-Shirt,Clothing,South,Kerala,5,909.11,0.15,3863.72,2270.78,1592.94,Net Banking,2026,2,February,Q1,41.22814282608471
O01195,2025-06-25,C0514,Ravi Sharma,P9007,Jeans,Clothing,North,Rajasthan,1,2090.56,0.1,1881.5,1497.38,384.12,Credit Card,2025,6,June,Q2,20.415625830454427
O01196,2026-02-25,C0018,Meena Rao,P3067,Cookware Set,Home & Kitchen,South,Kerala,6,4863.3,0.05,27720.81,21882.51,5838.3,Cash,2026,2,February,Q1,21.06107289072722
O01197,2025-09-02,C0599,Vijay Reddy,P7087,Tablet,Electronics,West,Goa,1,38264.79,0.1,34438.31,24528.25,9910.06,UPI,2025,9,September,Q3,28.77626689579135
O01198,2025-01-12,C0028,Divya Singh,P1600,Office Chair,Furniture,East,Bihar,7,10159.76,0.1,64006.49,47785.7,16220.79,UPI,2025,1,January,Q1,25.34241449578004
O01199,2025-06-28,C0750,Divya Das,P7050,Makeup Kit,Beauty,East,West Bengal,1,1149.17,0.15,976.79,674.24,302.55,Net Banking,2025,6,June,Q2,30.97390431924979
O01200,2026-05-16,C1090,Divya Sharma,P8566,Dress,Clothing,East,Jharkhand,5,4083.59,0.0,20417.95,12846.88,7571.07,UPI,2026,5,May,Q2,37.080461064896326
O01201,2026-04-14,C0091,Sneha Sharma,P1101,T-Shirt,Clothing,North,Delhi,6,1583.12,0.05,9023.78,6052.8,2970.98,Credit Card,2026,4,April,Q2,32.923896637551
O01202,2025-07-17,C0143,Meena Rao,P9685,Laptop,Electronics,South,Telangana,5,74427.48,0.0,372137.4,238497.88,133639.52,Debit Card,2025,7,July,Q3,35.91133812403698
O01203,2025-01-18,C0672,Sneha Singh,P1796,Mouse,Electronics,East,Bihar,1,1129.02,0.2,903.22,563.44,339.78,Debit Card,2025,1,January,Q1,37.61874183476893
O01204,2026-02-12,C0652,Divya Verma,P8699,Coffee Maker,Home & Kitchen,North,Punjab,2,5818.53,0.0,11637.06,8413.9,3223.16,Cash,2026,2,February,Q1,27.697373735290533
O01205,2025-03-06,C1180,Divya Sharma,P4333,Desk,Furniture,South,Tamil Nadu,6,8842.15,0.1,47747.61,28087.04,19660.57,Debit Card,2025,3,March,Q1,41.176029543677686
O01206,2025-06-25,C0192,Rahul Verma,P7291,Jacket,Clothing,South,Karnataka,7,4109.7,0.1,25891.11,19295.61,6595.5,UPI,2025,6,June,Q2,25.47399474182451
O01207,2025-07-23,C0911,Rahul Sharma,P9685,Laptop,Electronics,West,Madhya Pradesh,7,70169.97,0.0,491189.79,361153.58,130036.21,Net Banking,2025,7,July,Q3,26.473720066534774
O01208,2025-03-01,C0036,Rahul Singh,P7291,Jacket,Clothing,South,Andhra Pradesh,5,2874.38,0.1,12934.71,7887.65,5047.06,Debit Card,2025,3,March,Q1,39.01950642882601
O01209,2025-11-20,C0614,Meena Verma,P7050,Makeup Kit,Beauty,North,Haryana,7,3959.31,0.15,23557.89,15258.21,8299.68,Cash,2025,11,November,Q4,35.230999041085596
O01210,2026-06-21,C0511,Meena Das,P3693,Keyboard,Electronics,North,Uttar Pradesh,7,1504.28,0.15,8950.47,6029.95,2920.52,Net Banking,2026,6,June,Q2,32.62979485993473
O01211,2026-05-21,C0720,Priya Patel,P6993,Air Fryer,Home & Kitchen,North,Punjab,1,9124.63,0.15,7755.94,5833.63,1922.31,UPI,2026,5,May,Q2,24.785003494096138
O01212,2025-02-25,C0082,Arun Reddy,P5533,Shampoo,Beauty,South,Andhra Pradesh,1,252.66,0.0,252.66,182.82,69.84,Debit Card,2025,2,February,Q1,27.641890287342676
O01213,2026-04-13,C0364,Vijay Iyer,P4870,Smartwatch,Electronics,North,Rajasthan,1,6014.93,0.05,5714.18,4621.52,1092.66,Debit Card,2026,4,April,Q2,19.12190375521947
O01214,2026-05-18,C0656,Vijay Nair,P6266,Bookshelf,Furniture,East,Bihar,3,11954.13,0.05,34069.27,24978.92,9090.35,Net Banking,2026,5,May,Q2,26.681962953711665
O01215,2025-03-19,C0290,Ravi Verma,P4636,Smartphone,Electronics,South,Tamil Nadu,3,19343.96,0.15,49327.1,38336.13,10990.97,Cash,2025,3,March,Q1,22.281808579867864
O01216,2025-04-28,C0132,Meena Patel,P0790,Face Cream,Beauty,West,Goa,5,539.38,0.0,2696.9,1870.0,826.9,UPI,2025,4,April,Q2,30.661129444918238
O01217,2025-05-23,C0387,Priya Patel,P9685,Laptop,Electronics,East,West Bengal,1,81572.43,0.05,77493.81,58824.44,18669.37,Credit Card,2025,5,May,Q2,24.091433883557926
O01218,2025-09-10,C1000,Arun Das,P3727,Monitor,Electronics,West,Madhya Pradesh,4,14300.6,0.0,57202.4,35111.74,22090.66,Credit Card,2025,9,September,Q3,38.61841461197432
O01219,2025-02-09,C0648,Ananya Verma,P6993,Air Fryer,Home & Kitchen,East,Bihar,3,3686.6,0.15,9400.83,7489.24,1911.59,Cash,2025,2,February,Q1,20.334268357155697
O01220,2025-05-13,C0847,Ananya Singh,P6993,Air Fryer,Home & Kitchen,West,Maharashtra,2,5074.78,0.05,9642.08,6373.55,3268.53,Debit Card,2025,5,May,Q2,33.898598642616534
O01221,2025-06-14,C1200,Ravi Nair,P6547,Shoes,Clothing,South,Telangana,4,3873.35,0.1,13944.06,9364.9,4579.16,Debit Card,2025,6,June,Q2,32.83950298550064
O01222,2025-04-19,C0458,Priya Rao,P0790,Face Cream,Beauty,South,Kerala,7,362.02,0.1,2280.73,1737.72,543.01,UPI,2025,4,April,Q2,23.8086051395825
O01223,2026-05-13,C0858,Meena Verma,P9685,Laptop,Electronics,East,Odisha,3,64457.16,0.15,164365.76,128843.73,35522.03,Debit Card,2026,5,May,Q2,21.611575306195157
O01224,2026-06-19,C0111,Sneha Rao,P8566,Dress,Clothing,North,Rajasthan,7,2961.91,0.0,20733.37,15822.15,4911.22,Credit Card,2026,6,June,Q2,23.687514378993864
O01225,2025-09-18,C0709,Arun Reddy,P1600,Office Chair,Furniture,South,Andhra Pradesh,7,14483.4,0.05,96314.61,76442.54,19872.07,UPI,2025,9,September,Q3,20.632456488169343
O01226,2025-08-26,C0621,Ravi Kumar,P6266,Bookshelf,Furniture,East,Odisha,3,4509.44,0.1,12175.49,9361.66,2813.83,Credit Card,2025,8,August,Q3,23.110609922064736
O01227,2025-09-02,C0100,Karthik Das,P0899,Perfume,Beauty,South,Andhra Pradesh,6,1509.19,0.0,9055.14,5991.37,3063.77,Net Banking,2025,9,September,Q3,33.83459559984716
O01228,2025-06-19,C0203,Sneha Sharma,P7291,Jacket,Clothing,South,Andhra Pradesh,3,3215.69,0.0,9647.07,7116.04,2531.03,UPI,2025,6,June,Q2,26.236256189703198
O01229,2025-06-15,C0397,Sneha Sharma,P0899,Perfume,Beauty,East,Jharkhand,2,1890.68,0.0,3781.36,2406.04,1375.32,Credit Card,2025,6,June,Q2,36.371041106903334
O01230,2025-07-07,C1191,Arun Iyer,P4636,Smartphone,Electronics,West,Madhya Pradesh,5,20624.4,0.2,82497.6,63501.88,18995.72,Net Banking,2025,7,July,Q3,23.025784992533115
O01231,2025-05-15,C0004,Priya Rao,P2376,Dining Table,Furniture,North,Delhi,3,29680.78,0.15,75685.99,60930.53,14755.46,UPI,2025,5,May,Q2,19.495629243932726
O01232,2026-03-11,C0483,Ananya Rao,P3727,Monitor,Electronics,South,Karnataka,6,15237.42,0.1,82282.07,56167.84,26114.23,UPI,2026,3,March,Q1,31.73744899709013
O01233,2026-02-15,C0778,Ravi Singh,P8699,Coffee Maker,Home & Kitchen,West,Goa,1,8216.28,0.15,6983.84,5478.92,1504.92,Credit Card,2026,2,February,Q1,21.548603633531123
O01234,2026-03-26,C0822,Ravi Rao,P3693,Keyboard,Electronics,North,Rajasthan,7,2402.55,0.05,15976.96,10384.99,5591.97,Credit Card,2026,3,March,Q1,35.000212806441276
O01235,2025-03-08,C0862,Ravi Reddy,P4870,Smartwatch,Electronics,North,Haryana,2,6514.48,0.05,12377.51,9117.84,3259.67,Cash,2025,3,March,Q1,26.33542610751274
O01236,2025-12-14,C0380,Rahul Reddy,P5057,Headphones,Electronics,South,Kerala,4,6262.32,0.05,23796.82,14583.91,9212.91,Cash,2025,12,December,Q4,38.71487871068487
O01237,2026-03-25,C0473,Rahul Nair,P1101,T-Shirt,Clothing,West,Madhya Pradesh,1,342.15,0.2,273.72,223.16,50.56,Credit Card,2026,3,March,Q1,18.471430659067657
O01238,2025-03-12,C0624,Rahul Verma,P7087,Tablet,Electronics,South,Kerala,7,15913.61,0.1,100255.74,81849.02,18406.72,Net Banking,2025,3,March,Q1,18.359766732558157
O01239,2025-06-17,C0996,Rahul Das,P1101,T-Shirt,Clothing,East,Odisha,7,1670.6,0.15,9940.07,6370.9,3569.17,Net Banking,2025,6,June,Q2,35.906889991720384
O01240,2025-02-27,C0717,Ananya Nair,P9007,Jeans,Clothing,East,Jharkhand,7,2246.39,0.1,14152.26,10000.06,4152.2,Net Banking,2025,2,February,Q1,29.339483587780325
O01241,2025-01-11,C0956,Rahul Reddy,P9685,Laptop,Electronics,South,Karnataka,4,74950.95,0.1,269823.42,202569.67,67253.75,Cash,2025,1,January,Q1,24.925097309936998
O01242,2026-04-03,C0369,Ravi Singh,P1600,Office Chair,Furniture,South,Kerala,2,14529.9,0.0,29059.8,19446.51,9613.29,Credit Card,2026,4,April,Q2,33.081060434001614
O01243,2026-03-04,C0216,Meena Nair,P0790,Face Cream,Beauty,South,Kerala,3,1678.86,0.0,5036.58,3956.09,1080.49,Debit Card,2026,3,March,Q1,21.452850942504636
O01244,2025-06-22,C0561,Rahul Verma,P3067,Cookware Set,Home & Kitchen,North,Uttar Pradesh,5,6502.13,0.05,30885.12,20723.6,10161.52,Net Banking,2025,6,June,Q2,32.90102159227486
O01245,2026-02-22,C0509,Meena Reddy,P6266,Bookshelf,Furniture,South,Kerala,5,2869.87,0.0,14349.35,11186.42,3162.93,Credit Card,2026,2,February,Q1,22.042322474537173
O01246,2025-11-18,C0883,Sneha Verma,P1101,T-Shirt,Clothing,East,Bihar,4,944.01,0.15,3209.63,1977.7,1231.93,Debit Card,2025,11,November,Q4,38.3823057486377
O01247,2025-07-16,C0583,Sneha Sharma,P0790,Face Cream,Beauty,West,Maharashtra,7,544.16,0.15,3237.75,2424.09,813.66,Debit Card,2025,7,July,Q3,25.130414639796157
O01248,2025-05-07,C0638,Ravi Patel,P1077,Skin Care Set,Beauty,East,West Bengal,5,2544.56,0.05,12086.66,8479.51,3607.15,Debit Card,2025,5,May,Q2,29.844059483761438
O01249,2025-03-31,C0160,Arun Rao,P1101,T-Shirt,Clothing,South,Andhra Pradesh,4,1280.15,0.1,4608.54,3430.81,1177.73,Credit Card,2025,3,March,Q1,25.55538196478711
O01250,2026-03-23,C0922,Meena Reddy,P7087,Tablet,Electronics,East,West Bengal,7,21300.86,0.0,149106.02,93646.49,55459.53,Credit Card,2026,3,March,Q1,37.19469542544292
O01251,2026-06-27,C1159,Rahul Iyer,P2376,Dining Table,Furniture,East,West Bengal,7,11579.37,0.1,72950.03,52380.47,20569.56,Net Banking,2026,6,June,Q2,28.196780727848914
O01252,2026-02-03,C0010,Sneha Reddy,P7291,Jacket,Clothing,North,Haryana,2,2265.29,0.1,4077.52,2841.48,1236.04,Credit Card,2026,2,February,Q1,30.313523906688378
O01253,2025-03-28,C1170,Karthik Rao,P1796,Mouse,Electronics,North,Delhi,1,2204.37,0.05,2094.15,1266.89,827.26,Debit Card,2025,3,March,Q1,39.50337845904066
O01254,2026-06-22,C0133,Rahul Patel,P4870,Smartwatch,Electronics,South,Telangana,6,11575.47,0.05,65980.18,48678.48,17301.7,UPI,2026,6,June,Q2,26.222571687437053
O01255,2025-06-10,C0889,Rahul Rao,P0649,Sofa,Furniture,North,Rajasthan,6,21302.81,0.1,115035.17,87933.76,27101.41,Cash,2025,6,June,Q2,23.559238448554474
O01256,2025-04-11,C0029,Meena Verma,P0899,Perfume,Beauty,North,Punjab,6,1016.56,0.0,6099.36,4032.19,2067.17,Net Banking,2025,4,April,Q2,33.891588625691874
O01257,2026-06-19,C0136,Ravi Das,P9685,Laptop,Electronics,West,Goa,5,71460.31,0.0,357301.55,208976.57,148324.98,Net Banking,2026,6,June,Q2,41.51254871410438
O01258,2026-01-13,C0467,Divya Iyer,P9667,Mixer Grinder,Home & Kitchen,East,West Bengal,5,8221.89,0.2,32887.56,21636.48,11251.08,UPI,2026,1,January,Q1,34.210747163973245
O01259,2025-06-30,C0149,Sneha Sharma,P4870,Smartwatch,Electronics,South,Kerala,1,12302.21,0.1,11071.99,6742.59,4329.4,Debit Card,2025,6,June,Q2,39.102275200754335
O01260,2025-01-24,C0222,Meena Rao,P1101,T-Shirt,Clothing,South,Karnataka,4,982.4,0.1,3536.64,2290.27,1246.37,UPI,2025,1,January,Q1,35.24164178429243
O01261,2026-05-27,C0103,Sneha Patel,P5057,Headphones,Electronics,North,Punjab,3,7277.18,0.2,17465.23,13017.32,4447.91,Cash,2026,5,May,Q2,25.467228315916824
O01262,2025-08-28,C0390,Vijay Das,P2376,Dining Table,Furniture,West,Madhya Pradesh,2,14732.51,0.15,25045.27,15190.47,9854.8,Cash,2025,8,August,Q3,39.34794873443169
O01263,2026-02-24,C1174,Rahul Reddy,P2376,Dining Table,Furniture,South,Tamil Nadu,2,9709.62,0.2,15535.39,9128.1,6407.29,Debit Card,2026,2,February,Q1,41.24318732905965
O01264,2026-03-07,C0487,Meena Verma,P7087,Tablet,Electronics,North,Uttar Pradesh,1,18055.55,0.05,17152.77,13060.87,4091.9,UPI,2026,3,March,Q1,23.855622153156602
O01265,2025-11-24,C0862,Ananya Reddy,P9685,Laptop,Electronics,West,Maharashtra,6,59580.5,0.15,303860.55,229614.35,74246.2,Credit Card,2025,11,November,Q4,24.434300536874563
O01266,2026-05-25,C0949,Meena Nair,P9685,Laptop,Electronics,North,Haryana,1,82795.95,0.0,82795.95,52940.89,29855.06,Credit Card,2026,5,May,Q2,36.05859948463663
O01267,2025-03-14,C0354,Meena Patel,P3727,Monitor,Electronics,East,Bihar,1,11251.95,0.0,11251.95,8450.5,2801.45,UPI,2025,3,March,Q1,24.897462217660046
O01268,2026-03-11,C0293,Sneha Das,P0899,Perfume,Beauty,East,West Bengal,7,4206.35,0.15,25027.78,19187.85,5839.93,UPI,2026,3,March,Q1,23.33379149089532
O01269,2026-04-23,C1079,Divya Singh,P1077,Skin Care Set,Beauty,West,Goa,3,5890.5,0.05,16787.92,11582.42,5205.5,Cash,2026,4,April,Q2,31.007414855443677
O01270,2025-10-03,C0090,Meena Singh,P0649,Sofa,Furniture,West,Goa,3,38918.85,0.0,116756.55,85788.66,30967.89,Cash,2025,10,October,Q4,26.523471274202603
O01271,2025-10-28,C0140,Ananya Iyer,P8699,Coffee Maker,Home & Kitchen,South,Tamil Nadu,7,8599.47,0.1,54176.66,37377.75,16798.91,Debit Card,2025,10,October,Q4,31.007651634486137
O01272,2025-04-21,C0404,Ravi Nair,P0790,Face Cream,Beauty,South,Karnataka,1,886.6,0.15,753.61,614.52,139.09,Debit Card,2025,4,April,Q2,18.456496065604224
O01273,2026-06-30,C0918,Ananya Nair,P5533,Shampoo,Beauty,South,Tamil Nadu,3,775.66,0.1,2094.28,1373.05,721.23,UPI,2026,6,June,Q2,34.4380885077449
O01274,2025-09-23,C0391,Divya Reddy,P7050,Makeup Kit,Beauty,East,Odisha,4,1553.09,0.0,6212.36,4260.17,1952.19,Net Banking,2025,9,September,Q3,31.424289641939616
O01275,2025-10-08,C0639,Meena Verma,P6993,Air Fryer,Home & Kitchen,North,Haryana,5,10530.78,0.15,44755.82,35797.41,8958.41,Cash,2025,10,October,Q4,20.016190073156967
O01276,2025-11-18,C0711,Sneha Iyer,P6993,Air Fryer,Home & Kitchen,East,West Bengal,3,8096.9,0.1,21861.63,13861.79,7999.84,Debit Card,2025,11,November,Q4,36.59306282285447
O01277,2025-06-28,C1145,Ananya Iyer,P5533,Shampoo,Beauty,North,Punjab,1,392.93,0.0,392.93,245.54,147.39,Debit Card,2025,6,June,Q2,37.510498053088334
O01278,2026-05-15,C0553,Sneha Sharma,P9667,Mixer Grinder,Home & Kitchen,West,Maharashtra,2,6980.7,0.0,13961.4,10978.75,2982.65,UPI,2026,5,May,Q2,21.36354520320312
O01279,2025-06-16,C0910,Rahul Rao,P7087,Tablet,Electronics,North,Delhi,1,12125.49,0.1,10912.94,8175.55,2737.39,Debit Card,2025,6,June,Q2,25.083891233709704
O01280,2025-12-08,C0495,Sneha Nair,P1600,Office Chair,Furniture,North,Punjab,6,6464.47,0.0,38786.82,24605.31,14181.51,Net Banking,2025,12,December,Q4,36.562703516297546
O01281,2026-04-23,C0779,Divya Patel,P9007,Jeans,Clothing,West,Goa,4,2756.25,0.0,11025.0,7394.39,3630.61,Cash,2026,4,April,Q2,32.93070294784581
O01282,2025-06-13,C0126,Arun Nair,P4636,Smartphone,Electronics,East,Odisha,6,45882.17,0.1,247763.72,183130.32,64633.4,Cash,2025,6,June,Q2,26.08670874008511
O01283,2026-04-08,C0695,Ananya Kumar,P9685,Laptop,Electronics,West,Gujarat,4,66174.01,0.05,251461.24,165436.07,86025.17,Cash,2026,4,April,Q2,34.210111268042745
O01284,2026-04-12,C0088,Meena Singh,P5533,Shampoo,Beauty,West,Madhya Pradesh,2,623.52,0.0,1247.04,832.19,414.85,Credit Card,2026,4,April,Q2,33.266775724916606
O01285,2025-12-05,C0306,Karthik Rao,P6266,Bookshelf,Furniture,South,Tamil Nadu,3,11544.55,0.1,31170.28,23013.12,8157.16,Cash,2025,12,December,Q4,26.169671879752123
O01286,2025-04-25,C0223,Karthik Iyer,P0790,Face Cream,Beauty,East,Bihar,6,1704.29,0.0,10225.74,6353.85,3871.89,Credit Card,2025,4,April,Q2,37.86415457463225
O01287,2025-06-28,C0549,Ravi Reddy,P6993,Air Fryer,Home & Kitchen,West,Madhya Pradesh,1,9117.61,0.1,8205.85,5166.42,3039.43,Credit Card,2025,6,June,Q2,37.039794780552896
O01288,2026-01-26,C0926,Ravi Patel,P9667,Mixer Grinder,Home & Kitchen,West,Maharashtra,6,7540.87,0.15,38458.44,27574.05,10884.39,Cash,2026,1,January,Q1,28.301693984467384
O01289,2025-04-19,C0052,Vijay Singh,P1101,T-Shirt,Clothing,North,Rajasthan,5,357.23,0.05,1696.84,1009.85,686.99,Cash,2025,4,April,Q2,40.48643360599703
O01290,2025-07-29,C0238,Ravi Singh,P8566,Dress,Clothing,South,Andhra Pradesh,5,1899.04,0.1,8545.68,6245.07,2300.61,UPI,2025,7,July,Q3,26.921321650237314
O01291,2025-05-30,C0527,Meena Rao,P5057,Headphones,Electronics,West,Goa,5,3178.89,0.0,15894.45,10533.93,5360.52,Cash,2025,5,May,Q2,33.725734454479394
O01292,2026-02-27,C1129,Priya Patel,P4870,Smartwatch,Electronics,South,Karnataka,7,8022.6,0.05,53350.29,41234.58,12115.71,Debit Card,2026,2,February,Q1,22.70973597331898
O01293,2025-11-19,C0696,Vijay Patel,P4333,Desk,Furniture,East,Jharkhand,6,7876.85,0.1,42534.99,31189.82,11345.17,Debit Card,2025,11,November,Q4,26.672558286718772
O01294,2025-03-07,C0082,Ananya Nair,P7050,Makeup Kit,Beauty,West,Madhya Pradesh,2,840.02,0.15,1428.03,1168.59,259.44,Net Banking,2025,3,March,Q1,18.16768555282452
O01295,2026-01-17,C0595,Rahul Nair,P1077,Skin Care Set,Beauty,South,Tamil Nadu,2,3628.66,0.1,6531.59,4872.36,1659.23,Net Banking,2026,1,January,Q1,25.403156046230702
O01296,2025-05-23,C0960,Arun Sharma,P1077,Skin Care Set,Beauty,North,Rajasthan,2,1050.65,0.1,1891.17,1544.65,346.52,UPI,2025,5,May,Q2,18.323048694723372
O01297,2025-10-08,C0188,Ananya Nair,P9685,Laptop,Electronics,South,Telangana,2,57156.98,0.1,102882.56,69319.04,33563.52,Credit Card,2025,10,October,Q4,32.62313846000721
O01298,2025-10-31,C0018,Sneha Das,P7050,Makeup Kit,Beauty,West,Madhya Pradesh,7,814.69,0.05,5417.69,4038.84,1378.85,UPI,2025,10,October,Q4,25.450884048367477
O01299,2026-01-02,C0553,Priya Singh,P5533,Shampoo,Beauty,East,Bihar,2,1058.93,0.0,2117.86,1306.61,811.25,Net Banking,2026,1,January,Q1,38.3051759795265
O01300,2025-06-14,C0489,Karthik Reddy,P1077,Skin Care Set,Beauty,South,Andhra Pradesh,4,2879.27,0.05,10941.23,8515.85,2425.38,Debit Card,2025,6,June,Q2,22.167343159772717
O01301,2025-10-31,C0097,Arun Sharma,P8699,Coffee Maker,Home & Kitchen,West,Madhya Pradesh,1,4295.99,0.15,3651.59,2404.59,1247.0,Net Banking,2025,10,October,Q4,34.14950747482604
O01302,2026-05-14,C0648,Sneha Patel,P9007,Jeans,Clothing,North,Haryana,4,3271.72,0.2,10469.5,7720.99,2748.51,Cash,2026,5,May,Q2,26.25254310138975
O01303,2025-02-13,C0152,Karthik Nair,P4636,Smartphone,Electronics,North,Delhi,2,53656.48,0.1,96581.66,64067.11,32514.55,Credit Card,2025,2,February,Q1,33.66534598804783
O01304,2026-05-04,C0878,Divya Reddy,P6266,Bookshelf,Furniture,West,Gujarat,7,5749.9,0.05,38236.83,31221.51,7015.32,UPI,2026,5,May,Q2,18.347023014198612
O01305,2025-10-01,C0103,Priya Das,P4636,Smartphone,Electronics,North,Haryana,6,59321.78,0.0,355930.68,242578.9,113351.78,UPI,2025,10,October,Q4,31.84658877959045
O01306,2026-03-17,C0458,Vijay Patel,P9007,Jeans,Clothing,West,Maharashtra,7,3071.08,0.15,18272.93,14936.47,3336.46,Net Banking,2026,3,March,Q1,18.25903125552388
O01307,2025-04-09,C0720,Ravi Kumar,P4870,Smartwatch,Electronics,South,Tamil Nadu,3,9072.81,0.1,24496.59,15275.55,9221.04,Credit Card,2025,4,April,Q2,37.64213713010668
O01308,2025-09-25,C1007,Meena Nair,P6993,Air Fryer,Home & Kitchen,West,Madhya Pradesh,6,6160.4,0.1,33266.16,24717.95,8548.21,Net Banking,2025,9,September,Q3,25.696413412308477
O01309,2026-02-21,C0296,Karthik Kumar,P1077,Skin Care Set,Beauty,South,Tamil Nadu,1,5372.22,0.1,4835.0,3025.64,1809.36,Net Banking,2026,2,February,Q1,37.42213029989658
O01310,2025-05-08,C0619,Arun Nair,P3727,Monitor,Electronics,South,Kerala,5,25136.62,0.1,113114.79,82379.94,30734.85,Credit Card,2025,5,May,Q2,27.171380506474886
O01311,2026-02-25,C0592,Karthik Verma,P1077,Skin Care Set,Beauty,North,Rajasthan,6,2601.25,0.15,13266.38,9996.93,3269.45,Debit Card,2026,2,February,Q1,24.644627999499484
O01312,2026-06-11,C0321,Rahul Singh,P6547,Shoes,Clothing,East,Odisha,5,3552.19,0.05,16872.9,10475.71,6397.19,UPI,2026,6,June,Q2,37.91399225977751
O01313,2026-06-27,C0540,Divya Kumar,P7291,Jacket,Clothing,South,Kerala,7,2687.92,0.0,18815.44,11750.96,7064.48,Credit Card,2026,6,June,Q2,37.54618547320711
O01314,2025-10-22,C0762,Meena Kumar,P9667,Mixer Grinder,Home & Kitchen,North,Haryana,3,3216.51,0.1,8684.58,5387.43,3297.15,Debit Card,2025,10,October,Q4,37.96556655589563
O01315,2026-02-15,C0691,Rahul Iyer,P3727,Monitor,Electronics,West,Goa,4,22807.38,0.0,91229.52,59536.47,31693.05,Net Banking,2026,2,February,Q1,34.73990655656195
O01316,2025-11-02,C0762,Meena Verma,P1796,Mouse,Electronics,East,Jharkhand,6,1316.55,0.1,7109.37,4785.97,2323.4,Cash,2025,11,November,Q4,32.68081419310009
O01317,2025-10-27,C0637,Sneha Rao,P4333,Desk,Furniture,South,Karnataka,2,24761.73,0.05,47047.29,28035.53,19011.76,Debit Card,2025,10,October,Q4,40.40989395988589
O01318,2025-07-10,C0665,Karthik Nair,P1796,Mouse,Electronics,East,Jharkhand,5,2216.29,0.0,11081.45,6714.54,4366.91,Debit Card,2025,7,July,Q3,39.4073880223256
O01319,2025-06-09,C0697,Vijay Iyer,P1077,Skin Care Set,Beauty,East,West Bengal,6,4961.22,0.1,26790.59,16748.29,10042.3,Credit Card,2025,6,June,Q2,37.48443016745805
O01320,2025-10-04,C1068,Sneha Das,P1077,Skin Care Set,Beauty,East,Jharkhand,6,3664.91,0.0,21989.46,17985.98,4003.48,Debit Card,2025,10,October,Q4,18.206358864656067
O01321,2026-03-04,C0326,Meena Verma,P1600,Office Chair,Furniture,South,Andhra Pradesh,5,3862.86,0.1,17382.87,13770.83,3612.04,Debit Card,2026,3,March,Q1,20.77930744462796
O01322,2025-05-21,C0110,Divya Iyer,P2376,Dining Table,Furniture,North,Rajasthan,5,31448.56,0.05,149380.66,105075.81,44304.85,UPI,2025,5,May,Q2,29.659026811101246
O01323,2026-05-29,C0077,Priya Patel,P7780,Vacuum Cleaner,Home & Kitchen,South,Karnataka,3,13133.34,0.05,37430.02,22905.55,14524.47,Credit Card,2026,5,May,Q2,38.80433406126954
O01324,2025-05-18,C0709,Ravi Verma,P8699,Coffee Maker,Home & Kitchen,North,Haryana,5,7858.36,0.05,37327.21,23333.84,13993.37,Cash,2025,5,May,Q2,37.48838983679734
O01325,2025-05-15,C1111,Ravi Das,P9685,Laptop,Electronics,North,Punjab,6,73507.03,0.1,396937.96,284216.91,112721.05,Net Banking,2025,5,May,Q2,28.39764934550477
O01326,2025-10-20,C0118,Rahul Iyer,P1796,Mouse,Electronics,South,Andhra Pradesh,2,2989.81,0.05,5680.64,4529.69,1150.95,Credit Card,2025,10,October,Q4,20.26092130464173
O01327,2025-11-20,C0652,Karthik Reddy,P3727,Monitor,Electronics,South,Andhra Pradesh,1,17262.41,0.0,17262.41,12115.52,5146.89,Credit Card,2025,11,November,Q4,29.815593535317493
O01328,2025-06-26,C0119,Vijay Singh,P0790,Face Cream,Beauty,North,Rajasthan,5,1350.19,0.1,6075.86,4881.16,1194.7,Debit Card,2025,6,June,Q2,19.66306004417482
O01329,2026-05-30,C0880,Divya Iyer,P4870,Smartwatch,Electronics,South,Tamil Nadu,5,14871.65,0.1,66922.42,44669.39,22253.03,Net Banking,2026,5,May,Q2,33.25198042748603
O01330,2025-10-30,C0832,Priya Das,P7087,Tablet,Electronics,South,Tamil Nadu,1,36994.97,0.1,33295.47,24471.62,8823.85,Net Banking,2025,10,October,Q4,26.501653227901574
O01331,2025-12-14,C0278,Karthik Rao,P1101,T-Shirt,Clothing,East,Bihar,2,649.16,0.15,1103.57,836.35,267.22,Debit Card,2025,12,December,Q4,24.214141377529295
O01332,2025-01-21,C1019,Vijay Kumar,P9667,Mixer Grinder,Home & Kitchen,South,Andhra Pradesh,3,7845.54,0.05,22359.79,13045.37,9314.42,Cash,2025,1,January,Q1,41.657010195534035
O01333,2026-06-21,C0393,Sneha Rao,P4870,Smartwatch,Electronics,South,Andhra Pradesh,7,3825.63,0.15,22762.5,14725.52,8036.98,Cash,2026,6,June,Q2,35.30798462383306
O01334,2025-11-30,C0940,Arun Patel,P0790,Face Cream,Beauty,North,Uttar Pradesh,6,356.33,0.1,1924.18,1189.97,734.21,Net Banking,2025,11,November,Q4,38.157033125799046
O01335,2025-03-01,C0001,Vijay Nair,P7050,Makeup Kit,Beauty,South,Andhra Pradesh,2,1738.53,0.1,3129.35,2023.31,1106.04,Net Banking,2025,3,March,Q1,35.34408103919344
O01336,2025-12-01,C0797,Vijay Sharma,P3727,Monitor,Electronics,South,Kerala,4,11484.81,0.1,41345.32,27590.09,13755.23,Net Banking,2025,12,December,Q4,33.269134209143864
O01337,2025-08-04,C0520,Vijay Singh,P6547,Shoes,Clothing,North,Rajasthan,5,1287.92,0.05,6117.62,3884.72,2232.9,Cash,2025,8,August,Q3,36.49948836312161
O01338,2025-05-22,C0707,Priya Reddy,P2376,Dining Table,Furniture,North,Rajasthan,4,30649.79,0.05,116469.2,88819.35,27649.85,Debit Card,2025,5,May,Q2,23.74005316427004
O01339,2026-03-25,C1044,Arun Kumar,P4870,Smartwatch,Electronics,East,Jharkhand,5,9337.73,0.05,44354.22,28925.68,15428.54,Cash,2026,3,March,Q1,34.78482994402788
O01340,2025-01-21,C0536,Karthik Patel,P3727,Monitor,Electronics,South,Telangana,6,21774.49,0.05,124114.59,86975.67,37138.92,Debit Card,2025,1,January,Q1,29.923089622259557
O01341,2025-09-19,C1185,Meena Das,P9685,Laptop,Electronics,North,Rajasthan,4,84994.15,0.05,322977.77,203488.49,119489.28,Credit Card,2025,9,September,Q3,36.996131343652536
O01342,2026-04-30,C0239,Vijay Reddy,P0899,Perfume,Beauty,North,Delhi,5,2993.65,0.1,13471.42,9578.89,3892.53,Cash,2026,4,April,Q2,28.894726762286382
O01343,2025-08-17,C0225,Ravi Kumar,P7087,Tablet,Electronics,East,Jharkhand,3,28239.53,0.0,84718.59,57241.89,27476.7,Net Banking,2025,8,August,Q3,32.43290522186453
O01344,2026-04-03,C0511,Ananya Singh,P7291,Jacket,Clothing,South,Kerala,4,4097.34,0.1,14750.42,10491.66,4258.76,Debit Card,2026,4,April,Q2,28.87212703095912
O01345,2026-03-25,C1139,Rahul Singh,P1101,T-Shirt,Clothing,South,Tamil Nadu,3,697.99,0.0,2093.97,1230.65,863.32,Debit Card,2026,3,March,Q1,41.22886192256814
O01346,2026-06-19,C0568,Arun Sharma,P9667,Mixer Grinder,Home & Kitchen,East,Odisha,2,3173.38,0.1,5712.08,3743.48,1968.6,Credit Card,2026,6,June,Q2,34.463803027968794
O01347,2025-09-22,C0731,Divya Rao,P9007,Jeans,Clothing,North,Haryana,7,3248.84,0.0,22741.88,13659.98,9081.9,UPI,2025,9,September,Q3,39.9346931740032
O01348,2025-11-07,C0938,Rahul Reddy,P5533,Shampoo,Beauty,South,Tamil Nadu,3,782.6,0.0,2347.8,1612.7,735.1,Cash,2025,11,November,Q4,31.31016270551154
O01349,2025-09-09,C0868,Sneha Sharma,P7780,Vacuum Cleaner,Home & Kitchen,South,Karnataka,4,6820.51,0.1,24553.84,15633.88,8919.96,UPI,2025,9,September,Q3,36.32816699954059
O01350,2025-04-25,C0274,Sneha Rao,P3693,Keyboard,Electronics,North,Rajasthan,5,3692.21,0.05,17538.0,11709.28,5828.72,Cash,2025,4,April,Q2,33.23480442467785
O01351,2026-05-09,C0359,Divya Sharma,P8566,Dress,Clothing,East,Odisha,2,1307.4,0.05,2484.06,1840.15,643.91,Cash,2026,5,May,Q2,25.92167661006578
O01352,2026-05-25,C0966,Rahul Sharma,P3727,Monitor,Electronics,South,Andhra Pradesh,7,16197.55,0.0,113382.85,83163.19,30219.66,Credit Card,2026,5,May,Q2,26.652760977519968
O01353,2025-12-13,C0576,Vijay Reddy,P2376,Dining Table,Furniture,South,Telangana,3,34822.34,0.05,99243.67,61446.63,37797.04,Net Banking,2025,12,December,Q4,38.08508895328035
O01354,2026-03-26,C1137,Ananya Reddy,P5057,Headphones,Electronics,South,Andhra Pradesh,6,9237.74,0.15,47112.47,27421.18,19691.29,Net Banking,2026,3,March,Q1,41.796343940362284
O01355,2025-11-21,C0265,Karthik Rao,P8699,Coffee Maker,Home & Kitchen,East,West Bengal,6,3337.28,0.05,19022.5,12648.61,6373.89,UPI,2025,11,November,Q4,33.50711000131423
O01356,2025-04-13,C0865,Sneha Sharma,P9007,Jeans,Clothing,West,Madhya Pradesh,3,2903.89,0.0,8711.67,5110.23,3601.44,Debit Card,2025,4,April,Q2,41.340408899786155
O01357,2026-04-27,C0846,Ravi Nair,P7087,Tablet,Electronics,South,Tamil Nadu,1,31883.97,0.1,28695.57,23105.89,5589.68,Net Banking,2026,4,April,Q2,19.479243660258362
O01358,2025-12-12,C1166,Arun Kumar,P6993,Air Fryer,Home & Kitchen,West,Maharashtra,1,7164.41,0.2,5731.53,4261.61,1469.92,Net Banking,2025,12,December,Q4,25.646206161356567
O01359,2025-01-18,C0205,Rahul Singh,P2376,Dining Table,Furniture,North,Haryana,3,23712.48,0.1,64023.7,39734.35,24289.35,Cash,2025,1,January,Q1,37.93806043699443
O01360,2025-07-27,C0239,Vijay Singh,P4333,Desk,Furniture,South,Telangana,1,8517.16,0.1,7665.44,5391.3,2274.14,UPI,2025,7,July,Q3,29.667442442964788
O01361,2026-02-27,C0615,Arun Patel,P4870,Smartwatch,Electronics,South,Kerala,7,5650.9,0.1,35600.67,23404.97,12195.7,Net Banking,2026,2,February,Q1,34.256939546362474
O01362,2025-06-07,C1142,Sneha Reddy,P3067,Cookware Set,Home & Kitchen,North,Rajasthan,4,1905.98,0.05,7242.72,4597.23,2645.49,Cash,2025,6,June,Q2,36.52619457883225
O01363,2025-04-29,C1024,Divya Kumar,P1600,Office Chair,Furniture,West,Goa,5,7604.61,0.15,32319.59,20369.47,11950.12,Credit Card,2025,4,April,Q2,36.974850237889775
O01364,2025-09-23,C0556,Ravi Verma,P3727,Monitor,Electronics,North,Rajasthan,7,18762.09,0.2,105067.7,65896.45,39171.25,Net Banking,2025,9,September,Q3,37.28191442279597
O01365,2025-02-12,C0008,Meena Patel,P7291,Jacket,Clothing,West,Maharashtra,2,6891.24,0.1,12404.23,10137.5,2266.73,Net Banking,2025,2,February,Q1,18.273846905450803
O01366,2026-01-14,C0063,Karthik Singh,P0899,Perfume,Beauty,East,Bihar,1,1821.57,0.1,1639.41,1057.69,581.72,Debit Card,2026,1,January,Q1,35.483497111765814
O01367,2025-06-30,C0434,Ravi Rao,P8566,Dress,Clothing,East,Odisha,3,1513.49,0.05,4313.45,3178.46,1134.99,Net Banking,2025,6,June,Q2,26.31281225005506
O01368,2025-02-13,C1180,Rahul Reddy,P1600,Office Chair,Furniture,South,Karnataka,2,9240.92,0.2,14785.47,11828.43,2957.04,Credit Card,2025,2,February,Q1,19.99963477657457
O01369,2025-06-05,C0522,Karthik Rao,P1600,Office Chair,Furniture,South,Andhra Pradesh,2,15796.4,0.15,26853.88,18469.92,8383.96,Credit Card,2025,6,June,Q2,31.220665319127068
O01370,2026-03-24,C0438,Divya Kumar,P3693,Keyboard,Electronics,West,Maharashtra,3,4341.05,0.0,13023.15,9715.52,3307.63,Cash,2026,3,March,Q1,25.398079573682253
O01371,2026-04-20,C0868,Ravi Verma,P5057,Headphones,Electronics,East,Jharkhand,1,10668.9,0.0,10668.9,7589.83,3079.07,Credit Card,2026,4,April,Q2,28.860238637535268
O01372,2026-01-21,C1168,Rahul Rao,P4333,Desk,Furniture,South,Tamil Nadu,1,10779.66,0.1,9701.69,5695.89,4005.8,Debit Card,2026,1,January,Q1,41.289713441678714
O01373,2025-02-05,C0223,Rahul Sharma,P1101,T-Shirt,Clothing,North,Uttar Pradesh,1,1130.09,0.1,1017.08,631.07,386.01,UPI,2025,2,February,Q1,37.952766744012266
O01374,2026-06-21,C0841,Ananya Sharma,P1796,Mouse,Electronics,East,West Bengal,6,2390.38,0.0,14342.28,9805.02,4537.26,Net Banking,2026,6,June,Q2,31.635555853044284
O01375,2025-02-07,C1166,Karthik Nair,P4870,Smartwatch,Electronics,South,Andhra Pradesh,7,8623.13,0.1,54325.72,34477.54,19848.18,Credit Card,2025,2,February,Q1,36.535512092614695
O01376,2025-02-07,C0664,Ananya Reddy,P4333,Desk,Furniture,West,Gujarat,1,9281.69,0.1,8353.52,5873.39,2480.13,Cash,2025,2,February,Q1,29.68963981650849
O01377,2025-09-11,C0782,Arun Sharma,P0649,Sofa,Furniture,East,Bihar,7,29148.18,0.0,204037.26,138009.75,66027.51,Net Banking,2025,9,September,Q3,32.36051591753388
O01378,2025-07-26,C0650,Rahul Das,P2376,Dining Table,Furniture,West,Maharashtra,2,30408.86,0.0,60817.72,48248.71,12569.01,Cash,2025,7,July,Q3,20.666690563210853
O01379,2026-01-14,C0844,Ananya Nair,P0790,Face Cream,Beauty,West,Maharashtra,5,1229.43,0.1,5532.44,3632.8,1899.64,Credit Card,2026,1,January,Q1,34.33638683835704
O01380,2025-09-26,C0096,Ravi Patel,P6547,Shoes,Clothing,South,Kerala,6,2239.16,0.0,13434.96,9401.21,4033.75,Credit Card,2025,9,September,Q3,30.0242799383102
O01381,2025-06-10,C0907,Ananya Reddy,P6547,Shoes,Clothing,North,Punjab,7,1796.06,0.0,12572.42,8969.28,3603.14,Debit Card,2025,6,June,Q2,28.65908074976814
O01382,2025-01-06,C0112,Priya Reddy,P0649,Sofa,Furniture,North,Punjab,3,35801.85,0.05,102035.27,61429.31,40605.96,Cash,2025,1,January,Q1,39.79600387199446
O01383,2026-03-04,C0498,Arun Kumar,P6547,Shoes,Clothing,South,Andhra Pradesh,3,5425.43,0.0,16276.29,12829.02,3447.27,UPI,2026,3,March,Q1,21.17970372855239
O01384,2025-03-21,C0174,Ananya Singh,P6266,Bookshelf,Furniture,South,Andhra Pradesh,5,6846.68,0.05,32521.73,22513.99,10007.74,Net Banking,2025,3,March,Q1,30.772471206175073
O01385,2025-07-13,C0168,Arun Rao,P7050,Makeup Kit,Beauty,South,Kerala,6,1249.04,0.15,6370.1,4048.22,2321.88,UPI,2025,7,July,Q3,36.449663270592296
O01386,2026-05-31,C0705,Sneha Iyer,P5057,Headphones,Electronics,West,Madhya Pradesh,4,4373.06,0.15,14868.4,10902.19,3966.21,Credit Card,2026,5,May,Q2,26.675432460789327
O01387,2025-09-23,C0863,Meena Reddy,P8566,Dress,Clothing,South,Andhra Pradesh,1,1329.83,0.1,1196.85,851.15,345.7,Debit Card,2025,9,September,Q3,28.88415423820863
O01388,2025-09-06,C0106,Ravi Nair,P6547,Shoes,Clothing,South,Kerala,2,2847.68,0.1,5125.82,3586.33,1539.49,UPI,2025,9,September,Q3,30.034023824480766
O01389,2025-04-29,C0255,Karthik Kumar,P0649,Sofa,Furniture,North,Rajasthan,7,38159.55,0.05,253761.01,204344.63,49416.38,Credit Card,2025,4,April,Q2,19.473590525195338
O01390,2025-01-23,C0118,Sneha Nair,P4333,Desk,Furniture,North,Delhi,1,12127.49,0.1,10914.74,6421.51,4493.23,UPI,2025,1,January,Q1,41.16662421642659
O01391,2025-08-05,C1074,Ravi Verma,P4870,Smartwatch,Electronics,West,Maharashtra,4,13473.7,0.0,53894.8,42956.01,10938.79,UPI,2025,8,August,Q3,20.29655922278216
O01392,2025-04-24,C0124,Ananya Reddy,P3727,Monitor,Electronics,West,Goa,7,28534.73,0.1,179768.8,123954.83,55813.97,Debit Card,2025,4,April,Q2,31.047640079924882
O01393,2026-01-24,C0632,Ananya Rao,P3693,Keyboard,Electronics,West,Gujarat,6,3698.45,0.1,19971.63,13927.11,6044.52,Debit Card,2026,1,January,Q1,30.265531656654964
O01394,2025-01-22,C0232,Meena Reddy,P1600,Office Chair,Furniture,South,Kerala,7,7949.15,0.0,55644.05,33111.17,22532.88,UPI,2025,1,January,Q1,40.49468002418946
O01395,2025-01-17,C0391,Karthik Reddy,P3067,Cookware Set,Home & Kitchen,East,Bihar,2,6747.89,0.0,13495.78,8693.03,4802.75,Credit Card,2025,1,January,Q1,35.5870501742026
O01396,2026-04-16,C0166,Vijay Nair,P1101,T-Shirt,Clothing,South,Telangana,5,965.6,0.1,4345.2,3521.03,824.17,Cash,2026,4,April,Q2,18.9673662892387
O01397,2025-11-30,C0454,Arun Das,P1600,Office Chair,Furniture,North,Punjab,2,11488.23,0.0,22976.46,14919.17,8057.29,Net Banking,2025,11,November,Q4,35.06758656468403
O01398,2025-05-25,C0910,Ravi Verma,P0649,Sofa,Furniture,South,Andhra Pradesh,2,28165.78,0.0,56331.56,36679.07,19652.49,Credit Card,2025,5,May,Q2,34.88717514657858
O01399,2025-09-07,C1002,Priya Nair,P6993,Air Fryer,Home & Kitchen,South,Kerala,2,9329.92,0.1,16793.86,11967.85,4826.01,Net Banking,2025,9,September,Q3,28.736752598866488
O01400,2026-05-13,C0561,Rahul Das,P9667,Mixer Grinder,Home & Kitchen,North,Rajasthan,7,8999.51,0.05,59846.74,40859.9,18986.84,Cash,2026,5,May,Q2,31.725771529075768
O01401,2026-05-16,C1172,Meena Patel,P5533,Shampoo,Beauty,East,Jharkhand,4,698.37,0.05,2653.81,2100.69,553.12,Net Banking,2026,5,May,Q2,20.842486839675786
O01402,2025-09-27,C0810,Arun Iyer,P2376,Dining Table,Furniture,East,Jharkhand,7,20433.75,0.05,135884.44,108077.23,27807.21,Credit Card,2025,9,September,Q3,20.46386620866966
O01403,2025-02-08,C0211,Karthik Verma,P1600,Office Chair,Furniture,West,Gujarat,3,4041.12,0.1,10911.02,8520.46,2390.56,Debit Card,2025,2,February,Q1,21.90959232042467
O01404,2026-04-02,C0861,Arun Nair,P3067,Cookware Set,Home & Kitchen,North,Uttar Pradesh,5,3610.2,0.1,16245.9,12219.42,4026.48,UPI,2026,4,April,Q2,24.784591804701495
O01405,2025-03-21,C0234,Rahul Singh,P6547,Shoes,Clothing,South,Kerala,3,3133.76,0.1,8461.15,5977.61,2483.54,Net Banking,2025,3,March,Q1,29.352274808979868
O01406,2025-06-02,C1176,Rahul Reddy,P3067,Cookware Set,Home & Kitchen,South,Kerala,6,6520.98,0.1,35213.29,28283.54,6929.75,UPI,2025,6,June,Q2,19.679359696296483
O01407,2025-03-17,C0523,Sneha Sharma,P1101,T-Shirt,Clothing,West,Gujarat,3,1122.95,0.0,3368.85,2359.17,1009.68,Debit Card,2025,3,March,Q1,29.97105837303531
O01408,2025-09-12,C0771,Sneha Kumar,P9685,Laptop,Electronics,North,Punjab,6,56328.86,0.1,304175.84,216550.15,87625.69,Net Banking,2025,9,September,Q3,28.80757722243818
O01409,2025-10-11,C1160,Divya Kumar,P1796,Mouse,Electronics,East,Jharkhand,2,846.22,0.15,1438.57,1071.12,367.45,Debit Card,2025,10,October,Q4,25.54272645752379
O01410,2026-03-23,C0084,Arun Patel,P9667,Mixer Grinder,Home & Kitchen,East,Bihar,7,2814.73,0.05,18717.95,11682.59,7035.36,Debit Card,2026,3,March,Q1,37.586167288618675
O01411,2025-03-20,C0562,Priya Rao,P4333,Desk,Furniture,North,Rajasthan,6,23355.91,0.1,126121.91,87425.16,38696.75,Net Banking,2025,3,March,Q1,30.682020277047815
O01412,2025-10-03,C0569,Divya Verma,P9685,Laptop,Electronics,North,Delhi,3,83882.11,0.0,251646.33,205490.79,46155.54,Cash,2025,10,October,Q4,18.341431802323523
O01413,2025-07-02,C0340,Ananya Reddy,P7087,Tablet,Electronics,South,Kerala,7,24555.65,0.1,154700.6,117375.27,37325.33,Cash,2025,7,July,Q3,24.127462983336844
O01414,2025-03-20,C0639,Sneha Iyer,P4636,Smartphone,Electronics,South,Tamil Nadu,1,22796.9,0.0,22796.9,16298.59,6498.31,Net Banking,2025,3,March,Q1,28.5052353609482
O01415,2026-04-27,C0335,Ravi Iyer,P4870,Smartwatch,Electronics,South,Tamil Nadu,3,7683.92,0.05,21899.17,17743.53,4155.64,Credit Card,2026,4,April,Q2,18.976244305149468
O01416,2025-05-03,C0515,Sneha Sharma,P0649,Sofa,Furniture,West,Maharashtra,7,38453.82,0.0,269176.74,198039.68,71137.06,UPI,2025,5,May,Q2,26.427640070237867
O01417,2025-09-19,C1055,Vijay Verma,P3693,Keyboard,Electronics,North,Punjab,6,1709.14,0.0,10254.84,6079.27,4175.57,Cash,2025,9,September,Q3,40.71804143214326
O01418,2025-08-02,C0746,Rahul Verma,P0790,Face Cream,Beauty,West,Gujarat,2,1257.74,0.15,2138.16,1307.91,830.25,Cash,2025,8,August,Q3,38.83011561342463
O01419,2025-08-04,C0833,Karthik Nair,P3693,Keyboard,Electronics,North,Rajasthan,7,4150.96,0.1,26151.05,20826.19,5324.86,Net Banking,2025,8,August,Q3,20.3619357540137
O01420,2026-06-09,C0375,Ravi Patel,P6266,Bookshelf,Furniture,South,Telangana,6,2809.72,0.05,16015.4,11328.04,4687.36,Net Banking,2026,6,June,Q2,29.26782971390037
O01421,2025-07-13,C0250,Karthik Verma,P4636,Smartphone,Electronics,South,Andhra Pradesh,5,19127.81,0.05,90857.1,54540.64,36316.46,Credit Card,2025,7,July,Q3,39.97096539510946
O01422,2025-12-06,C1138,Vijay Das,P1600,Office Chair,Furniture,South,Andhra Pradesh,2,4187.02,0.15,7117.93,5620.37,1497.56,Cash,2025,12,December,Q4,21.039262819387094
O01423,2025-12-12,C1168,Divya Rao,P3693,Keyboard,Electronics,South,Kerala,1,3403.28,0.15,2892.79,2231.41,661.38,Cash,2025,12,December,Q4,22.863049167067086
O01424,2025-09-27,C0482,Arun Das,P3727,Monitor,Electronics,South,Telangana,7,20803.35,0.1,131061.1,91308.92,39752.18,Net Banking,2025,9,September,Q3,30.33102881022668
O01425,2025-07-07,C0987,Meena Rao,P4870,Smartwatch,Electronics,South,Tamil Nadu,2,6606.43,0.0,13212.86,8284.44,4928.42,Net Banking,2025,7,July,Q3,37.30017573787961
O01426,2025-10-16,C0852,Karthik Singh,P0899,Perfume,Beauty,East,Bihar,4,1150.46,0.15,3911.56,2651.91,1259.65,Net Banking,2025,10,October,Q4,32.20326417081676
O01427,2025-12-22,C0557,Rahul Singh,P2376,Dining Table,Furniture,West,Madhya Pradesh,6,22857.13,0.05,130285.64,84563.09,45722.55,UPI,2025,12,December,Q4,35.09408250978389
O01428,2025-08-07,C1036,Divya Rao,P0790,Face Cream,Beauty,South,Karnataka,2,289.6,0.05,550.24,323.29,226.95,UPI,2025,8,August,Q3,41.24563826693806
O01429,2025-08-14,C0995,Karthik Patel,P1600,Office Chair,Furniture,East,Jharkhand,2,7584.89,0.0,15169.78,9294.62,5875.16,Cash,2025,8,August,Q3,38.7293685208355
O01430,2025-11-29,C0507,Arun Verma,P1077,Skin Care Set,Beauty,South,Telangana,3,5013.58,0.1,13536.67,9425.07,4111.6,Credit Card,2025,11,November,Q4,30.37379207737206
O01431,2026-01-21,C0405,Karthik Iyer,P0790,Face Cream,Beauty,North,Rajasthan,1,1005.73,0.05,955.44,719.0,236.44,Credit Card,2026,1,January,Q1,24.74671355605794
O01432,2026-06-12,C0535,Meena Das,P9007,Jeans,Clothing,South,Andhra Pradesh,6,1739.36,0.0,10436.16,7593.47,2842.69,UPI,2026,6,June,Q2,27.23885030509306
O01433,2025-06-26,C0598,Vijay Reddy,P8566,Dress,Clothing,West,Madhya Pradesh,5,3976.74,0.1,17895.33,12992.78,4902.55,Net Banking,2025,6,June,Q2,27.395694854467617
O01434,2026-03-02,C1153,Rahul Verma,P7050,Makeup Kit,Beauty,South,Karnataka,5,3529.85,0.2,14119.4,11442.47,2676.93,Cash,2026,3,March,Q1,18.959233395186764
O01435,2025-01-31,C0415,Ananya Rao,P2376,Dining Table,Furniture,South,Kerala,4,31138.16,0.1,112097.38,83139.49,28957.89,Net Banking,2025,1,January,Q1,25.832798233107678
O01436,2025-12-18,C1101,Ananya Iyer,P1600,Office Chair,Furniture,South,Tamil Nadu,2,13597.45,0.0,27194.9,18652.32,8542.58,UPI,2025,12,December,Q4,31.412433949012495
O01437,2026-01-09,C0643,Karthik Nair,P9007,Jeans,Clothing,West,Goa,6,3396.17,0.0,20377.02,13915.52,6461.5,Cash,2026,1,January,Q1,31.70973969697237
O01438,2025-10-17,C0582,Priya Iyer,P9667,Mixer Grinder,Home & Kitchen,North,Punjab,2,3475.13,0.1,6255.23,3864.72,2390.51,Net Banking,2025,10,October,Q4,38.216180699990254
O01439,2026-06-07,C0910,Meena Reddy,P6266,Bookshelf,Furniture,North,Uttar Pradesh,1,8435.02,0.1,7591.52,5935.4,1656.12,Debit Card,2026,6,June,Q2,21.81539401858916
O01440,2026-06-21,C0396,Arun Kumar,P3727,Monitor,Electronics,East,Odisha,2,29274.23,0.05,55621.04,39726.98,15894.06,Credit Card,2026,6,June,Q2,28.57562533890053
O01441,2026-01-06,C0498,Priya Das,P3693,Keyboard,Electronics,South,Karnataka,3,3076.47,0.1,8306.47,5644.38,2662.09,Net Banking,2026,1,January,Q1,32.0483911938525
O01442,2026-01-31,C0033,Karthik Das,P9685,Laptop,Electronics,South,Telangana,5,72159.48,0.15,306677.79,225382.95,81294.84,Cash,2026,1,January,Q1,26.50822545708315
O01443,2026-03-22,C0732,Rahul Verma,P1796,Mouse,Electronics,West,Goa,5,1148.16,0.0,5740.8,4056.96,1683.84,Cash,2026,3,March,Q1,29.331103678929765
O01444,2025-01-29,C0872,Meena Patel,P1101,T-Shirt,Clothing,West,Gujarat,3,896.94,0.0,2690.82,1778.89,911.93,Cash,2025,1,January,Q1,33.89041258798432
O01445,2025-11-14,C0465,Vijay Verma,P8699,Coffee Maker,Home & Kitchen,East,West Bengal,4,8576.15,0.0,34304.6,27356.75,6947.85,Cash,2025,11,November,Q4,20.253406248724662
O01446,2025-10-03,C0090,Priya Iyer,P6547,Shoes,Clothing,North,Delhi,2,4329.18,0.05,8225.44,6693.44,1532.0,Credit Card,2025,10,October,Q4,18.625143457371276
O01447,2025-10-26,C0984,Arun Patel,P1796,Mouse,Electronics,North,Punjab,5,1469.72,0.05,6981.17,4793.84,2187.33,Credit Card,2025,10,October,Q4,31.33185411614385
O01448,2025-10-15,C0659,Ananya Sharma,P9667,Mixer Grinder,Home & Kitchen,North,Punjab,5,4433.84,0.1,19952.28,13677.57,6274.71,Debit Card,2025,10,October,Q4,31.44858632697617
O01449,2025-12-28,C1012,Vijay Rao,P5057,Headphones,Electronics,South,Andhra Pradesh,2,10070.17,0.1,18126.31,11510.88,6615.43,Credit Card,2025,12,December,Q4,36.49628633737368
O01450,2025-10-04,C1030,Vijay Singh,P8699,Coffee Maker,Home & Kitchen,South,Kerala,4,6728.63,0.0,26914.52,21140.71,5773.81,Cash,2025,10,October,Q4,21.452398185068876
O01451,2025-03-11,C0629,Rahul Sharma,P3693,Keyboard,Electronics,East,Jharkhand,2,3585.35,0.1,6453.63,4609.55,1844.08,UPI,2025,3,March,Q1,28.574306243153075
O01452,2026-04-25,C0481,Karthik Kumar,P7087,Tablet,Electronics,East,Bihar,4,16163.29,0.05,61420.5,44228.76,17191.74,Credit Card,2026,4,April,Q2,27.99023127457445
O01453,2026-01-12,C1066,Rahul Patel,P3693,Keyboard,Electronics,South,Telangana,4,2416.48,0.1,8699.33,6184.15,2515.18,Debit Card,2026,1,January,Q1,28.912341525151934
O01454,2025-12-09,C0489,Vijay Das,P0649,Sofa,Furniture,South,Andhra Pradesh,5,35463.35,0.1,159585.08,99435.78,60149.3,Net Banking,2025,12,December,Q4,37.69105482793254
O01455,2025-07-30,C1026,Priya Reddy,P0899,Perfume,Beauty,North,Haryana,7,3315.82,0.05,22050.2,17163.79,4886.41,UPI,2025,7,July,Q3,22.160388567904143
O01456,2025-10-19,C0883,Meena Sharma,P9007,Jeans,Clothing,North,Rajasthan,7,1056.06,0.1,6653.18,5111.88,1541.3,Cash,2025,10,October,Q4,23.166365557522866
O01457,2025-02-14,C0661,Meena Kumar,P7087,Tablet,Electronics,South,Andhra Pradesh,5,22121.3,0.1,99545.85,58078.91,41466.94,Net Banking,2025,2,February,Q1,41.65612127476936
O01458,2025-06-28,C0927,Arun Iyer,P7087,Tablet,Electronics,North,Uttar Pradesh,2,33901.43,0.2,54242.29,39014.07,15228.22,Net Banking,2025,6,June,Q2,28.074441547360923
O01459,2025-11-08,C0525,Ananya Reddy,P4333,Desk,Furniture,North,Haryana,2,6654.64,0.1,11978.35,9488.68,2489.67,Net Banking,2025,11,November,Q4,20.784749151594333
O01460,2026-04-14,C0770,Sneha Das,P6547,Shoes,Clothing,West,Gujarat,6,5965.38,0.1,32213.05,18960.15,13252.9,UPI,2026,4,April,Q2,41.141400767701285
O01461,2025-04-21,C0908,Arun Singh,P4636,Smartphone,Electronics,West,Madhya Pradesh,2,29919.77,0.1,53855.59,39944.23,13911.36,Debit Card,2025,4,April,Q2,25.830856184102714
O01462,2025-06-16,C0035,Vijay Reddy,P8699,Coffee Maker,Home & Kitchen,South,Andhra Pradesh,2,3620.11,0.05,6878.21,4674.76,2203.45,Cash,2025,6,June,Q2,32.03522428073583
O01463,2026-01-04,C0984,Karthik Rao,P3067,Cookware Set,Home & Kitchen,North,Rajasthan,3,4873.12,0.0,14619.36,11814.71,2804.65,Credit Card,2026,1,January,Q1,19.184492344398112
O01464,2025-11-20,C0221,Vijay Reddy,P7050,Makeup Kit,Beauty,West,Gujarat,7,2342.58,0.15,13938.35,10438.44,3499.91,UPI,2025,11,November,Q4,25.10993051544838
O01465,2026-02-14,C0389,Ravi Reddy,P9685,Laptop,Electronics,West,Madhya Pradesh,4,65340.19,0.05,248292.72,176368.03,71924.69,Debit Card,2026,2,February,Q1,28.96769989873243
O01466,2026-03-23,C0370,Divya Singh,P7780,Vacuum Cleaner,Home & Kitchen,South,Tamil Nadu,5,5174.92,0.05,24580.87,18183.93,6396.94,Net Banking,2026,3,March,Q1,26.024058546341116
O01467,2025-12-16,C0426,Vijay Rao,P7050,Makeup Kit,Beauty,East,Jharkhand,2,980.88,0.1,1765.58,1373.66,391.92,Cash,2025,12,December,Q4,22.197804687411505
O01468,2025-02-15,C1104,Ananya Patel,P4333,Desk,Furniture,East,West Bengal,4,5068.92,0.05,19261.9,12921.54,6340.36,UPI,2025,2,February,Q1,32.91658662956406
O01469,2026-02-18,C0949,Ravi Das,P4333,Desk,Furniture,South,Karnataka,2,23978.8,0.0,47957.6,34719.78,13237.82,Net Banking,2026,2,February,Q1,27.603174470782527
O01470,2025-06-29,C1092,Ravi Rao,P9007,Jeans,Clothing,South,Andhra Pradesh,3,2433.36,0.0,7300.08,5714.41,1585.67,UPI,2025,6,June,Q2,21.721268808013065
O01471,2025-09-01,C1198,Divya Reddy,P3727,Monitor,Electronics,South,Andhra Pradesh,5,16099.88,0.05,76474.43,60288.12,16186.31,Debit Card,2025,9,September,Q3,21.165649747242316
O01472,2026-06-18,C0698,Meena Sharma,P4636,Smartphone,Electronics,North,Delhi,3,35542.98,0.1,95966.05,70641.11,25324.94,Debit Card,2026,6,June,Q2,26.38947836240003
O01473,2026-02-03,C1009,Divya Sharma,P9667,Mixer Grinder,Home & Kitchen,West,Gujarat,6,5889.07,0.1,31800.98,20500.99,11299.99,Debit Card,2026,2,February,Q1,35.53346469196861
O01474,2025-02-26,C0777,Sneha Rao,P1101,T-Shirt,Clothing,South,Kerala,2,1388.26,0.15,2360.04,1493.44,866.6,Net Banking,2025,2,February,Q1,36.71971661497263
O01475,2025-07-21,C0120,Ananya Singh,P0649,Sofa,Furniture,East,West Bengal,4,25151.95,0.15,85516.63,57481.83,28034.8,Cash,2025,7,July,Q3,32.782863403293604
O01476,2026-06-13,C0330,Divya Patel,P3067,Cookware Set,Home & Kitchen,West,Madhya Pradesh,3,2067.96,0.15,5273.3,3273.19,2000.11,Cash,2026,6,June,Q2,37.929000815428665
O01477,2025-09-28,C0028,Vijay Nair,P7087,Tablet,Electronics,West,Goa,7,19979.11,0.05,132861.08,103066.88,29794.2,Cash,2025,9,September,Q3,22.42507738157781
O01478,2026-01-09,C0218,Rahul Reddy,P9667,Mixer Grinder,Home & Kitchen,East,Bihar,3,4456.41,0.0,13369.23,8972.61,4396.62,Debit Card,2026,1,January,Q1,32.886112363988055
O01479,2025-07-06,C0279,Karthik Nair,P7050,Makeup Kit,Beauty,East,Bihar,7,4312.67,0.05,28679.26,20630.57,8048.69,Credit Card,2025,7,July,Q3,28.064496782692437
O01480,2025-11-09,C0295,Priya Reddy,P6266,Bookshelf,Furniture,South,Kerala,4,6876.64,0.0,27506.56,21931.81,5574.75,Cash,2025,11,November,Q4,20.26698358500663
O01481,2025-06-16,C1199,Rahul Iyer,P0790,Face Cream,Beauty,North,Uttar Pradesh,6,652.4,0.1,3522.96,2247.04,1275.92,UPI,2025,6,June,Q2,36.217271839589436
O01482,2026-01-23,C0973,Ananya Reddy,P1796,Mouse,Electronics,North,Uttar Pradesh,6,682.05,0.2,3273.84,2488.24,785.6,Net Banking,2026,1,January,Q1,23.99628570730396
O01483,2025-09-03,C0530,Rahul Iyer,P7291,Jacket,Clothing,East,Bihar,4,1936.68,0.05,7359.38,5608.24,1751.14,Cash,2025,9,September,Q3,23.79466748557623
O01484,2025-02-11,C0306,Ravi Iyer,P8566,Dress,Clothing,South,Telangana,1,1520.03,0.1,1368.03,1094.68,273.35,Debit Card,2025,2,February,Q1,19.981286960081288
O01485,2026-06-07,C0354,Rahul Rao,P4870,Smartwatch,Electronics,West,Gujarat,3,9492.76,0.0,28478.28,21561.38,6916.9,Debit Card,2026,6,June,Q2,24.28833482921019
O01486,2025-03-02,C0302,Meena Reddy,P7291,Jacket,Clothing,South,Tamil Nadu,1,2349.34,0.2,1879.47,1419.81,459.66,UPI,2025,3,March,Q1,24.45689476288528
O01487,2025-08-28,C0551,Meena Das,P3693,Keyboard,Electronics,West,Goa,6,3302.54,0.0,19815.24,13710.46,6104.78,Debit Card,2025,8,August,Q3,30.808509006199262
O01488,2025-04-17,C0597,Ravi Patel,P3693,Keyboard,Electronics,East,Jharkhand,4,2344.51,0.2,7502.43,5620.86,1881.57,Net Banking,2025,4,April,Q2,25.079474250342887
O01489,2026-05-05,C0551,Meena Iyer,P3067,Cookware Set,Home & Kitchen,North,Delhi,6,4703.49,0.05,26809.89,19269.41,7540.48,Debit Card,2026,5,May,Q2,28.12574016528975
O01490,2025-03-21,C0154,Divya Verma,P6547,Shoes,Clothing,South,Tamil Nadu,7,4942.31,0.05,32866.36,20248.14,12618.22,Debit Card,2025,3,March,Q1,38.392508327663904
O01491,2026-04-18,C0420,Rahul Verma,P1600,Office Chair,Furniture,West,Gujarat,2,12288.8,0.05,23348.72,14080.08,9268.64,Cash,2026,4,April,Q2,39.69656580746182
O01492,2025-01-04,C1113,Vijay Das,P1101,T-Shirt,Clothing,South,Karnataka,6,1039.94,0.05,5927.66,4827.37,1100.29,Cash,2025,1,January,Q1,18.561962055853407
O01493,2025-09-29,C0863,Sneha Das,P4870,Smartwatch,Electronics,East,West Bengal,2,12052.77,0.0,24105.54,17952.33,6153.21,Debit Card,2025,9,September,Q3,25.526123870280443
O01494,2025-03-04,C0850,Meena Patel,P7087,Tablet,Electronics,West,Gujarat,6,32964.26,0.1,178007.0,129661.16,48345.84,Credit Card,2025,3,March,Q1,27.15951619880117
O01495,2026-01-19,C1038,Arun Iyer,P7050,Makeup Kit,Beauty,West,Gujarat,6,4330.87,0.1,23386.7,14524.87,8861.83,UPI,2026,1,January,Q1,37.89260562627476
O01496,2025-10-01,C0317,Divya Kumar,P6547,Shoes,Clothing,South,Telangana,2,3969.17,0.0,7938.34,5051.69,2886.65,Debit Card,2025,10,October,Q4,36.36339587369652
O01497,2025-06-01,C0893,Ravi Singh,P9667,Mixer Grinder,Home & Kitchen,North,Delhi,4,3466.82,0.1,12480.55,9453.5,3027.05,UPI,2025,6,June,Q2,24.254139440970153
O01498,2026-01-29,C0015,Priya Singh,P7780,Vacuum Cleaner,Home & Kitchen,West,Madhya Pradesh,6,17423.52,0.15,88859.95,57135.84,31724.11,Debit Card,2026,1,January,Q1,35.70124673714086
O01499,2025-03-16,C0063,Meena Das,P4870,Smartwatch,Electronics,South,Kerala,6,2998.86,0.0,17993.16,13844.87,4148.29,UPI,2025,3,March,Q1,23.054816385782154
O01500,2025-04-19,C1157,Divya Rao,P8566,Dress,Clothing,West,Goa,7,4173.27,0.05,27752.25,22723.87,5028.38,Net Banking,2025,4,April,Q2,18.118819194840057
O01501,2025-07-22,C1037,Ravi Das,P9667,Mixer Grinder,Home & Kitchen,North,Punjab,5,7752.77,0.1,34887.47,21852.7,13034.77,Credit Card,2025,7,July,Q3,37.362325213034936
O01502,2025-06-11,C0111,Ananya Nair,P2376,Dining Table,Furniture,East,West Bengal,6,19857.51,0.05,113187.81,86141.16,27046.65,Credit Card,2025,6,June,Q2,23.89537353889964
O01503,2026-05-05,C1043,Priya Singh,P9007,Jeans,Clothing,West,Gujarat,3,2586.71,0.1,6984.12,4971.39,2012.73,Debit Card,2026,5,May,Q2,28.818662909572
O01504,2026-03-16,C0619,Rahul Iyer,P9007,Jeans,Clothing,North,Uttar Pradesh,1,1091.26,0.05,1036.7,724.28,312.42,Net Banking,2026,3,March,Q1,30.13600848847304
O01505,2025-03-22,C0612,Divya Nair,P7291,Jacket,Clothing,East,Bihar,2,2293.44,0.1,4128.19,2672.81,1455.38,Cash,2025,3,March,Q1,35.254675778004405
O01506,2026-01-05,C0849,Divya Singh,P3693,Keyboard,Electronics,North,Delhi,6,4495.2,0.2,21576.96,14788.35,6788.61,UPI,2026,1,January,Q1,31.462309797116923
O01507,2025-07-17,C0570,Ananya Das,P4870,Smartwatch,Electronics,West,Maharashtra,4,11566.13,0.0,46264.52,30520.61,15743.91,Cash,2025,7,July,Q3,34.03020284226444
O01508,2026-03-14,C0252,Sneha Sharma,P1101,T-Shirt,Clothing,South,Andhra Pradesh,4,418.72,0.1,1507.39,885.62,621.77,Cash,2026,3,March,Q1,41.24811760725492
O01509,2026-05-26,C0511,Ananya Singh,P4636,Smartphone,Electronics,South,Karnataka,1,24165.7,0.1,21749.13,16123.51,5625.62,Cash,2026,5,May,Q2,25.865954178397022
O01510,2025-12-30,C0540,Vijay Nair,P7087,Tablet,Electronics,East,Odisha,6,26846.22,0.15,136915.72,88952.31,47963.41,Credit Card,2025,12,December,Q4,35.03133898722513
O01511,2025-12-11,C0377,Rahul Kumar,P1101,T-Shirt,Clothing,West,Gujarat,1,1540.51,0.05,1463.48,1005.49,457.99,Net Banking,2025,12,December,Q4,31.294585508513954
O01512,2025-01-18,C1082,Vijay Iyer,P4636,Smartphone,Electronics,North,Delhi,5,49344.08,0.1,222048.36,176810.78,45237.58,Debit Card,2025,1,January,Q1,20.372850310626028
O01513,2025-05-23,C0615,Vijay Singh,P7291,Jacket,Clothing,South,Andhra Pradesh,5,4873.2,0.1,21929.4,14967.99,6961.41,Credit Card,2025,5,May,Q2,31.744644176311247
O01514,2025-10-09,C0453,Meena Reddy,P9007,Jeans,Clothing,East,Odisha,1,2730.72,0.1,2457.65,1466.01,991.64,UPI,2025,10,October,Q4,40.34911399100767
O01515,2026-06-24,C0712,Priya Sharma,P8566,Dress,Clothing,South,Telangana,1,2052.6,0.05,1949.97,1541.58,408.39,Net Banking,2026,6,June,Q2,20.943399129217372
O01516,2026-02-24,C0096,Meena Sharma,P1077,Skin Care Set,Beauty,West,Goa,7,4782.29,0.0,33476.03,24401.09,9074.94,Debit Card,2026,2,February,Q1,27.10877006622351
O01517,2025-08-28,C0794,Rahul Singh,P1796,Mouse,Electronics,East,Odisha,3,1289.25,0.0,3867.75,2507.07,1360.68,Credit Card,2025,8,August,Q3,35.18014349427962
O01518,2026-01-01,C0027,Karthik Iyer,P1600,Office Chair,Furniture,South,Kerala,6,4017.81,0.05,22901.52,15916.57,6984.95,UPI,2026,1,January,Q1,30.4999406152954
O01519,2025-08-27,C0306,Sneha Kumar,P9667,Mixer Grinder,Home & Kitchen,West,Madhya Pradesh,2,3557.87,0.0,7115.74,5646.37,1469.37,Debit Card,2025,8,August,Q3,20.64957404289645
O01520,2025-05-23,C0074,Vijay Sharma,P0649,Sofa,Furniture,West,Maharashtra,4,38623.73,0.0,154494.92,112659.92,41835.0,Debit Card,2025,5,May,Q2,27.078560252984367
O01521,2026-05-27,C1112,Ravi Iyer,P5533,Shampoo,Beauty,South,Kerala,6,299.5,0.1,1617.3,1245.1,372.2,Cash,2026,5,May,Q2,23.013664749891795
O01522,2025-10-01,C0098,Arun Iyer,P0790,Face Cream,Beauty,South,Telangana,1,980.51,0.1,882.46,531.5,350.96,Cash,2025,10,October,Q4,39.77064116220565
O01523,2026-03-12,C0262,Arun Iyer,P6993,Air Fryer,Home & Kitchen,South,Karnataka,7,3797.77,0.1,23925.95,16881.72,7044.23,Credit Card,2026,3,March,Q1,29.4417985492739
O01524,2026-04-04,C0441,Arun Iyer,P7050,Makeup Kit,Beauty,East,Bihar,4,2596.55,0.1,9347.58,6926.48,2421.1,Cash,2026,4,April,Q2,25.900821389065403
O01525,2026-04-15,C1094,Ananya Kumar,P7780,Vacuum Cleaner,Home & Kitchen,West,Maharashtra,2,16098.92,0.15,27368.16,20217.86,7150.3,Credit Card,2026,4,April,Q2,26.1263453589865
O01526,2026-06-24,C0310,Priya Nair,P6547,Shoes,Clothing,East,Bihar,6,5891.14,0.1,31812.16,22343.1,9469.06,Debit Card,2026,6,June,Q2,29.765536197479204
O01527,2025-02-01,C0182,Ravi Nair,P7780,Vacuum Cleaner,Home & Kitchen,North,Delhi,4,13413.72,0.0,53654.88,43099.55,10555.33,Cash,2025,2,February,Q1,19.672637419000843
O01528,2026-04-27,C1113,Meena Nair,P4870,Smartwatch,Electronics,North,Rajasthan,7,3699.88,0.0,25899.16,19208.86,6690.3,UPI,2026,4,April,Q2,25.832111929498875
O01529,2025-02-28,C1035,Ravi Reddy,P4636,Smartphone,Electronics,South,Andhra Pradesh,4,18019.89,0.0,72079.56,42582.67,29496.89,UPI,2025,2,February,Q1,40.92268321282761
O01530,2025-05-13,C0030,Ravi Rao,P8699,Coffee Maker,Home & Kitchen,West,Goa,5,7143.37,0.1,32145.16,23863.92,8281.24,UPI,2025,5,May,Q2,25.762012072735057
O01531,2026-06-24,C0515,Karthik Patel,P9685,Laptop,Electronics,West,Maharashtra,4,63696.86,0.1,229308.7,177093.14,52215.56,Credit Card,2026,6,June,Q2,22.77085867217423
O01532,2025-03-07,C0109,Divya Iyer,P7291,Jacket,Clothing,South,Tamil Nadu,4,4170.63,0.0,16682.52,9815.46,6867.06,Credit Card,2025,3,March,Q1,41.1632055588724
O01533,2025-06-19,C0210,Ravi Patel,P7780,Vacuum Cleaner,Home & Kitchen,West,Goa,4,8262.65,0.0,33050.6,21374.91,11675.69,Debit Card,2025,6,June,Q2,35.32671116409385
O01534,2025-05-14,C0358,Priya Patel,P4870,Smartwatch,Electronics,East,Jharkhand,4,7493.05,0.05,28473.59,20365.8,8107.79,Net Banking,2025,5,May,Q2,28.47477258751004
O01535,2026-01-03,C0596,Ananya Reddy,P3693,Keyboard,Electronics,East,West Bengal,1,1959.85,0.0,1959.85,1527.12,432.73,Debit Card,2026,1,January,Q1,22.079751001352147
O01536,2025-12-02,C0245,Rahul Kumar,P3727,Monitor,Electronics,South,Karnataka,5,16796.61,0.0,83983.05,58904.34,25078.71,Cash,2025,12,December,Q4,29.86163279376017
O01537,2025-03-13,C0652,Vijay Kumar,P0899,Perfume,Beauty,South,Karnataka,2,2535.9,0.0,5071.8,4116.27,955.53,UPI,2025,3,March,Q1,18.840056784573523
O01538,2025-12-18,C0327,Vijay Rao,P1796,Mouse,Electronics,North,Rajasthan,1,2903.75,0.05,2758.56,1865.19,893.37,Net Banking,2025,12,December,Q4,32.38537497824952
O01539,2026-03-21,C0640,Ananya Sharma,P3067,Cookware Set,Home & Kitchen,West,Maharashtra,3,5780.48,0.05,16474.37,10762.1,5712.27,Cash,2026,3,March,Q1,34.673677961585184
O01540,2026-05-17,C1173,Arun Singh,P4870,Smartwatch,Electronics,South,Karnataka,7,7084.38,0.0,49590.66,33580.31,16010.35,Credit Card,2026,5,May,Q2,32.28501092746093
O01541,2026-04-24,C0977,Rahul Reddy,P9685,Laptop,Electronics,East,West Bengal,7,66320.45,0.1,417818.84,330395.87,87422.97,Credit Card,2026,4,April,Q2,20.923654376140625
O01542,2025-07-28,C1075,Vijay Patel,P3693,Keyboard,Electronics,West,Goa,2,1269.75,0.15,2158.57,1570.06,588.51,Cash,2025,7,July,Q3,27.263883033675068
O01543,2026-06-26,C0618,Vijay Sharma,P3727,Monitor,Electronics,North,Rajasthan,5,17355.43,0.15,73760.58,57892.99,15867.59,UPI,2026,6,June,Q2,21.512290169084896
O01544,2026-05-14,C1067,Priya Sharma,P3067,Cookware Set,Home & Kitchen,South,Andhra Pradesh,2,2289.47,0.1,4121.05,2699.31,1421.74,Credit Card,2026,5,May,Q2,34.49946008905497
O01545,2025-10-22,C0089,Priya Iyer,P3067,Cookware Set,Home & Kitchen,West,Goa,7,4595.31,0.0,32167.17,21244.38,10922.79,Credit Card,2025,10,October,Q4,33.95632876625454
O01546,2026-01-22,C0203,Priya Kumar,P8699,Coffee Maker,Home & Kitchen,South,Kerala,7,5417.96,0.1,34133.15,22965.63,11167.52,Net Banking,2026,1,January,Q1,32.71751947886439
O01547,2025-04-13,C0859,Sneha Nair,P1796,Mouse,Electronics,North,Uttar Pradesh,3,2591.65,0.1,6997.46,4683.71,2313.75,Debit Card,2025,4,April,Q2,33.06556950664955
O01548,2025-12-31,C0361,Ananya Nair,P1796,Mouse,Electronics,West,Maharashtra,1,1418.55,0.1,1276.7,839.81,436.89,Debit Card,2025,12,December,Q4,34.22025534581342
O01549,2026-01-29,C0528,Divya Das,P4333,Desk,Furniture,South,Kerala,4,17183.5,0.15,58423.9,45349.79,13074.11,UPI,2026,1,January,Q1,22.378016530906017
O01550,2025-01-15,C0298,Rahul Reddy,P9685,Laptop,Electronics,West,Madhya Pradesh,2,55034.38,0.05,104565.32,75304.73,29260.59,Cash,2025,1,January,Q1,27.983073164219263
O01551,2025-11-12,C1042,Vijay Patel,P9007,Jeans,Clothing,North,Delhi,6,1943.77,0.05,11079.49,6435.54,4643.95,Debit Card,2025,11,November,Q4,41.91483543015067
O01552,2025-01-08,C0134,Arun Nair,P4636,Smartphone,Electronics,East,Bihar,1,54949.92,0.05,52202.42,39461.25,12741.17,Cash,2025,1,January,Q1,24.407240124116854
O01553,2025-02-25,C0874,Ravi Verma,P2376,Dining Table,Furniture,South,Telangana,5,26722.5,0.1,120251.25,77154.12,43097.13,Cash,2025,2,February,Q1,35.83923659837215
O01554,2025-09-22,C0302,Vijay Singh,P1101,T-Shirt,Clothing,North,Punjab,2,1283.75,0.0,2567.5,1654.29,913.21,Credit Card,2025,9,September,Q3,35.56806231742941
O01555,2025-03-22,C0373,Arun Das,P3067,Cookware Set,Home & Kitchen,South,Kerala,2,2666.62,0.0,5333.24,3150.73,2182.51,Net Banking,2025,3,March,Q1,40.922778648626355
O01556,2025-10-20,C0388,Vijay Sharma,P0899,Perfume,Beauty,South,Andhra Pradesh,2,2170.73,0.0,4341.46,2613.38,1728.08,Credit Card,2025,10,October,Q4,39.80412119425262
O01557,2026-01-10,C0217,Meena Sharma,P3727,Monitor,Electronics,West,Gujarat,7,24891.38,0.0,174239.66,134428.4,39811.26,UPI,2026,1,January,Q1,22.84856386886889
O01558,2026-06-23,C0243,Karthik Reddy,P9685,Laptop,Electronics,East,West Bengal,1,66387.81,0.1,59749.03,36964.2,22784.83,Cash,2026,6,June,Q2,38.13422577738919
O01559,2026-05-22,C0682,Ravi Patel,P6993,Air Fryer,Home & Kitchen,West,Goa,1,4438.69,0.05,4216.76,2692.48,1524.28,Net Banking,2026,5,May,Q2,36.148132689553115
O01560,2025-04-29,C0439,Sneha Singh,P6266,Bookshelf,Furniture,South,Karnataka,2,4197.58,0.05,7975.4,6493.49,1481.91,UPI,2025,4,April,Q2,18.581011610702912
O01561,2026-01-21,C1122,Rahul Iyer,P3693,Keyboard,Electronics,South,Andhra Pradesh,7,4982.31,0.1,31388.55,18455.44,12933.11,Debit Card,2026,1,January,Q1,41.20327316808199
O01562,2026-06-28,C0120,Priya Verma,P3693,Keyboard,Electronics,North,Delhi,7,1687.86,0.0,11815.02,7248.67,4566.35,Cash,2026,6,June,Q2,38.64868616388292
O01563,2025-01-24,C0084,Arun Nair,P1600,Office Chair,Furniture,East,West Bengal,2,8118.2,0.1,14612.76,11795.3,2817.46,Net Banking,2025,1,January,Q1,19.280820324155055
O01564,2026-04-03,C0765,Ravi Singh,P3693,Keyboard,Electronics,South,Tamil Nadu,4,3759.48,0.05,14286.02,11581.84,2704.18,Debit Card,2026,4,April,Q2,18.928854922504655
O01565,2026-01-29,C0604,Rahul Sharma,P1077,Skin Care Set,Beauty,South,Telangana,5,3868.87,0.05,18377.13,13953.63,4423.5,Debit Card,2026,1,January,Q1,24.070679153926648
O01566,2025-08-02,C0258,Divya Reddy,P7050,Makeup Kit,Beauty,South,Tamil Nadu,1,3916.98,0.15,3329.43,2673.92,655.51,Cash,2025,8,August,Q3,19.688355063779685
O01567,2025-01-15,C0722,Vijay Patel,P7087,Tablet,Electronics,North,Delhi,6,34954.21,0.15,178266.47,139749.82,38516.65,UPI,2025,1,January,Q1,21.606222415241632
O01568,2025-01-12,C0302,Sneha Nair,P9007,Jeans,Clothing,South,Tamil Nadu,5,1095.67,0.1,4930.52,3652.23,1278.29,Credit Card,2025,1,January,Q1,25.926068649959838
O01569,2025-05-21,C1132,Meena Sharma,P6266,Bookshelf,Furniture,South,Tamil Nadu,6,5678.3,0.1,30662.82,23613.2,7049.62,UPI,2025,5,May,Q2,22.990775147230423
O01570,2026-04-14,C0644,Ravi Kumar,P3067,Cookware Set,Home & Kitchen,East,West Bengal,1,7418.85,0.15,6306.02,5012.65,1293.37,UPI,2026,4,April,Q2,20.510084014957133
O01571,2025-07-27,C0608,Ananya Reddy,P0790,Face Cream,Beauty,West,Madhya Pradesh,2,1211.64,0.0,2423.28,1525.86,897.42,Debit Card,2025,7,July,Q3,37.033277211052784
O01572,2025-12-17,C0117,Divya Rao,P9007,Jeans,Clothing,North,Rajasthan,5,1300.3,0.1,5851.35,4742.2,1109.15,UPI,2025,12,December,Q4,18.955454724123495
O01573,2025-01-05,C0836,Divya Nair,P6993,Air Fryer,Home & Kitchen,East,Bihar,7,3845.71,0.15,22881.97,17008.2,5873.77,Cash,2025,1,January,Q1,25.669861467347438
O01574,2026-01-28,C0419,Meena Sharma,P7050,Makeup Kit,Beauty,North,Uttar Pradesh,6,980.63,0.1,5295.4,4302.75,992.65,Credit Card,2026,1,January,Q1,18.74551497526155
O01575,2025-08-01,C1076,Vijay Iyer,P1600,Office Chair,Furniture,West,Maharashtra,3,17234.45,0.15,43947.85,28133.61,15814.24,Cash,2025,8,August,Q3,35.984103886765794
O01576,2025-09-18,C0016,Karthik Reddy,P9685,Laptop,Electronics,West,Madhya Pradesh,4,78297.95,0.05,297532.21,219569.06,77963.15,UPI,2025,9,September,Q3,26.203263841585418
O01577,2025-11-28,C0831,Rahul Verma,P4636,Smartphone,Electronics,West,Maharashtra,3,53554.74,0.05,152631.01,114723.77,37907.24,Debit Card,2025,11,November,Q4,24.835870508882827
O01578,2025-02-11,C0384,Meena Reddy,P3067,Cookware Set,Home & Kitchen,West,Gujarat,2,7549.8,0.0,15099.6,9713.7,5385.9,UPI,2025,2,February,Q1,35.669156798855596
O01579,2025-02-27,C0838,Ravi Das,P6547,Shoes,Clothing,East,Bihar,5,3387.39,0.05,16090.1,9395.23,6694.87,Credit Card,2025,2,February,Q1,41.60862890845924
O01580,2026-06-15,C1023,Karthik Sharma,P3693,Keyboard,Electronics,South,Karnataka,2,4375.1,0.0,8750.2,6586.7,2163.5,Debit Card,2026,6,June,Q2,24.725149139448238
O01581,2025-03-30,C0673,Meena Verma,P4870,Smartwatch,Electronics,North,Punjab,6,3638.39,0.05,20738.82,12242.94,8495.88,Credit Card,2025,3,March,Q1,40.966072322340416
O01582,2025-11-17,C0992,Karthik Singh,P1600,Office Chair,Furniture,South,Tamil Nadu,1,11172.86,0.1,10055.57,7206.61,2848.96,UPI,2025,11,November,Q4,28.332158196899833
O01583,2025-10-14,C0496,Karthik Patel,P1101,T-Shirt,Clothing,West,Madhya Pradesh,2,1239.75,0.05,2355.52,1652.82,702.7,Debit Card,2025,10,October,Q4,29.83205406874066
O01584,2026-02-20,C0308,Divya Iyer,P4636,Smartphone,Electronics,East,Bihar,1,51019.76,0.1,45917.78,29739.57,16178.21,UPI,2026,2,February,Q1,35.232996891400234
O01585,2026-05-17,C0102,Arun Das,P3693,Keyboard,Electronics,West,Goa,7,1354.33,0.1,8532.28,5271.74,3260.54,Net Banking,2026,5,May,Q2,38.21417018663241
O01586,2025-04-14,C0647,Ravi Patel,P6266,Bookshelf,Furniture,North,Rajasthan,6,6968.08,0.05,39718.06,25848.16,13869.9,Net Banking,2025,4,April,Q2,34.920889892406635
O01587,2025-11-18,C1084,Meena Sharma,P6266,Bookshelf,Furniture,East,West Bengal,7,3753.19,0.05,24958.71,17556.37,7402.34,UPI,2025,11,November,Q4,29.658343720488762
O01588,2026-03-04,C0474,Ravi Iyer,P8566,Dress,Clothing,North,Delhi,4,3717.79,0.05,14127.6,9325.12,4802.48,Cash,2026,3,March,Q1,33.99360117783628
O01589,2026-05-06,C0839,Arun Nair,P0649,Sofa,Furniture,North,Uttar Pradesh,4,26050.6,0.1,93782.16,61009.04,32773.12,Net Banking,2026,5,May,Q2,34.94600678849794
O01590,2025-06-30,C0735,Ananya Verma,P1796,Mouse,Electronics,South,Tamil Nadu,3,824.64,0.1,2226.53,1726.05,500.48,Cash,2025,6,June,Q2,22.478026345928416
O01591,2025-09-05,C0926,Vijay Das,P7780,Vacuum Cleaner,Home & Kitchen,South,Andhra Pradesh,5,15773.68,0.05,74924.98,46785.11,28139.87,Net Banking,2025,9,September,Q3,37.5573940760478
O01592,2025-06-14,C1147,Arun Kumar,P1101,T-Shirt,Clothing,West,Madhya Pradesh,2,1791.72,0.1,3225.1,2508.71,716.39,Cash,2025,6,June,Q2,22.21295463706552
O01593,2025-02-12,C0656,Vijay Reddy,P1796,Mouse,Electronics,South,Telangana,5,2924.77,0.0,14623.85,9096.31,5527.54,Debit Card,2025,2,February,Q1,37.798117458808726
O01594,2025-09-08,C0175,Meena Sharma,P2376,Dining Table,Furniture,South,Kerala,6,11327.65,0.05,64567.6,47602.05,16965.55,Credit Card,2025,9,September,Q3,26.27563979457189
O01595,2025-10-16,C0126,Arun Nair,P4636,Smartphone,Electronics,West,Gujarat,6,30651.76,0.1,165519.5,100890.94,64628.56,UPI,2025,10,October,Q4,39.045888852975025
O01596,2025-06-18,C0624,Divya Sharma,P0649,Sofa,Furniture,West,Maharashtra,7,16357.89,0.1,103054.71,65157.68,37897.03,UPI,2025,6,June,Q2,36.77370010550706
O01597,2025-12-26,C0552,Meena Reddy,P7050,Makeup Kit,Beauty,West,Madhya Pradesh,7,2767.09,0.0,19369.63,12192.12,7177.51,Cash,2025,12,December,Q4,37.05548324877656
O01598,2026-01-21,C0840,Divya Verma,P0899,Perfume,Beauty,East,Bihar,1,4321.81,0.1,3889.63,3182.17,707.46,Credit Card,2026,1,January,Q1,18.188362389224682
O01599,2025-08-26,C0791,Meena Patel,P0790,Face Cream,Beauty,South,Kerala,3,485.69,0.1,1311.36,780.12,531.24,Net Banking,2025,8,August,Q3,40.51061493411421
O01600,2026-05-05,C0007,Ravi Sharma,P7087,Tablet,Electronics,North,Rajasthan,1,14881.53,0.0,14881.53,8828.26,6053.27,Credit Card,2026,5,May,Q2,40.676395505032076
O01601,2025-06-14,C1144,Ananya Kumar,P0649,Sofa,Furniture,West,Gujarat,3,18199.32,0.05,51868.06,41475.46,10392.6,Debit Card,2025,6,June,Q2,20.03660827106316
O01602,2025-08-08,C0216,Vijay Sharma,P9667,Mixer Grinder,Home & Kitchen,West,Madhya Pradesh,1,6222.01,0.15,5288.71,3566.33,1722.38,Credit Card,2025,8,August,Q3,32.567109937962194
O01603,2026-03-05,C0674,Karthik Reddy,P9007,Jeans,Clothing,East,Bihar,1,2013.26,0.1,1811.93,1252.23,559.7,Net Banking,2026,3,March,Q1,30.889714282560586
O01604,2026-05-08,C1172,Sneha Verma,P1077,Skin Care Set,Beauty,South,Telangana,2,5005.46,0.05,9510.37,7529.29,1981.08,UPI,2026,5,May,Q2,20.830735292107455
O01605,2025-12-21,C1074,Vijay Kumar,P0790,Face Cream,Beauty,North,Delhi,5,457.5,0.15,1944.38,1305.38,639.0,Credit Card,2025,12,December,Q4,32.8639463479361
O01606,2025-08-31,C0792,Divya Nair,P4870,Smartwatch,Electronics,West,Maharashtra,6,16125.0,0.1,87075.0,58273.4,28801.6,Net Banking,2025,8,August,Q3,33.076772896927935
O01607,2025-08-26,C1037,Arun Sharma,P3727,Monitor,Electronics,North,Delhi,2,24980.23,0.1,44964.41,26809.67,18154.74,Cash,2025,8,August,Q3,40.375799437822046
O01608,2025-08-01,C0117,Priya Patel,P0790,Face Cream,Beauty,South,Andhra Pradesh,7,298.3,0.05,1983.69,1254.43,729.26,UPI,2025,8,August,Q3,36.76280063921278
O01609,2025-01-04,C0745,Meena Das,P0649,Sofa,Furniture,West,Maharashtra,2,13806.81,0.1,24852.26,14798.65,10053.61,Debit Card,2025,1,January,Q1,40.45350402740033
O01610,2025-02-02,C1074,Sneha Nair,P1101,T-Shirt,Clothing,West,Madhya Pradesh,2,523.05,0.1,941.49,588.27,353.22,Debit Card,2025,2,February,Q1,37.51712710703247
O01611,2025-10-15,C1057,Rahul Verma,P6266,Bookshelf,Furniture,East,Jharkhand,3,2674.1,0.1,7220.07,5448.83,1771.24,UPI,2025,10,October,Q4,24.532172125755014
O01612,2025-04-21,C0984,Sneha Das,P5057,Headphones,Electronics,West,Madhya Pradesh,7,6296.62,0.1,39668.71,31350.71,8318.0,Credit Card,2025,4,April,Q2,20.96866774845968
O01613,2025-11-26,C0510,Rahul Das,P1600,Office Chair,Furniture,North,Haryana,4,7177.49,0.05,27274.46,22280.54,4993.92,Cash,2025,11,November,Q4,18.309876712499534
O01614,2025-10-08,C0667,Rahul Rao,P0649,Sofa,Furniture,North,Punjab,5,49173.45,0.1,221280.52,177821.79,43458.73,Net Banking,2025,10,October,Q4,19.639654679047215
O01615,2026-05-22,C0764,Sneha Verma,P3067,Cookware Set,Home & Kitchen,West,Madhya Pradesh,2,3369.12,0.15,5727.5,4628.27,1099.23,Cash,2026,5,May,Q2,19.19214316892187
O01616,2026-04-17,C0670,Rahul Das,P4333,Desk,Furniture,North,Punjab,6,23320.01,0.0,139920.06,92342.2,47577.86,Cash,2026,4,April,Q2,34.00360177089689
O01617,2026-03-21,C0744,Ananya Patel,P3693,Keyboard,Electronics,North,Uttar Pradesh,5,3096.29,0.1,13933.3,8541.68,5391.62,Cash,2026,3,March,Q1,38.695929894569126
O01618,2025-02-09,C0085,Karthik Singh,P5533,Shampoo,Beauty,East,Jharkhand,1,1178.41,0.1,1060.57,721.21,339.36,Debit Card,2025,2,February,Q1,31.997887928189563
O01619,2025-02-09,C0450,Arun Kumar,P5533,Shampoo,Beauty,East,West Bengal,2,482.78,0.05,917.28,737.76,179.52,Cash,2025,2,February,Q1,19.570905285191
O01620,2026-05-03,C0955,Karthik Das,P3067,Cookware Set,Home & Kitchen,North,Uttar Pradesh,5,5358.29,0.0,26791.45,17807.57,8983.88,UPI,2026,5,May,Q2,33.53263821107107
O01621,2025-12-23,C0367,Divya Sharma,P8566,Dress,Clothing,South,Karnataka,4,2289.88,0.1,8243.57,6266.13,1977.44,Credit Card,2025,12,December,Q4,23.98766553811031
O01622,2025-10-01,C0262,Vijay Reddy,P7087,Tablet,Electronics,North,Haryana,3,32277.39,0.15,82307.34,64961.84,17345.5,Net Banking,2025,10,October,Q4,21.074062167481053
O01623,2025-12-09,C0676,Ravi Iyer,P6993,Air Fryer,Home & Kitchen,North,Uttar Pradesh,2,8692.81,0.15,14777.78,10649.08,4128.7,UPI,2025,12,December,Q4,27.938567227283123
O01624,2025-11-24,C0384,Sneha Nair,P1600,Office Chair,Furniture,West,Gujarat,6,16490.68,0.05,93996.88,61495.94,32500.94,Cash,2025,11,November,Q4,34.576615734479695
O01625,2025-07-20,C0056,Sneha Sharma,P8699,Coffee Maker,Home & Kitchen,West,Maharashtra,6,7450.9,0.1,40234.86,31999.24,8235.62,Net Banking,2025,7,July,Q3,20.46886704713276
O01626,2025-06-26,C0876,Ananya Reddy,P1600,Office Chair,Furniture,East,West Bengal,5,14110.23,0.15,59968.48,46054.39,13914.09,Credit Card,2025,6,June,Q2,23.202338962068072
O01627,2025-03-18,C0291,Sneha Singh,P6547,Shoes,Clothing,North,Uttar Pradesh,1,5638.75,0.0,5638.75,3381.91,2256.84,Cash,2025,3,March,Q1,40.02376413212148
O01628,2025-11-25,C0806,Arun Sharma,P7050,Makeup Kit,Beauty,North,Haryana,4,1019.56,0.0,4078.24,2569.44,1508.8,Debit Card,2025,11,November,Q4,36.996351367256466
O01629,2025-04-03,C0924,Vijay Das,P9685,Laptop,Electronics,West,Madhya Pradesh,7,68929.98,0.0,482509.86,364468.3,118041.56,Debit Card,2025,4,April,Q2,24.464072091708136
O01630,2026-01-10,C0147,Meena Singh,P1101,T-Shirt,Clothing,West,Madhya Pradesh,4,1233.87,0.2,3948.38,3066.5,881.88,UPI,2026,1,January,Q1,22.3352362234638
O01631,2025-08-15,C1074,Divya Rao,P5057,Headphones,Electronics,North,Rajasthan,2,7391.79,0.1,13305.22,8758.51,4546.71,UPI,2025,8,August,Q3,34.17237745786992
O01632,2026-05-23,C0241,Rahul Verma,P1796,Mouse,Electronics,South,Karnataka,4,2616.82,0.0,10467.28,7292.64,3174.64,Credit Card,2026,5,May,Q2,30.32917816280829
O01633,2025-06-14,C1182,Vijay Kumar,P1600,Office Chair,Furniture,South,Andhra Pradesh,4,7327.39,0.0,29309.56,17100.5,12209.06,Cash,2025,6,June,Q2,41.655555388753704
O01634,2026-03-19,C0031,Vijay Reddy,P3727,Monitor,Electronics,North,Delhi,2,15100.57,0.1,27181.03,16407.66,10773.37,Cash,2026,3,March,Q1,39.635620872351055
O01635,2025-02-28,C0167,Arun Sharma,P3693,Keyboard,Electronics,South,Andhra Pradesh,7,3640.44,0.15,21660.62,15055.4,6605.22,UPI,2025,2,February,Q1,30.49414098026742
O01636,2025-07-18,C1113,Karthik Reddy,P6993,Air Fryer,Home & Kitchen,East,Jharkhand,5,10196.58,0.1,45884.61,32276.2,13608.41,Credit Card,2025,7,July,Q3,29.657896187850348
O01637,2025-12-01,C0246,Rahul Patel,P8566,Dress,Clothing,North,Rajasthan,1,3766.39,0.0,3766.39,2853.21,913.18,Credit Card,2025,12,December,Q4,24.24549767814804
O01638,2025-09-19,C1090,Ananya Kumar,P0790,Face Cream,Beauty,South,Karnataka,3,876.21,0.15,2234.34,1605.4,628.94,Debit Card,2025,9,September,Q3,28.148804568686952
O01639,2025-09-18,C1016,Meena Iyer,P9685,Laptop,Electronics,North,Rajasthan,1,83728.13,0.0,83728.13,63544.32,20183.81,Credit Card,2025,9,September,Q3,24.10636664165317
O01640,2025-08-07,C0921,Priya Rao,P7087,Tablet,Electronics,East,West Bengal,2,32365.9,0.05,61495.21,39908.62,21586.59,Credit Card,2025,8,August,Q3,35.102880370682534
O01641,2025-11-02,C1004,Sneha Kumar,P1077,Skin Care Set,Beauty,South,Andhra Pradesh,4,4180.93,0.1,15051.35,9895.61,5155.74,Net Banking,2025,11,November,Q4,34.25433598979493
O01642,2026-03-05,C0838,Priya Singh,P5057,Headphones,Electronics,South,Karnataka,4,8531.73,0.1,30714.23,21506.81,9207.42,UPI,2026,3,March,Q1,29.97770088978301
O01643,2026-06-23,C0576,Vijay Iyer,P9667,Mixer Grinder,Home & Kitchen,East,Bihar,2,4997.23,0.1,8995.01,6540.42,2454.59,UPI,2026,6,June,Q2,27.288352097440693
O01644,2026-03-16,C0301,Ravi Reddy,P3067,Cookware Set,Home & Kitchen,East,Odisha,3,4504.49,0.05,12837.8,7628.55,5209.25,Net Banking,2026,3,March,Q1,40.57743538612535
O01645,2025-01-06,C0063,Ravi Kumar,P6266,Bookshelf,Furniture,West,Maharashtra,5,8871.61,0.05,42140.15,33672.59,8467.56,Net Banking,2025,1,January,Q1,20.09380602584471
O01646,2026-02-02,C0634,Ravi Iyer,P2376,Dining Table,Furniture,West,Goa,1,27174.63,0.1,24457.17,19739.07,4718.1,UPI,2026,2,February,Q1,19.29127531926221
O01647,2025-03-31,C0997,Vijay Singh,P3727,Monitor,Electronics,West,Goa,1,11088.92,0.1,9980.03,7142.96,2837.07,Credit Card,2025,3,March,Q1,28.42746965690484
O01648,2025-06-28,C1078,Priya Kumar,P7780,Vacuum Cleaner,Home & Kitchen,West,Goa,5,11975.5,0.1,53889.75,32335.7,21554.05,Debit Card,2025,6,June,Q2,39.99656706516545
O01649,2025-09-01,C0744,Ananya Patel,P1796,Mouse,Electronics,West,Gujarat,7,2963.86,0.1,18672.32,11078.12,7594.2,Cash,2025,9,September,Q3,40.67089681410773
O01650,2025-06-20,C1154,Divya Verma,P8566,Dress,Clothing,South,Andhra Pradesh,4,2776.46,0.1,9995.26,5827.52,4167.74,Net Banking,2025,6,June,Q2,41.69716445595212
O01651,2025-07-05,C1152,Rahul Das,P9667,Mixer Grinder,Home & Kitchen,South,Andhra Pradesh,2,3113.51,0.1,5604.32,3703.69,1900.63,Cash,2025,7,July,Q3,33.91365946270021
O01652,2025-04-24,C0285,Arun Sharma,P7780,Vacuum Cleaner,Home & Kitchen,South,Tamil Nadu,3,8512.66,0.1,22984.18,14342.65,8641.53,Credit Card,2025,4,April,Q2,37.59773026490395
O01653,2025-03-16,C0181,Karthik Sharma,P9685,Laptop,Electronics,East,Bihar,6,55840.57,0.1,301539.08,232553.02,68986.06,Net Banking,2025,3,March,Q1,22.877983178830416
O01654,2025-07-19,C0050,Meena Rao,P1796,Mouse,Electronics,West,Goa,4,2635.84,0.05,10016.19,8128.8,1887.39,Debit Card,2025,7,July,Q3,18.843392547465655
O01655,2025-01-04,C0073,Ravi Sharma,P6266,Bookshelf,Furniture,South,Kerala,3,8206.78,0.1,22158.31,16909.15,5249.16,UPI,2025,1,January,Q1,23.689351760129718
O01656,2025-02-21,C0363,Meena Das,P7291,Jacket,Clothing,North,Haryana,4,4594.2,0.05,17457.96,10900.32,6557.64,Net Banking,2025,2,February,Q1,37.56246434291292
O01657,2025-02-15,C0288,Priya Singh,P4870,Smartwatch,Electronics,West,Maharashtra,7,5651.24,0.1,35602.81,21205.37,14397.44,Cash,2025,2,February,Q1,40.43905523187637
O01658,2025-03-12,C1085,Vijay Singh,P4870,Smartwatch,Electronics,North,Uttar Pradesh,1,5828.14,0.05,5536.73,4515.61,1021.12,Net Banking,2025,3,March,Q1,18.442654779987468
O01659,2025-10-28,C1067,Divya Singh,P6547,Shoes,Clothing,North,Punjab,3,5996.89,0.05,17091.14,10525.6,6565.54,Net Banking,2025,10,October,Q4,38.414874607545194
O01660,2025-04-28,C0491,Rahul Das,P1600,Office Chair,Furniture,North,Uttar Pradesh,2,11850.71,0.0,23701.42,13981.56,9719.86,Credit Card,2025,4,April,Q2,41.00961039465146
O01661,2026-01-08,C0844,Rahul Nair,P1796,Mouse,Electronics,West,Goa,6,1219.85,0.15,6221.24,3957.82,2263.42,Cash,2026,1,January,Q1,36.38213603718873
O01662,2025-04-23,C1094,Ananya Nair,P7780,Vacuum Cleaner,Home & Kitchen,East,Odisha,5,5652.19,0.15,24021.81,18845.03,5176.78,Debit Card,2025,4,April,Q2,21.55033280173309
O01663,2025-03-08,C0098,Ravi Nair,P3693,Keyboard,Electronics,East,Bihar,4,4054.88,0.1,14597.57,8875.83,5721.74,Net Banking,2025,3,March,Q1,39.19652380498946
O01664,2025-02-08,C0621,Sneha Sharma,P7291,Jacket,Clothing,West,Madhya Pradesh,7,4528.59,0.15,26945.11,19681.37,7263.74,Net Banking,2025,2,February,Q1,26.95754443013964
O01665,2026-02-13,C0077,Ravi Sharma,P3727,Monitor,Electronics,West,Maharashtra,5,26820.11,0.05,127395.52,93505.36,33890.16,Cash,2026,2,February,Q1,26.602316941757454
O01666,2025-02-21,C0092,Karthik Patel,P6993,Air Fryer,Home & Kitchen,North,Uttar Pradesh,4,6040.96,0.1,21747.46,15472.65,6274.81,Cash,2025,2,February,Q1,28.853070657446896
O01667,2026-03-10,C0503,Karthik Rao,P5057,Headphones,Electronics,West,Maharashtra,7,7507.66,0.1,47298.26,31830.19,15468.07,Net Banking,2026,3,March,Q1,32.70325377720026
O01668,2026-01-31,C1122,Karthik Sharma,P1600,Office Chair,Furniture,North,Haryana,5,14726.22,0.1,66267.99,46300.37,19967.62,Debit Card,2026,1,January,Q1,30.13162161701298
O01669,2025-08-27,C0350,Vijay Verma,P0899,Perfume,Beauty,West,Madhya Pradesh,1,1396.49,0.15,1187.02,915.47,271.55,Credit Card,2025,8,August,Q3,22.876615389799667
O01670,2025-05-23,C1133,Rahul Singh,P0790,Face Cream,Beauty,North,Punjab,2,1052.57,0.1,1894.63,1331.54,563.09,Credit Card,2025,5,May,Q2,29.720314784417013
O01671,2025-06-19,C0573,Sneha Patel,P3067,Cookware Set,Home & Kitchen,West,Madhya Pradesh,2,2679.47,0.1,4823.05,3186.21,1636.84,Net Banking,2025,6,June,Q2,33.93786089715014
O01672,2026-06-17,C0237,Rahul Iyer,P1077,Skin Care Set,Beauty,West,Madhya Pradesh,3,5705.57,0.05,16260.87,11493.44,4767.43,Debit Card,2026,6,June,Q2,29.31841900218131
O01673,2026-01-29,C0882,Rahul Das,P1101,T-Shirt,Clothing,East,Bihar,1,1786.9,0.05,1697.56,1331.64,365.92,UPI,2026,1,January,Q1,21.555644572209527
O01674,2026-02-01,C0647,Karthik Kumar,P3067,Cookware Set,Home & Kitchen,West,Goa,6,7401.94,0.05,42191.06,34262.4,7928.66,Debit Card,2026,2,February,Q1,18.79227495113894
O01675,2025-12-22,C0223,Sneha Patel,P3727,Monitor,Electronics,South,Tamil Nadu,7,9000.2,0.05,59851.33,46963.36,12887.97,UPI,2025,12,December,Q4,21.53330594324303
O01676,2025-02-13,C1154,Arun Kumar,P0649,Sofa,Furniture,North,Haryana,2,44185.95,0.05,83953.3,62836.25,21117.05,Credit Card,2025,2,February,Q1,25.15332929140367
O01677,2025-12-27,C0097,Rahul Rao,P6266,Bookshelf,Furniture,South,Karnataka,2,11690.17,0.15,19873.29,11896.05,7977.24,Debit Card,2025,12,December,Q4,40.14051020238722
O01678,2026-04-22,C0840,Vijay Patel,P1796,Mouse,Electronics,East,Odisha,3,2567.13,0.0,7701.39,4765.89,2935.5,Net Banking,2026,4,April,Q2,38.11649585334595
O01679,2026-05-20,C0052,Arun Singh,P3693,Keyboard,Electronics,East,Jharkhand,4,4800.76,0.0,19203.04,14091.72,5111.32,Net Banking,2026,5,May,Q2,26.617243936376738
O01680,2026-04-24,C0732,Karthik Verma,P4333,Desk,Furniture,East,West Bengal,3,23232.07,0.05,66211.4,49235.3,16976.1,Debit Card,2026,4,April,Q2,25.63924037250383
O01681,2025-05-09,C0207,Ravi Reddy,P7780,Vacuum Cleaner,Home & Kitchen,East,Odisha,4,7907.78,0.05,30049.56,21660.44,8389.12,Net Banking,2025,5,May,Q2,27.917613435937167
O01682,2025-10-05,C0317,Ravi Reddy,P9685,Laptop,Electronics,South,Telangana,5,56282.61,0.0,281413.05,186088.14,95324.91,Net Banking,2025,10,October,Q4,33.873663641398295
O01683,2025-11-30,C0856,Sneha Das,P5533,Shampoo,Beauty,South,Karnataka,7,289.29,0.15,1721.28,1064.29,656.99,UPI,2025,11,November,Q4,38.16868841792155
O01684,2025-08-07,C1152,Sneha Kumar,P1796,Mouse,Electronics,East,Jharkhand,4,2971.67,0.05,11292.35,8161.64,3130.71,Debit Card,2025,8,August,Q3,27.7241672459674
O01685,2025-05-26,C0125,Priya Rao,P3727,Monitor,Electronics,West,Gujarat,3,26445.98,0.05,75371.04,51354.46,24016.58,Credit Card,2025,5,May,Q2,31.864466776629328
O01686,2025-06-01,C0933,Meena Sharma,P7291,Jacket,Clothing,North,Haryana,4,6790.43,0.05,25803.63,15405.97,10397.66,Debit Card,2025,6,June,Q2,40.29533829155045
O01687,2026-03-22,C0457,Meena Kumar,P0649,Sofa,Furniture,South,Andhra Pradesh,1,28868.11,0.15,24537.89,18220.79,6317.1,Net Banking,2026,3,March,Q1,25.744267335129468
O01688,2026-06-22,C0145,Ravi Singh,P1600,Office Chair,Furniture,South,Kerala,4,11263.26,0.05,42800.39,33864.46,8935.93,Cash,2026,6,June,Q2,20.878150876662573
O01689,2026-03-08,C0808,Sneha Iyer,P1101,T-Shirt,Clothing,East,Bihar,5,837.94,0.0,4189.7,3196.36,993.34,Net Banking,2026,3,March,Q1,23.709096116667066
O01690,2025-10-03,C0033,Meena Singh,P8566,Dress,Clothing,South,Karnataka,1,4175.03,0.0,4175.03,3140.59,1034.44,Cash,2025,10,October,Q4,24.776827950936884
O01691,2025-08-25,C0702,Priya Reddy,P3727,Monitor,Electronics,South,Andhra Pradesh,1,24661.75,0.0,24661.75,15697.78,8963.97,Debit Card,2025,8,August,Q3,36.34766389246505
O01692,2025-08-20,C0367,Arun Reddy,P7087,Tablet,Electronics,South,Kerala,4,25691.86,0.05,97629.07,60413.12,37215.95,Credit Card,2025,8,August,Q3,38.11974240869036
O01693,2025-10-21,C0786,Vijay Rao,P0899,Perfume,Beauty,South,Telangana,6,2205.69,0.1,11910.73,9596.68,2314.05,Credit Card,2025,10,October,Q4,19.428280214562836
O01694,2025-06-15,C0641,Divya Sharma,P4333,Desk,Furniture,North,Delhi,3,20226.28,0.15,51577.01,38231.14,13345.87,Debit Card,2025,6,June,Q2,25.87561783825778
O01695,2026-03-25,C0057,Divya Rao,P2376,Dining Table,Furniture,South,Karnataka,6,14743.76,0.05,84039.43,60112.44,23926.99,Debit Card,2026,3,March,Q1,28.47114741258955
O01696,2025-03-31,C0648,Rahul Patel,P8566,Dress,Clothing,North,Punjab,7,4601.25,0.1,28987.88,21980.03,7007.85,Net Banking,2025,3,March,Q1,24.17510352602536
O01697,2025-08-13,C0677,Vijay Nair,P4333,Desk,Furniture,North,Haryana,5,14991.25,0.1,67460.62,42670.76,24789.86,Credit Card,2025,8,August,Q3,36.74715708216142
O01698,2025-08-26,C0310,Arun Reddy,P3067,Cookware Set,Home & Kitchen,South,Andhra Pradesh,4,7530.31,0.0,30121.24,22095.4,8025.84,Debit Card,2025,8,August,Q3,26.64511819566525
O01699,2025-05-18,C0605,Ananya Sharma,P9007,Jeans,Clothing,North,Rajasthan,4,1249.62,0.1,4498.63,2662.63,1836.0,Credit Card,2025,5,May,Q2,40.8124251160909
O01700,2025-03-29,C0104,Ananya Das,P5533,Shampoo,Beauty,South,Telangana,5,224.23,0.15,952.98,641.24,311.74,UPI,2025,3,March,Q1,32.71212407395748
O01701,2026-01-02,C0096,Ananya Nair,P6547,Shoes,Clothing,West,Goa,3,3599.9,0.1,9719.73,6292.82,3426.91,Debit Card,2026,1,January,Q1,35.257255088361504
O01702,2026-02-25,C0941,Priya Iyer,P6993,Air Fryer,Home & Kitchen,West,Maharashtra,5,4559.2,0.05,21656.2,13002.53,8653.67,Net Banking,2026,2,February,Q1,39.95931880939408
O01703,2026-06-19,C0556,Karthik Singh,P8566,Dress,Clothing,East,Bihar,3,2563.2,0.1,6920.64,5303.39,1617.25,Net Banking,2026,6,June,Q2,23.368503491006614
O01704,2026-02-20,C0347,Karthik Kumar,P7087,Tablet,Electronics,South,Telangana,2,30031.09,0.05,57059.07,46592.08,10466.99,Credit Card,2026,2,February,Q1,18.344130039273335
O01705,2025-04-27,C0042,Rahul Singh,P8566,Dress,Clothing,East,Odisha,4,3064.45,0.05,11644.91,8607.07,3037.84,Debit Card,2025,4,April,Q2,26.087277617431138
O01706,2025-04-05,C0516,Karthik Rao,P0649,Sofa,Furniture,South,Andhra Pradesh,5,47163.49,0.0,235817.45,176855.31,58962.14,Net Banking,2025,4,April,Q2,25.003298101985244
O01707,2026-02-20,C0881,Karthik Das,P7050,Makeup Kit,Beauty,East,Jharkhand,6,629.88,0.1,3401.35,2194.77,1206.58,Credit Card,2026,2,February,Q1,35.4735619680421
O01708,2025-11-17,C0492,Ananya Iyer,P1077,Skin Care Set,Beauty,West,Maharashtra,5,3129.3,0.0,15646.5,9781.99,5864.51,Debit Card,2025,11,November,Q4,37.481289745310455
O01709,2025-12-21,C0136,Arun Rao,P6547,Shoes,Clothing,North,Punjab,7,5698.51,0.0,39889.57,24086.22,15803.35,Debit Card,2025,12,December,Q4,39.61774970249115
O01710,2026-04-07,C0573,Karthik Singh,P7087,Tablet,Electronics,West,Gujarat,5,31742.15,0.15,134904.14,85869.0,49035.14,UPI,2026,4,April,Q2,36.34813579479473
O01711,2026-05-13,C1165,Divya Singh,P7087,Tablet,Electronics,South,Telangana,4,38715.18,0.05,147117.68,99721.56,47396.12,Credit Card,2026,5,May,Q2,32.216467796392664
O01712,2025-11-12,C0366,Priya Reddy,P4870,Smartwatch,Electronics,North,Uttar Pradesh,4,5254.36,0.2,16813.95,12790.66,4023.29,Debit Card,2025,11,November,Q4,23.92828573892512
O01713,2025-06-08,C0090,Karthik Rao,P7291,Jacket,Clothing,North,Punjab,7,4400.88,0.0,30806.16,18437.04,12369.12,Credit Card,2025,6,June,Q2,40.15145022943464
O01714,2025-11-02,C0449,Divya Rao,P9007,Jeans,Clothing,West,Maharashtra,7,3456.53,0.05,22985.92,14657.51,8328.41,Net Banking,2025,11,November,Q4,36.23265894947864
O01715,2025-01-19,C0368,Meena Verma,P0649,Sofa,Furniture,North,Rajasthan,5,45561.8,0.2,182247.2,137043.79,45203.41,UPI,2025,1,January,Q1,24.803349516480914
O01716,2025-07-02,C0399,Divya Das,P0649,Sofa,Furniture,South,Kerala,6,24197.08,0.1,130664.23,92305.14,38359.09,Debit Card,2025,7,July,Q3,29.356993876594995
O01717,2026-06-11,C0287,Ravi Reddy,P3067,Cookware Set,Home & Kitchen,South,Telangana,3,5233.29,0.0,15699.87,12128.27,3571.6,Debit Card,2026,6,June,Q2,22.749232955432113
O01718,2025-10-07,C0737,Divya Rao,P3727,Monitor,Electronics,South,Kerala,7,13964.48,0.05,92863.79,57972.74,34891.05,Net Banking,2025,10,October,Q4,37.57228732533962
O01719,2026-04-06,C0903,Meena Kumar,P6547,Shoes,Clothing,West,Madhya Pradesh,6,3137.7,0.1,16943.58,12889.32,4054.26,Debit Card,2026,4,April,Q2,23.928001048184623
O01720,2025-04-12,C0773,Vijay Patel,P8699,Coffee Maker,Home & Kitchen,North,Haryana,6,6559.76,0.05,37390.63,27821.67,9568.96,Credit Card,2025,4,April,Q2,25.59186619749386
O01721,2025-07-24,C0291,Divya Iyer,P7087,Tablet,Electronics,North,Uttar Pradesh,5,36230.38,0.0,181151.9,123716.42,57435.48,Debit Card,2025,7,July,Q3,31.70570112706519
O01722,2025-02-13,C0998,Sneha Reddy,P5533,Shampoo,Beauty,East,Odisha,2,707.32,0.0,1414.64,1116.41,298.23,UPI,2025,2,February,Q1,21.081688627495335
O01723,2025-03-30,C0134,Ravi Singh,P7087,Tablet,Electronics,East,Odisha,5,23565.59,0.0,117827.95,95324.23,22503.72,Cash,2025,3,March,Q1,19.09879616848125
O01724,2026-05-12,C1149,Vijay Iyer,P6993,Air Fryer,Home & Kitchen,South,Kerala,7,7967.56,0.0,55772.92,44591.89,11181.03,Debit Card,2026,5,May,Q2,20.047417277058475
O01725,2026-05-25,C0862,Ravi Rao,P9667,Mixer Grinder,Home & Kitchen,West,Goa,4,8074.47,0.0,32297.88,26122.08,6175.8,Net Banking,2026,5,May,Q2,19.12137886449513
O01726,2025-09-10,C0525,Vijay Kumar,P9667,Mixer Grinder,Home & Kitchen,South,Tamil Nadu,1,6724.19,0.1,6051.77,4314.08,1737.69,Net Banking,2025,9,September,Q3,28.713748209201604
O01727,2025-01-20,C0019,Karthik Patel,P4870,Smartwatch,Electronics,North,Uttar Pradesh,3,17583.54,0.05,50113.09,31843.37,18269.72,Net Banking,2025,1,January,Q1,36.45698159901934
O01728,2025-08-28,C0996,Ananya Iyer,P1600,Office Chair,Furniture,South,Andhra Pradesh,1,12716.94,0.1,11445.25,8753.44,2691.81,Cash,2025,8,August,Q3,23.5190144383041
O01729,2026-04-23,C0670,Priya Iyer,P3067,Cookware Set,Home & Kitchen,West,Maharashtra,3,2737.03,0.05,7800.54,5611.21,2189.33,Credit Card,2026,4,April,Q2,28.06639027554503
O01730,2026-01-17,C0327,Vijay Verma,P3693,Keyboard,Electronics,West,Goa,6,3071.04,0.05,17504.93,10827.51,6677.42,Debit Card,2026,1,January,Q1,38.14593945819835
O01731,2025-11-05,C0763,Ravi Rao,P4870,Smartwatch,Electronics,North,Delhi,3,17580.49,0.0,52741.47,43066.57,9674.9,Debit Card,2025,11,November,Q4,18.344008993302612
O01732,2025-09-19,C0903,Priya Iyer,P4870,Smartwatch,Electronics,East,Jharkhand,1,6877.62,0.15,5845.98,3892.67,1953.31,Net Banking,2025,9,September,Q3,33.41287517234065
O01733,2025-11-25,C0798,Vijay Kumar,P9685,Laptop,Electronics,West,Madhya Pradesh,7,79525.93,0.05,528847.43,323710.21,205137.22,UPI,2025,11,November,Q4,38.78948981561658
O01734,2025-12-31,C0482,Sneha Sharma,P7291,Jacket,Clothing,South,Telangana,2,6985.62,0.0,13971.24,8409.26,5561.98,Net Banking,2025,12,December,Q4,39.81021011735537
O01735,2025-12-19,C0798,Vijay Sharma,P1796,Mouse,Electronics,South,Tamil Nadu,7,1162.11,0.1,7321.29,5787.14,1534.15,Cash,2025,12,December,Q4,20.954640507342287
O01736,2025-08-07,C0109,Karthik Patel,P0649,Sofa,Furniture,East,West Bengal,4,17493.31,0.05,66474.58,42487.82,23986.76,Cash,2025,8,August,Q3,36.08410914367567
O01737,2025-12-23,C0768,Ananya Nair,P1600,Office Chair,Furniture,West,Maharashtra,6,3684.55,0.15,18791.21,13359.69,5431.52,UPI,2025,12,December,Q4,28.90457825760023
O01738,2026-03-01,C0306,Arun Patel,P3693,Keyboard,Electronics,West,Madhya Pradesh,4,4549.13,0.1,16376.87,9995.89,6380.98,Credit Card,2026,3,March,Q1,38.96336723684073
O01739,2026-06-27,C0194,Vijay Rao,P9667,Mixer Grinder,Home & Kitchen,South,Tamil Nadu,2,6208.71,0.1,11175.68,8567.48,2608.2,UPI,2026,6,June,Q2,23.338177184744012
O01740,2025-01-10,C0224,Divya Sharma,P5533,Shampoo,Beauty,East,Jharkhand,2,484.23,0.15,823.19,513.95,309.24,UPI,2025,1,January,Q1,37.56605400940244
O01741,2025-02-22,C0986,Rahul Verma,P0899,Perfume,Beauty,West,Madhya Pradesh,1,2606.01,0.05,2475.71,1833.89,641.82,UPI,2025,2,February,Q1,25.924684231998096
O01742,2026-06-11,C0569,Vijay Kumar,P1796,Mouse,Electronics,South,Andhra Pradesh,7,843.64,0.0,5905.48,3920.37,1985.11,Cash,2026,6,June,Q2,33.61471040457338
O01743,2025-06-17,C0824,Vijay Singh,P9007,Jeans,Clothing,North,Uttar Pradesh,3,1399.45,0.05,3988.43,2680.88,1307.55,Credit Card,2025,6,June,Q2,32.78357649501182
O01744,2026-02-25,C0289,Ravi Das,P4333,Desk,Furniture,West,Goa,5,10025.18,0.0,50125.9,33119.27,17006.63,Credit Card,2026,2,February,Q1,33.927829724753074
O01745,2026-01-12,C0461,Rahul Rao,P6547,Shoes,Clothing,West,Maharashtra,5,3145.69,0.0,15728.45,12804.81,2923.64,Debit Card,2026,1,January,Q1,18.58822706623984
O01746,2025-08-17,C0561,Meena Verma,P1796,Mouse,Electronics,West,Gujarat,3,2147.83,0.2,5154.79,3161.42,1993.37,Credit Card,2025,8,August,Q3,38.670246508587155
O01747,2025-04-19,C0720,Priya Verma,P5057,Headphones,Electronics,South,Karnataka,2,9998.74,0.05,18997.61,12858.29,6139.32,Net Banking,2025,4,April,Q2,32.31627557361163
O01748,2026-02-18,C0011,Meena Reddy,P0899,Perfume,Beauty,West,Madhya Pradesh,2,4447.51,0.05,8450.27,5617.9,2832.37,Credit Card,2026,2,February,Q1,33.51810060506942
O01749,2025-09-20,C1041,Divya Rao,P9667,Mixer Grinder,Home & Kitchen,South,Andhra Pradesh,3,2665.62,0.0,7996.86,5966.43,2030.43,Net Banking,2025,9,September,Q3,25.390340708728175
O01750,2025-10-30,C0248,Divya Sharma,P3727,Monitor,Electronics,West,Maharashtra,5,22541.81,0.1,101438.14,61182.99,40255.15,UPI,2025,10,October,Q4,39.68443230524535
O01751,2025-08-17,C0072,Rahul Patel,P3067,Cookware Set,Home & Kitchen,South,Andhra Pradesh,3,2508.32,0.05,7148.71,4237.75,2910.96,Credit Card,2025,8,August,Q3,40.72007397138784
O01752,2026-06-07,C0644,Sneha Nair,P1796,Mouse,Electronics,North,Rajasthan,6,1688.4,0.1,9117.36,5439.69,3677.67,Debit Card,2026,6,June,Q2,40.337005448945746
O01753,2026-06-11,C0624,Karthik Verma,P0899,Perfume,Beauty,West,Goa,3,4535.47,0.05,12926.09,9744.29,3181.8,Credit Card,2026,6,June,Q2,24.615332246642257
O01754,2025-11-21,C0641,Priya Singh,P1077,Skin Care Set,Beauty,South,Andhra Pradesh,6,4830.74,0.0,28984.44,20722.74,8261.7,Credit Card,2025,11,November,Q4,28.50391451413242
O01755,2025-12-10,C0046,Ravi Nair,P9685,Laptop,Electronics,South,Karnataka,7,64988.21,0.0,454917.47,341976.62,112940.85,Net Banking,2025,12,December,Q4,24.826668010793256
O01756,2026-05-09,C1087,Ravi Verma,P3067,Cookware Set,Home & Kitchen,North,Haryana,6,2764.2,0.0,16585.2,11483.28,5101.92,Cash,2026,5,May,Q2,30.76188408942913
O01757,2026-04-06,C0292,Rahul Nair,P8566,Dress,Clothing,East,Jharkhand,3,1313.55,0.0,3940.65,2636.3,1304.35,UPI,2026,4,April,Q2,33.09986931090048
O01758,2026-06-08,C0169,Divya Nair,P4333,Desk,Furniture,North,Uttar Pradesh,1,15496.67,0.05,14721.84,11398.63,3323.21,Cash,2026,6,June,Q2,22.573333224651265
O01759,2025-05-13,C0903,Ananya Verma,P4870,Smartwatch,Electronics,West,Madhya Pradesh,7,16623.13,0.1,104725.72,70969.83,33755.89,Debit Card,2025,5,May,Q2,32.23266452596363
O01760,2025-02-02,C0525,Sneha Das,P4333,Desk,Furniture,East,Jharkhand,2,14669.38,0.1,26404.88,21344.95,5059.93,Cash,2025,2,February,Q1,19.16285928964646
O01761,2026-01-30,C0364,Ananya Reddy,P6993,Air Fryer,Home & Kitchen,South,Karnataka,7,7314.3,0.15,43520.08,34322.99,9197.09,Cash,2026,1,January,Q1,21.132980454080048
O01762,2025-01-26,C0761,Ananya Nair,P2376,Dining Table,Furniture,North,Uttar Pradesh,1,11371.85,0.0,11371.85,8921.39,2450.46,Debit Card,2025,1,January,Q1,21.548472763886263
O01763,2025-04-28,C0821,Ananya Reddy,P3727,Monitor,Electronics,South,Tamil Nadu,6,15533.65,0.0,93201.9,56672.13,36529.77,UPI,2025,4,April,Q2,39.19423316477454
O01764,2025-04-22,C0507,Rahul Nair,P9667,Mixer Grinder,Home & Kitchen,South,Kerala,3,8880.97,0.15,22646.47,14058.62,8587.85,Net Banking,2025,4,April,Q2,37.921362578803674
O01765,2026-06-08,C0014,Sneha Patel,P1600,Office Chair,Furniture,South,Kerala,6,8382.39,0.1,45264.91,36876.57,8388.34,Credit Card,2026,6,June,Q2,18.531661722071245
O01766,2026-06-19,C0992,Karthik Reddy,P4870,Smartwatch,Electronics,West,Gujarat,4,4382.04,0.05,16651.75,9671.54,6980.21,Cash,2026,6,June,Q2,41.91877730568859
O01767,2025-05-05,C0162,Karthik Rao,P7780,Vacuum Cleaner,Home & Kitchen,West,Goa,2,13920.33,0.05,26448.63,17946.81,8501.82,Net Banking,2025,5,May,Q2,32.144651726762405
O01768,2025-07-22,C0615,Arun Verma,P9667,Mixer Grinder,Home & Kitchen,South,Andhra Pradesh,1,5340.66,0.05,5073.63,3551.16,1522.47,UPI,2025,7,July,Q3,30.007509416335047
O01769,2025-07-02,C0960,Karthik Nair,P8566,Dress,Clothing,South,Telangana,4,1450.92,0.0,5803.68,4547.11,1256.57,Debit Card,2025,7,July,Q3,21.651262647148016
O01770,2026-01-26,C0121,Arun Singh,P6547,Shoes,Clothing,South,Telangana,4,2969.19,0.05,11282.92,7698.06,3584.86,Credit Card,2026,1,January,Q1,31.772448975974303
O01771,2026-02-03,C1175,Ananya Iyer,P1077,Skin Care Set,Beauty,South,Kerala,2,4762.21,0.05,9048.2,7158.54,1889.66,Credit Card,2026,2,February,Q1,20.884374792776462
O01772,2025-07-03,C0687,Meena Patel,P5057,Headphones,Electronics,East,Odisha,1,6094.9,0.1,5485.41,3447.58,2037.83,Debit Card,2025,7,July,Q3,37.15000337258291
O01773,2025-03-22,C1019,Vijay Kumar,P6547,Shoes,Clothing,West,Madhya Pradesh,2,1949.74,0.1,3509.53,2537.82,971.71,Debit Card,2025,3,March,Q1,27.68775306095118
O01774,2026-02-23,C0981,Ravi Kumar,P8699,Coffee Maker,Home & Kitchen,West,Maharashtra,6,6302.45,0.0,37814.7,26980.68,10834.02,Credit Card,2026,2,February,Q1,28.650286793231206
O01775,2025-08-17,C0664,Sneha Sharma,P1101,T-Shirt,Clothing,North,Rajasthan,5,738.76,0.1,3324.42,2180.69,1143.73,Debit Card,2025,8,August,Q3,34.403896017952
O01776,2025-09-19,C0798,Arun Nair,P0899,Perfume,Beauty,North,Rajasthan,4,4545.27,0.1,16362.97,11013.85,5349.12,Debit Card,2025,9,September,Q3,32.690397892314174
O01777,2026-04-06,C1161,Divya Das,P7050,Makeup Kit,Beauty,South,Karnataka,6,1225.86,0.1,6619.64,4455.53,2164.11,Debit Card,2026,4,April,Q2,32.692261210579424
O01778,2026-04-30,C0315,Priya Kumar,P2376,Dining Table,Furniture,East,Jharkhand,6,33620.21,0.05,191635.2,146082.24,45552.96,Credit Card,2026,4,April,Q2,23.770664262097984
O01779,2025-04-01,C0169,Karthik Sharma,P1796,Mouse,Electronics,South,Tamil Nadu,7,2882.36,0.1,18158.87,13729.46,4429.41,Credit Card,2025,4,April,Q2,24.392542046944552
O01780,2025-11-13,C0641,Karthik Singh,P2376,Dining Table,Furniture,West,Madhya Pradesh,3,24749.26,0.1,66823.0,40078.54,26744.46,UPI,2025,11,November,Q4,40.022836448528196
O01781,2026-06-13,C0420,Rahul Reddy,P7291,Jacket,Clothing,South,Kerala,2,6739.81,0.1,12131.66,7336.7,4794.96,Credit Card,2026,6,June,Q2,39.5243519848067
O01782,2026-03-14,C0350,Arun Sharma,P9667,Mixer Grinder,Home & Kitchen,West,Goa,7,4254.33,0.15,25313.26,14968.69,10344.57,Debit Card,2026,3,March,Q1,40.86621004169356
O01783,2025-01-14,C0295,Sneha Das,P8566,Dress,Clothing,South,Tamil Nadu,5,2265.9,0.0,11329.5,6860.86,4468.64,Credit Card,2025,1,January,Q1,39.4425173220354
O01784,2025-08-04,C0012,Rahul Nair,P7780,Vacuum Cleaner,Home & Kitchen,North,Rajasthan,6,11898.28,0.0,71389.68,53566.83,17822.85,Debit Card,2025,8,August,Q3,24.965583260773826
O01785,2025-08-29,C0896,Priya Singh,P4870,Smartwatch,Electronics,South,Andhra Pradesh,4,7754.05,0.05,29465.39,21188.88,8276.51,Credit Card,2025,8,August,Q3,28.088920594636622
O01786,2025-04-29,C1104,Karthik Das,P4870,Smartwatch,Electronics,East,West Bengal,7,16333.63,0.0,114335.41,73864.17,40471.24,Debit Card,2025,4,April,Q2,35.396943081762686
O01787,2025-12-03,C0883,Rahul Patel,P0899,Perfume,Beauty,South,Kerala,4,2327.56,0.1,8379.22,5325.33,3053.89,Net Banking,2025,12,December,Q4,36.44599377985063
O01788,2026-04-26,C0785,Arun Kumar,P6266,Bookshelf,Furniture,South,Kerala,4,7358.91,0.15,25020.29,20429.09,4591.2,Net Banking,2026,4,April,Q2,18.349907215304057
O01789,2025-03-24,C0392,Karthik Singh,P6547,Shoes,Clothing,North,Rajasthan,6,2745.17,0.15,14000.37,9968.23,4032.14,Net Banking,2025,3,March,Q1,28.800238850830368
O01790,2025-10-19,C0684,Divya Kumar,P3067,Cookware Set,Home & Kitchen,South,Telangana,2,5109.63,0.1,9197.33,5986.82,3210.51,Credit Card,2025,10,October,Q4,34.90697843830764
O01791,2025-11-30,C1016,Karthik Nair,P1600,Office Chair,Furniture,North,Haryana,1,15209.58,0.0,15209.58,11912.63,3296.95,UPI,2025,11,November,Q4,21.676798438878652
O01792,2026-01-01,C0854,Priya Singh,P0790,Face Cream,Beauty,North,Uttar Pradesh,5,787.29,0.1,3542.8,2464.73,1078.07,Debit Card,2026,1,January,Q1,30.42988596590267
O01793,2025-05-16,C0994,Rahul Patel,P3067,Cookware Set,Home & Kitchen,South,Kerala,7,3053.28,0.1,19235.66,15292.8,3942.86,Debit Card,2025,5,May,Q2,20.49765903535413
O01794,2026-04-22,C0322,Rahul Reddy,P0899,Perfume,Beauty,South,Tamil Nadu,4,815.3,0.0,3261.2,2074.2,1187.0,Credit Card,2026,4,April,Q2,36.39764503863609
O01795,2025-10-02,C0864,Rahul Reddy,P1101,T-Shirt,Clothing,West,Madhya Pradesh,6,391.22,0.05,2229.95,1828.28,401.67,UPI,2025,10,October,Q4,18.012511491289043
O01796,2025-10-05,C0169,Divya Iyer,P9667,Mixer Grinder,Home & Kitchen,South,Tamil Nadu,5,7312.03,0.1,32904.14,26940.01,5964.13,UPI,2025,10,October,Q4,18.12577383879354
O01797,2026-02-14,C0584,Karthik Patel,P8699,Coffee Maker,Home & Kitchen,South,Tamil Nadu,2,4884.72,0.0,9769.44,7893.57,1875.87,Net Banking,2026,2,February,Q1,19.20140765489117
O01798,2025-07-12,C0126,Priya Reddy,P8699,Coffee Maker,Home & Kitchen,South,Karnataka,3,4717.25,0.1,12736.58,7492.16,5244.42,Cash,2025,7,July,Q3,41.1760456888741
O01799,2025-01-25,C0869,Karthik Iyer,P3067,Cookware Set,Home & Kitchen,West,Maharashtra,7,3864.0,0.05,25695.6,16140.99,9554.61,Net Banking,2025,1,January,Q1,37.183836921496294
O01800,2025-01-10,C0524,Meena Sharma,P1796,Mouse,Electronics,North,Uttar Pradesh,4,582.26,0.1,2096.14,1237.07,859.07,Debit Card,2025,1,January,Q1,40.98342667951569
O01801,2025-05-27,C0246,Rahul Iyer,P1600,Office Chair,Furniture,East,West Bengal,2,10682.85,0.1,19229.13,14283.01,4946.12,Credit Card,2025,5,May,Q2,25.72201654469027
O01802,2025-10-08,C0651,Karthik Nair,P7050,Makeup Kit,Beauty,West,Goa,3,3452.65,0.2,8286.36,5038.18,3248.18,Cash,2025,10,October,Q4,39.19911758600881
O01803,2025-02-08,C1194,Divya Verma,P6266,Bookshelf,Furniture,South,Karnataka,7,11123.33,0.0,77863.31,61821.93,16041.38,Cash,2025,2,February,Q1,20.601975436184254
O01804,2026-04-20,C1084,Ravi Patel,P5057,Headphones,Electronics,West,Madhya Pradesh,7,3268.68,0.05,21736.72,15152.19,6584.53,UPI,2026,4,April,Q2,30.292196798781045
O01805,2025-11-20,C0756,Sneha Kumar,P4870,Smartwatch,Electronics,South,Telangana,1,10139.63,0.1,9125.67,6720.85,2404.82,Credit Card,2025,11,November,Q4,26.35225687538559
O01806,2026-02-21,C0153,Sneha Patel,P0899,Perfume,Beauty,East,West Bengal,5,4885.09,0.15,20761.63,12119.39,8642.24,Cash,2026,2,February,Q1,41.62601876634927
O01807,2025-08-07,C0232,Ananya Patel,P2376,Dining Table,Furniture,South,Kerala,5,29138.41,0.05,138407.45,89320.01,49087.44,Credit Card,2025,8,August,Q3,35.46589435756529
O01808,2026-03-03,C0279,Ananya Kumar,P1600,Office Chair,Furniture,South,Kerala,7,5669.05,0.05,37699.18,23051.17,14648.01,Debit Card,2026,3,March,Q1,38.85498305268179
O01809,2026-03-03,C0389,Vijay Singh,P4870,Smartwatch,Electronics,North,Uttar Pradesh,4,8188.98,0.15,27842.53,18214.76,9627.77,Credit Card,2026,3,March,Q1,34.579364734454806
O01810,2025-12-23,C0896,Karthik Nair,P9685,Laptop,Electronics,South,Tamil Nadu,7,79178.35,0.1,498823.61,301943.79,196879.82,UPI,2025,12,December,Q4,39.468825463173246
O01811,2025-05-27,C0899,Vijay Nair,P5533,Shampoo,Beauty,North,Uttar Pradesh,3,949.15,0.0,2847.45,2251.79,595.66,Debit Card,2025,5,May,Q2,20.919067937979598
O01812,2025-04-13,C0684,Vijay Sharma,P7087,Tablet,Electronics,North,Punjab,7,28313.28,0.1,178373.66,108661.67,69711.99,Net Banking,2025,4,April,Q2,39.081997868967875
O01813,2025-04-18,C1046,Ananya Patel,P7050,Makeup Kit,Beauty,West,Maharashtra,1,4462.27,0.1,4016.04,2644.82,1371.22,Credit Card,2025,4,April,Q2,34.14358422724874
O01814,2026-01-19,C0964,Ravi Nair,P3067,Cookware Set,Home & Kitchen,South,Telangana,2,2913.79,0.1,5244.82,3554.97,1689.85,Net Banking,2026,1,January,Q1,32.21940886436522
O01815,2026-01-18,C0889,Ravi Reddy,P4870,Smartwatch,Electronics,West,Madhya Pradesh,7,13326.45,0.15,79292.38,58021.95,21270.43,Net Banking,2026,1,January,Q1,26.82531410962819
O01816,2025-02-06,C0090,Ananya Verma,P7087,Tablet,Electronics,North,Punjab,3,37963.35,0.0,113890.05,69151.1,44738.95,Net Banking,2025,2,February,Q1,39.28257999711124
O01817,2026-05-05,C0519,Sneha Rao,P6266,Bookshelf,Furniture,South,Andhra Pradesh,6,9975.35,0.05,56859.5,36585.84,20273.66,Debit Card,2026,5,May,Q2,35.6557127656768
O01818,2025-09-27,C0177,Priya Patel,P7291,Jacket,Clothing,South,Kerala,1,2939.55,0.15,2498.62,1985.16,513.46,UPI,2025,9,September,Q3,20.549743458389035
O01819,2025-09-02,C0907,Sneha Sharma,P3727,Monitor,Electronics,East,West Bengal,4,13705.73,0.1,49340.63,39429.49,9911.14,Debit Card,2025,9,September,Q3,20.087177646495395
O01820,2026-05-09,C0350,Ravi Singh,P6547,Shoes,Clothing,South,Telangana,4,4125.99,0.1,14853.56,9929.61,4923.95,Credit Card,2026,5,May,Q2,33.14996539550115
O01821,2026-06-08,C1021,Vijay Patel,P1600,Office Chair,Furniture,West,Gujarat,3,8673.12,0.15,22116.46,16822.5,5293.96,UPI,2026,6,June,Q2,23.936742136851922
O01822,2026-03-12,C0742,Rahul Singh,P0790,Face Cream,Beauty,North,Punjab,1,700.64,0.05,665.61,456.18,209.43,Debit Card,2026,3,March,Q1,31.46437102807951
O01823,2025-10-28,C0643,Vijay Kumar,P9007,Jeans,Clothing,North,Punjab,1,1432.32,0.15,1217.47,975.88,241.59,UPI,2025,10,October,Q4,19.84361010948935
O01824,2025-07-10,C0001,Priya Patel,P4870,Smartwatch,Electronics,North,Delhi,3,17083.29,0.15,43562.39,26076.19,17486.2,UPI,2025,7,July,Q3,40.14058916418498
O01825,2025-03-14,C0484,Ananya Reddy,P9007,Jeans,Clothing,North,Haryana,5,1396.08,0.05,6631.38,5343.02,1288.36,UPI,2025,3,March,Q1,19.42823364066001
O01826,2025-07-25,C0230,Rahul Iyer,P7050,Makeup Kit,Beauty,South,Andhra Pradesh,6,3225.25,0.05,18383.92,10692.79,7691.13,Credit Card,2025,7,July,Q3,41.83618074926349
O01827,2025-05-31,C0465,Priya Reddy,P2376,Dining Table,Furniture,West,Gujarat,2,33595.18,0.05,63830.84,38555.72,25275.12,Credit Card,2025,5,May,Q2,39.59703491290417
O01828,2025-06-16,C0235,Karthik Patel,P9007,Jeans,Clothing,North,Delhi,3,959.3,0.05,2734.0,2151.33,582.67,Cash,2025,6,June,Q2,21.311997073884417
O01829,2025-01-16,C0908,Karthik Rao,P0649,Sofa,Furniture,East,West Bengal,2,47887.11,0.1,86196.8,58719.99,27476.81,Credit Card,2025,1,January,Q1,31.87683301468268
O01830,2025-05-24,C0377,Divya Singh,P1101,T-Shirt,Clothing,West,Goa,6,1236.03,0.0,7416.18,5714.5,1701.68,Net Banking,2025,5,May,Q2,22.945505637673303
O01831,2025-07-08,C0104,Ananya Nair,P4333,Desk,Furniture,South,Andhra Pradesh,3,17670.57,0.15,45059.95,31181.18,13878.77,UPI,2025,7,July,Q3,30.80067776373476
O01832,2026-04-01,C0448,Meena Singh,P5057,Headphones,Electronics,East,West Bengal,2,5323.22,0.05,10114.12,7367.08,2747.04,Net Banking,2026,4,April,Q2,27.160445001641264
O01833,2026-06-14,C0064,Divya Sharma,P4333,Desk,Furniture,South,Tamil Nadu,1,22191.35,0.2,17753.08,13068.31,4684.77,Debit Card,2026,6,June,Q2,26.388491461763252
O01834,2026-04-18,C0270,Meena Reddy,P9007,Jeans,Clothing,North,Rajasthan,1,1668.32,0.05,1584.9,1254.54,330.36,Net Banking,2026,4,April,Q2,20.844217300776073
O01835,2025-12-23,C0702,Karthik Kumar,P5533,Shampoo,Beauty,South,Kerala,4,584.23,0.0,2336.92,1467.71,869.21,Cash,2025,12,December,Q4,37.194683600636736
O01836,2026-02-27,C0325,Vijay Sharma,P1600,Office Chair,Furniture,South,Kerala,4,15939.99,0.05,60571.96,47301.58,13270.38,Cash,2026,2,February,Q1,21.908454010733678
O01837,2025-11-12,C0080,Ananya Sharma,P3727,Monitor,Electronics,West,Madhya Pradesh,7,10445.55,0.1,65806.96,50538.94,15268.02,Net Banking,2025,11,November,Q4,23.201223700350234
O01838,2026-06-05,C0841,Arun Sharma,P1101,T-Shirt,Clothing,East,Jharkhand,3,1760.37,0.0,5281.11,3552.53,1728.58,Credit Card,2026,6,June,Q2,32.73137654773334
O01839,2025-08-21,C1037,Meena Verma,P7050,Makeup Kit,Beauty,South,Tamil Nadu,2,1231.05,0.1,2215.89,1803.79,412.1,Debit Card,2025,8,August,Q3,18.59749355789322
O01840,2025-02-16,C0031,Sneha Iyer,P7087,Tablet,Electronics,North,Haryana,1,26896.5,0.05,25551.68,15601.38,9950.3,Debit Card,2025,2,February,Q1,38.941862139788846
O01841,2025-09-11,C0075,Arun Nair,P9007,Jeans,Clothing,South,Telangana,2,2739.58,0.15,4657.29,3024.21,1633.08,Debit Card,2025,9,September,Q3,35.065027086567504
O01842,2025-11-07,C0683,Rahul Nair,P0790,Face Cream,Beauty,North,Punjab,3,1378.12,0.1,3720.92,2520.57,1200.35,Credit Card,2025,11,November,Q4,32.25949496361115
O01843,2025-12-15,C0475,Divya Verma,P0899,Perfume,Beauty,South,Andhra Pradesh,6,4951.38,0.1,26737.45,17865.17,8872.28,Cash,2025,12,December,Q4,33.18296995412801
O01844,2025-05-27,C0940,Ravi Singh,P7291,Jacket,Clothing,East,West Bengal,4,5502.97,0.0,22011.88,12835.7,9176.18,Cash,2025,5,May,Q2,41.687397896045226
O01845,2025-04-05,C0790,Ananya Verma,P8566,Dress,Clothing,South,Kerala,7,3873.57,0.15,23047.74,14610.78,8436.96,Credit Card,2025,4,April,Q2,36.6064525198566
O01846,2026-04-20,C0685,Arun Das,P6266,Bookshelf,Furniture,South,Tamil Nadu,1,7586.77,0.15,6448.75,4499.46,1949.29,Credit Card,2026,4,April,Q2,30.227408412483037
O01847,2025-11-07,C0015,Ananya Singh,P8699,Coffee Maker,Home & Kitchen,North,Rajasthan,6,8883.98,0.05,50638.69,41086.55,9552.14,UPI,2025,11,November,Q4,18.863323676027164
O01848,2025-08-04,C0128,Ananya Das,P7291,Jacket,Clothing,South,Karnataka,5,3656.58,0.15,15540.46,12155.71,3384.75,UPI,2025,8,August,Q3,21.780243313261
O01849,2026-02-01,C0543,Vijay Sharma,P9685,Laptop,Electronics,South,Kerala,4,81523.12,0.1,293483.23,219080.09,74403.14,Credit Card,2026,2,February,Q1,25.35175178493163
O01850,2026-02-28,C0459,Ravi Das,P0790,Face Cream,Beauty,North,Haryana,5,938.8,0.1,4224.6,3218.47,1006.13,Net Banking,2026,2,February,Q1,23.815982578232255
O01851,2026-06-05,C0852,Divya Rao,P0649,Sofa,Furniture,North,Rajasthan,7,45400.29,0.0,317802.03,216004.81,101797.22,Debit Card,2026,6,June,Q2,32.03164561283639
O01852,2026-02-03,C1134,Ravi Singh,P8699,Coffee Maker,Home & Kitchen,South,Karnataka,2,7902.4,0.15,13434.08,8238.64,5195.44,Credit Card,2026,2,February,Q1,38.67358241130021
O01853,2025-04-15,C0296,Ravi Patel,P7087,Tablet,Electronics,North,Punjab,6,35763.03,0.15,182391.45,125923.59,56467.86,Net Banking,2025,4,April,Q2,30.959707815251207
O01854,2025-04-22,C0362,Vijay Singh,P0649,Sofa,Furniture,North,Delhi,1,25950.91,0.0,25950.91,17572.91,8378.0,UPI,2025,4,April,Q2,32.28403165823472
O01855,2025-09-25,C0869,Karthik Singh,P1101,T-Shirt,Clothing,North,Haryana,5,1248.11,0.0,6240.55,4090.93,2149.62,UPI,2025,9,September,Q3,34.4460023555616
O01856,2025-09-09,C0430,Divya Reddy,P7050,Makeup Kit,Beauty,West,Maharashtra,6,4425.18,0.1,23895.97,18915.75,4980.22,UPI,2025,9,September,Q3,20.841254822465878
O01857,2025-03-03,C0624,Vijay Patel,P8699,Coffee Maker,Home & Kitchen,South,Telangana,6,9253.87,0.1,49970.9,32046.11,17924.79,Net Banking,2025,3,March,Q1,35.87045660574454
O01858,2025-12-25,C1086,Divya Patel,P5533,Shampoo,Beauty,West,Gujarat,2,409.47,0.0,818.94,646.46,172.48,Credit Card,2025,12,December,Q4,21.061372017486015
O01859,2026-01-10,C0854,Divya Singh,P9007,Jeans,Clothing,East,Odisha,6,2076.64,0.0,12459.84,8005.5,4454.34,Net Banking,2026,1,January,Q1,35.74957623853918
O01860,2026-05-04,C0663,Meena Verma,P7291,Jacket,Clothing,East,West Bengal,1,6045.35,0.0,6045.35,4293.88,1751.47,UPI,2026,5,May,Q2,28.97218523327847
O01861,2026-03-12,C0632,Meena Singh,P6993,Air Fryer,Home & Kitchen,South,Tamil Nadu,2,9892.68,0.05,18796.09,11963.85,6832.24,UPI,2026,3,March,Q1,36.34926200076718
O01862,2026-05-24,C1114,Karthik Nair,P6547,Shoes,Clothing,South,Andhra Pradesh,1,2958.47,0.05,2810.55,2110.16,700.39,UPI,2026,5,May,Q2,24.92003344541104
O01863,2026-05-18,C1129,Ravi Patel,P4636,Smartphone,Electronics,South,Telangana,3,54698.29,0.0,164094.87,129488.74,34606.13,Net Banking,2026,5,May,Q2,21.089099250939412
O01864,2025-04-22,C1126,Priya Patel,P5057,Headphones,Electronics,South,Tamil Nadu,1,11054.89,0.1,9949.4,7074.4,2875.0,Debit Card,2025,4,April,Q2,28.896214847126462
O01865,2026-06-20,C0817,Priya Kumar,P8699,Coffee Maker,Home & Kitchen,South,Andhra Pradesh,6,3246.47,0.0,19478.82,11305.21,8173.61,Cash,2026,6,June,Q2,41.9615253901417
O01866,2025-03-25,C0586,Divya Kumar,P4636,Smartphone,Electronics,South,Telangana,6,42033.86,0.1,226982.84,148134.76,78848.08,Credit Card,2025,3,March,Q1,34.737462972971876
O01867,2025-11-25,C0339,Sneha Patel,P3067,Cookware Set,Home & Kitchen,East,Jharkhand,5,3842.44,0.1,17290.98,13556.56,3734.42,Net Banking,2025,11,November,Q4,21.597503438208822
O01868,2025-11-25,C1158,Priya Singh,P4333,Desk,Furniture,West,Madhya Pradesh,7,21222.55,0.0,148557.85,105153.98,43403.87,UPI,2025,11,November,Q4,29.216813517427724
O01869,2026-03-25,C0557,Meena Singh,P7050,Makeup Kit,Beauty,North,Haryana,7,2417.87,0.15,14386.33,10721.62,3664.71,Credit Card,2026,3,March,Q1,25.473557189359617
O01870,2025-12-18,C0196,Arun Patel,P7780,Vacuum Cleaner,Home & Kitchen,East,Odisha,6,15248.72,0.1,82343.09,52165.72,30177.37,Credit Card,2025,12,December,Q4,36.64833321168783
O01871,2026-05-21,C0672,Ravi Nair,P5057,Headphones,Electronics,North,Haryana,6,9425.57,0.1,50898.08,40296.41,10601.67,Credit Card,2026,5,May,Q2,20.829213989997264
O01872,2025-09-05,C0982,Divya Iyer,P7050,Makeup Kit,Beauty,East,Odisha,1,1909.81,0.0,1909.81,1424.97,484.84,Credit Card,2025,9,September,Q3,25.386818584047628
O01873,2026-06-12,C0765,Ravi Iyer,P5057,Headphones,Electronics,East,Jharkhand,1,11304.11,0.1,10173.7,7494.75,2678.95,Cash,2026,6,June,Q2,26.332111227970156
O01874,2025-02-12,C0234,Vijay Kumar,P3693,Keyboard,Electronics,North,Rajasthan,1,3794.82,0.1,3415.34,2163.98,1251.36,Cash,2025,2,February,Q1,36.63939754167959
O01875,2025-03-12,C1124,Vijay Kumar,P6547,Shoes,Clothing,East,Odisha,7,2648.08,0.1,16682.9,13458.6,3224.3,UPI,2025,3,March,Q1,19.326975525837835
O01876,2025-02-23,C0907,Arun Patel,P9007,Jeans,Clothing,East,Jharkhand,7,3456.3,0.2,19355.28,13847.75,5507.53,Net Banking,2025,2,February,Q1,28.454922894424673
O01877,2026-02-26,C1163,Arun Rao,P6993,Air Fryer,Home & Kitchen,East,Odisha,1,4106.95,0.0,4106.95,3032.38,1074.57,Credit Card,2026,2,February,Q1,26.164672080254203
O01878,2026-01-12,C0103,Divya Das,P0790,Face Cream,Beauty,North,Uttar Pradesh,4,1754.4,0.05,6666.72,5308.61,1358.11,Credit Card,2026,1,January,Q1,20.371487028103775
O01879,2025-12-05,C0493,Meena Reddy,P7050,Makeup Kit,Beauty,West,Madhya Pradesh,4,1151.36,0.1,4144.9,2964.21,1180.69,Net Banking,2025,12,December,Q4,28.485367560134144
O01880,2025-07-02,C0413,Ananya Reddy,P1600,Office Chair,Furniture,South,Tamil Nadu,4,11437.59,0.1,41175.32,28752.11,12423.21,Credit Card,2025,7,July,Q3,30.171495934943554
O01881,2025-04-02,C1111,Meena Kumar,P4636,Smartphone,Electronics,South,Telangana,4,32742.06,0.05,124419.83,84966.32,39453.51,Credit Card,2025,4,April,Q2,31.709985458105834
O01882,2025-09-01,C0320,Rahul Das,P0649,Sofa,Furniture,South,Telangana,5,14840.8,0.0,74204.0,45826.32,28377.68,Debit Card,2025,9,September,Q3,38.24279014608377
O01883,2026-06-10,C0739,Arun Reddy,P9685,Laptop,Electronics,South,Andhra Pradesh,4,58726.1,0.15,199668.74,132150.87,67517.87,UPI,2026,6,June,Q2,33.814942689576746
O01884,2025-03-05,C0839,Ravi Das,P1796,Mouse,Electronics,South,Telangana,7,2170.59,0.2,12155.3,9375.54,2779.76,Cash,2025,3,March,Q1,22.868707477396693
O01885,2026-06-01,C0416,Sneha Verma,P3727,Monitor,Electronics,East,West Bengal,2,9020.26,0.2,14432.42,9614.85,4817.57,Credit Card,2026,6,June,Q2,33.38019542114212
O01886,2025-02-24,C0105,Ananya Iyer,P4870,Smartwatch,Electronics,South,Karnataka,7,12104.58,0.15,72022.25,51671.43,20350.82,Debit Card,2025,2,February,Q1,28.256295797479254
O01887,2026-06-19,C1146,Divya Singh,P7291,Jacket,Clothing,South,Tamil Nadu,2,4912.27,0.1,8842.09,6478.99,2363.1,Net Banking,2026,6,June,Q2,26.725581847730567
O01888,2025-12-11,C0952,Sneha Das,P7087,Tablet,Electronics,West,Gujarat,4,33715.36,0.1,121375.3,73226.61,48148.69,UPI,2025,12,December,Q4,39.66926549306161
O01889,2025-04-16,C0395,Rahul Nair,P9685,Laptop,Electronics,West,Goa,1,81100.68,0.05,77045.65,57008.42,20037.23,Net Banking,2025,4,April,Q2,26.006958212436395
O01890,2026-04-07,C0209,Vijay Patel,P8566,Dress,Clothing,North,Haryana,7,2912.89,0.1,18351.21,13668.39,4682.82,Credit Card,2026,4,April,Q2,25.51777239756942
O01891,2025-06-05,C0617,Meena Das,P9007,Jeans,Clothing,South,Karnataka,7,2789.26,0.0,19524.82,11386.9,8137.92,UPI,2025,6,June,Q2,41.67987208076694
O01892,2025-03-01,C0767,Priya Iyer,P8566,Dress,Clothing,South,Tamil Nadu,6,4329.97,0.15,22082.85,14602.37,7480.48,Debit Card,2025,3,March,Q1,33.87461310473965
O01893,2025-11-15,C0227,Rahul Reddy,P1796,Mouse,Electronics,South,Tamil Nadu,4,1648.75,0.15,5605.75,3792.34,1813.41,Cash,2025,11,November,Q4,32.349105828836464
O01894,2025-06-28,C0463,Rahul Kumar,P3693,Keyboard,Electronics,South,Kerala,1,3295.07,0.1,2965.56,2000.1,965.46,Cash,2025,6,June,Q2,32.555739893982924
O01895,2026-02-13,C0309,Arun Singh,P7087,Tablet,Electronics,West,Maharashtra,3,27750.64,0.1,74926.73,61382.76,13543.97,UPI,2026,2,February,Q1,18.07628599299609
O01896,2026-01-18,C0407,Karthik Sharma,P1796,Mouse,Electronics,North,Delhi,6,1678.32,0.05,9566.42,7532.65,2033.77,UPI,2026,1,January,Q1,21.259468014157857
O01897,2025-06-06,C1102,Divya Sharma,P0899,Perfume,Beauty,East,Jharkhand,5,4508.18,0.1,20286.81,15215.38,5071.43,Credit Card,2025,6,June,Q2,24.99865676269458
O01898,2025-04-05,C0355,Priya Nair,P7087,Tablet,Electronics,South,Andhra Pradesh,7,19669.27,0.2,110147.91,83527.03,26620.88,Net Banking,2025,4,April,Q2,24.1683024217164
O01899,2025-11-04,C0787,Priya Kumar,P9667,Mixer Grinder,Home & Kitchen,North,Uttar Pradesh,6,5161.72,0.05,29421.8,18268.48,11153.32,Debit Card,2025,11,November,Q4,37.90835366972789
O01900,2026-02-16,C0410,Sneha Singh,P1101,T-Shirt,Clothing,East,Jharkhand,7,1215.81,0.0,8510.67,6330.4,2180.27,Debit Card,2026,2,February,Q1,25.618077072662903
O01901,2026-02-11,C0586,Sneha Das,P7050,Makeup Kit,Beauty,North,Uttar Pradesh,1,3291.95,0.1,2962.76,1820.99,1141.77,Net Banking,2026,2,February,Q1,38.537377310345754
O01902,2025-12-12,C0450,Priya Sharma,P9007,Jeans,Clothing,South,Andhra Pradesh,5,927.88,0.05,4407.43,2978.18,1429.25,Net Banking,2025,12,December,Q4,32.42819511597461
O01903,2026-05-03,C0890,Vijay Reddy,P9667,Mixer Grinder,Home & Kitchen,North,Haryana,2,5517.71,0.0,11035.42,8741.83,2293.59,Cash,2026,5,May,Q2,20.783894042999723
O01904,2026-01-12,C1079,Ravi Patel,P5057,Headphones,Electronics,North,Punjab,1,4161.44,0.1,3745.3,3052.48,692.82,Cash,2026,1,January,Q1,18.498384642084748
O01905,2025-11-13,C0487,Rahul Singh,P4333,Desk,Furniture,East,West Bengal,6,19006.44,0.1,102634.78,73038.68,29596.1,Debit Card,2025,11,November,Q4,28.836326243404038
O01906,2025-08-08,C0854,Meena Rao,P8566,Dress,Clothing,South,Telangana,3,2066.55,0.1,5579.68,3249.42,2330.26,Credit Card,2025,8,August,Q3,41.76332692914289
O01907,2025-08-06,C0083,Arun Patel,P8566,Dress,Clothing,West,Madhya Pradesh,1,1662.28,0.05,1579.17,1137.97,441.2,Debit Card,2025,8,August,Q3,27.9387273061165
O01908,2026-02-07,C0343,Karthik Sharma,P3693,Keyboard,Electronics,North,Haryana,6,1254.06,0.1,6771.92,4002.92,2769.0,Net Banking,2026,2,February,Q1,40.889437559805785
O01909,2026-03-21,C0718,Vijay Rao,P8699,Coffee Maker,Home & Kitchen,South,Telangana,3,7079.82,0.1,19115.51,14548.1,4567.41,Credit Card,2026,3,March,Q1,23.893738644692192
O01910,2025-04-04,C0229,Divya Iyer,P9667,Mixer Grinder,Home & Kitchen,South,Telangana,7,5062.35,0.0,35436.45,26581.36,8855.09,Net Banking,2025,4,April,Q2,24.988648693647363
O01911,2025-01-16,C0161,Ravi Sharma,P0649,Sofa,Furniture,South,Telangana,6,23665.3,0.0,141991.8,109357.04,32634.76,Cash,2025,1,January,Q1,22.98355257134567
O01912,2025-06-13,C0279,Meena Iyer,P8566,Dress,Clothing,West,Gujarat,2,1773.72,0.1,3192.7,2570.24,622.46,UPI,2025,6,June,Q2,19.49635105083472
O01913,2025-12-25,C0280,Karthik Sharma,P8566,Dress,Clothing,East,Bihar,2,3070.4,0.05,5833.76,4626.3,1207.46,Credit Card,2025,12,December,Q4,20.697800389457228
O01914,2026-03-02,C0169,Rahul Verma,P9007,Jeans,Clothing,South,Tamil Nadu,3,2346.04,0.1,6334.31,3995.3,2339.01,Cash,2026,3,March,Q1,36.92604245766311
O01915,2025-08-02,C0989,Priya Patel,P7050,Makeup Kit,Beauty,East,West Bengal,5,2453.35,0.0,12266.75,8377.54,3889.21,Net Banking,2025,8,August,Q3,31.705300915075306
O01916,2025-03-18,C0222,Sneha Rao,P0790,Face Cream,Beauty,South,Andhra Pradesh,1,1719.79,0.1,1547.81,1251.16,296.65,UPI,2025,3,March,Q1,19.165789082639343
O01917,2026-05-18,C0163,Sneha Kumar,P7050,Makeup Kit,Beauty,East,Odisha,1,3730.92,0.1,3357.83,2533.21,824.62,Net Banking,2026,5,May,Q2,24.558122358785287
O01918,2026-04-02,C0287,Arun Das,P3727,Monitor,Electronics,South,Telangana,3,13466.53,0.0,40399.59,32655.68,7743.91,Net Banking,2026,4,April,Q2,19.168288589067366
O01919,2026-06-19,C0509,Ananya Sharma,P9685,Laptop,Electronics,North,Uttar Pradesh,6,72891.21,0.15,371745.17,267845.22,103899.95,Debit Card,2026,6,June,Q2,27.949240066790914
O01920,2025-09-07,C0453,Arun Das,P7780,Vacuum Cleaner,Home & Kitchen,North,Delhi,6,8905.79,0.15,45419.53,27329.69,18089.84,UPI,2025,9,September,Q3,39.82832935523552
O01921,2025-04-25,C1056,Divya Das,P4333,Desk,Furniture,South,Tamil Nadu,6,7674.05,0.1,41439.87,30625.06,10814.81,Credit Card,2025,4,April,Q2,26.097596348637193
O01922,2025-07-02,C0273,Karthik Rao,P1077,Skin Care Set,Beauty,East,Odisha,4,1711.41,0.15,5818.79,3672.25,2146.54,Cash,2025,7,July,Q3,36.889800113081925
O01923,2025-12-26,C0333,Priya Patel,P2376,Dining Table,Furniture,West,Madhya Pradesh,6,34497.47,0.15,175937.1,103947.52,71989.58,UPI,2025,12,December,Q4,40.917793916121155
O01924,2026-01-15,C0022,Karthik Singh,P9685,Laptop,Electronics,South,Tamil Nadu,2,56583.24,0.1,101849.83,61764.07,40085.76,Cash,2026,1,January,Q1,39.357709286309074
O01925,2025-09-28,C0548,Sneha Patel,P7291,Jacket,Clothing,South,Telangana,5,6608.8,0.0,33044.0,26341.86,6702.14,Net Banking,2025,9,September,Q3,20.28247185570754
O01926,2026-01-17,C0900,Ravi Sharma,P9667,Mixer Grinder,Home & Kitchen,North,Delhi,3,4883.38,0.1,13185.13,8255.14,4929.99,Debit Card,2026,1,January,Q1,37.390530089578185
O01927,2025-02-26,C1145,Sneha Iyer,P3727,Monitor,Electronics,East,Bihar,4,22563.97,0.0,90255.88,73397.17,16858.71,Net Banking,2025,2,February,Q1,18.678794112915412
O01928,2026-06-07,C0138,Meena Reddy,P6993,Air Fryer,Home & Kitchen,West,Goa,3,8744.95,0.1,23611.36,18657.93,4953.43,Cash,2026,6,June,Q2,20.979011797710932
O01929,2025-06-05,C0851,Arun Sharma,P7087,Tablet,Electronics,West,Maharashtra,3,28463.72,0.15,72582.49,57033.64,15548.85,Net Banking,2025,6,June,Q2,21.42231549234533
O01930,2025-02-08,C1141,Ananya Sharma,P0899,Perfume,Beauty,West,Maharashtra,7,4982.69,0.0,34878.83,27767.32,7111.51,Net Banking,2025,2,February,Q1,20.38918736666339
O01931,2025-10-25,C0304,Sneha Patel,P0790,Face Cream,Beauty,South,Tamil Nadu,6,1207.03,0.1,6517.96,4114.2,2403.76,Net Banking,2025,10,October,Q4,36.879023498149735
O01932,2025-12-04,C0913,Rahul Iyer,P1077,Skin Care Set,Beauty,South,Kerala,5,3246.06,0.05,15418.78,11063.54,4355.24,UPI,2025,12,December,Q4,28.246333367490813
O01933,2025-04-08,C0747,Ananya Patel,P3693,Keyboard,Electronics,North,Uttar Pradesh,4,1649.58,0.1,5938.49,3708.33,2230.16,Debit Card,2025,4,April,Q2,37.55432778366218
O01934,2026-02-10,C0946,Rahul Nair,P1101,T-Shirt,Clothing,North,Uttar Pradesh,1,931.68,0.1,838.51,627.87,210.64,Debit Card,2026,2,February,Q1,25.120749901611187
O01935,2025-12-23,C0486,Priya Sharma,P9667,Mixer Grinder,Home & Kitchen,South,Kerala,4,4690.71,0.1,16886.56,13320.08,3566.48,UPI,2025,12,December,Q4,21.120228157777547
O01936,2026-04-06,C0471,Divya Sharma,P9685,Laptop,Electronics,South,Karnataka,4,56842.52,0.1,204633.07,126180.41,78452.66,Credit Card,2026,4,April,Q2,38.33821190289527
O01937,2025-03-10,C1059,Meena Rao,P6547,Shoes,Clothing,South,Tamil Nadu,2,4035.69,0.05,7667.81,5521.9,2145.91,Debit Card,2025,3,March,Q1,27.985956876865753
O01938,2025-06-02,C1166,Sneha Reddy,P3727,Monitor,Electronics,South,Andhra Pradesh,2,28235.04,0.0,56470.08,45796.77,10673.31,Net Banking,2025,6,June,Q2,18.90082323240909
O01939,2025-04-11,C0869,Priya Reddy,P0899,Perfume,Beauty,South,Andhra Pradesh,2,3378.8,0.1,6081.84,4073.76,2008.08,Credit Card,2025,4,April,Q2,33.01763939860305
O01940,2026-01-19,C0826,Sneha Das,P1796,Mouse,Electronics,South,Karnataka,1,2393.21,0.0,2393.21,1870.77,522.44,Cash,2026,1,January,Q1,21.83009430848108
O01941,2025-07-28,C0175,Divya Kumar,P1101,T-Shirt,Clothing,North,Punjab,7,650.04,0.0,4550.28,2930.53,1619.75,Net Banking,2025,7,July,Q3,35.596710532099124
O01942,2025-08-10,C1178,Sneha Kumar,P7780,Vacuum Cleaner,Home & Kitchen,South,Tamil Nadu,7,13314.51,0.0,93201.57,70407.76,22793.81,UPI,2025,8,August,Q3,24.45646570116791
O01943,2025-06-21,C0772,Sneha Patel,P7050,Makeup Kit,Beauty,South,Telangana,2,1951.35,0.15,3317.29,1966.93,1350.36,Debit Card,2025,6,June,Q2,40.70672145034049
O01944,2025-10-08,C0637,Sneha Nair,P6547,Shoes,Clothing,East,Jharkhand,5,4679.35,0.05,22226.91,13067.3,9159.61,UPI,2025,10,October,Q4,41.20955184503829
O01945,2025-11-24,C1189,Ravi Singh,P3693,Keyboard,Electronics,South,Andhra Pradesh,3,3800.07,0.05,10830.2,8049.62,2780.58,UPI,2025,11,November,Q4,25.674318110468867
O01946,2025-01-05,C0316,Ananya Reddy,P2376,Dining Table,Furniture,West,Madhya Pradesh,6,28685.68,0.05,163508.38,119140.16,44368.22,UPI,2025,1,January,Q1,27.13513521447647
O01947,2025-05-07,C0742,Sneha Singh,P6547,Shoes,Clothing,South,Andhra Pradesh,1,3112.6,0.0,3112.6,2134.77,977.83,Net Banking,2025,5,May,Q2,31.415215575403206
O01948,2025-01-20,C0838,Priya Patel,P0790,Face Cream,Beauty,South,Kerala,7,653.97,0.0,4577.79,3269.83,1307.96,Debit Card,2025,1,January,Q1,28.571865463465997
O01949,2025-11-15,C0143,Karthik Kumar,P4333,Desk,Furniture,South,Tamil Nadu,5,12297.35,0.2,49189.4,33157.91,16031.49,UPI,2025,11,November,Q4,32.591350982122165
O01950,2025-09-20,C0766,Arun Singh,P4870,Smartwatch,Electronics,North,Punjab,4,8766.82,0.05,33313.92,22174.26,11139.66,UPI,2025,9,September,Q3,33.438454555933376
O01951,2026-05-17,C0653,Karthik Verma,P7780,Vacuum Cleaner,Home & Kitchen,South,Telangana,2,15503.71,0.05,29457.05,20898.55,8558.5,Net Banking,2026,5,May,Q2,29.054165301684996
O01952,2025-07-22,C1118,Divya Iyer,P6266,Bookshelf,Furniture,South,Andhra Pradesh,3,5262.06,0.15,13418.25,8148.62,5269.63,Cash,2025,7,July,Q3,39.27211074469473
O01953,2025-10-31,C0213,Ananya Sharma,P9685,Laptop,Electronics,East,Jharkhand,2,72631.55,0.1,130736.79,83828.48,46908.31,Net Banking,2025,10,October,Q4,35.87996156246455
O01954,2026-04-21,C1113,Karthik Sharma,P0649,Sofa,Furniture,East,Jharkhand,2,23932.01,0.0,47864.02,30288.19,17575.83,Cash,2026,4,April,Q2,36.720338157973366
O01955,2025-06-14,C1090,Sneha Singh,P3067,Cookware Set,Home & Kitchen,West,Goa,2,1816.56,0.1,3269.81,2173.98,1095.83,Credit Card,2025,6,June,Q2,33.51356806664607
O01956,2025-12-05,C0977,Divya Singh,P4870,Smartwatch,Electronics,North,Delhi,4,7487.44,0.05,28452.27,18979.28,9472.99,Debit Card,2025,12,December,Q4,33.29432062889885
O01957,2026-05-23,C0851,Ravi Reddy,P6547,Shoes,Clothing,West,Goa,5,5175.97,0.05,24585.86,16004.1,8581.76,Net Banking,2026,5,May,Q2,34.90526668581046
O01958,2025-06-16,C0576,Divya Das,P1077,Skin Care Set,Beauty,South,Telangana,3,3987.21,0.05,11363.55,8615.94,2747.61,Cash,2025,6,June,Q2,24.179151761553392
O01959,2025-10-17,C1068,Priya Verma,P3727,Monitor,Electronics,South,Telangana,5,11801.83,0.15,50157.78,33249.21,16908.57,Net Banking,2025,10,October,Q4,33.71076231842797
O01960,2025-09-25,C0468,Ananya Das,P5057,Headphones,Electronics,South,Telangana,3,6261.33,0.0,18783.99,13969.85,4814.14,UPI,2025,9,September,Q3,25.628953167032137
O01961,2025-09-25,C0940,Arun Nair,P0649,Sofa,Furniture,South,Karnataka,4,36880.98,0.1,132771.53,104509.48,28262.05,Net Banking,2025,9,September,Q3,21.286227551945814
O01962,2026-04-16,C0399,Karthik Das,P0899,Perfume,Beauty,North,Uttar Pradesh,2,4476.19,0.2,7161.9,4156.02,3005.88,Net Banking,2026,4,April,Q2,41.970426842039124
O01963,2026-05-02,C0362,Sneha Nair,P8566,Dress,Clothing,East,Bihar,2,1716.16,0.0,3432.32,2445.32,987.0,UPI,2026,5,May,Q2,28.756060041021815
O01964,2026-06-27,C0855,Arun Kumar,P8566,Dress,Clothing,West,Goa,4,1504.03,0.15,5113.7,3639.68,1474.02,Net Banking,2026,6,June,Q2,28.824921289868392
O01965,2026-06-15,C0089,Arun Patel,P0790,Face Cream,Beauty,South,Karnataka,5,1316.17,0.1,5922.76,3733.6,2189.16,UPI,2026,6,June,Q2,36.961821853325134
O01966,2025-01-29,C1174,Priya Singh,P4870,Smartwatch,Electronics,West,Maharashtra,1,7877.16,0.1,7089.44,4111.96,2977.48,Cash,2025,1,January,Q1,41.998803854747344
O01967,2025-08-20,C0205,Rahul Reddy,P3693,Keyboard,Electronics,West,Madhya Pradesh,1,4603.37,0.1,4143.03,2573.11,1569.92,Credit Card,2025,8,August,Q3,37.89303963524281
O01968,2025-02-18,C0791,Priya Iyer,P8566,Dress,Clothing,North,Punjab,7,4227.25,0.2,23672.6,16312.86,7359.74,Cash,2025,2,February,Q1,31.089698638932777
O01969,2025-08-04,C1008,Meena Rao,P9007,Jeans,Clothing,South,Telangana,6,2526.02,0.05,14398.31,9270.54,5127.77,Cash,2025,8,August,Q3,35.61369355153487
O01970,2025-06-04,C0621,Sneha Iyer,P7780,Vacuum Cleaner,Home & Kitchen,North,Haryana,1,17306.53,0.15,14710.55,11247.95,3462.6,Cash,2025,6,June,Q2,23.538208972472138
O01971,2026-03-18,C0876,Ananya Patel,P4870,Smartwatch,Electronics,West,Maharashtra,6,16449.23,0.0,98695.38,75787.82,22907.56,Debit Card,2026,3,March,Q1,23.21036709114449
O01972,2026-03-11,C1125,Vijay Singh,P7291,Jacket,Clothing,East,Jharkhand,3,3527.72,0.0,10583.16,7238.17,3344.99,UPI,2026,3,March,Q1,31.606722377815323
O01973,2025-10-06,C1159,Ravi Rao,P9007,Jeans,Clothing,North,Delhi,6,2986.51,0.05,17023.11,10268.93,6754.18,UPI,2025,10,October,Q4,39.676533841348615
O01974,2025-08-13,C0356,Meena Das,P6547,Shoes,Clothing,East,Jharkhand,3,5931.85,0.15,15126.22,11359.61,3766.61,Net Banking,2025,8,August,Q3,24.901198052124062
O01975,2026-06-15,C0245,Ravi Rao,P9685,Laptop,Electronics,West,Gujarat,4,59884.96,0.15,203608.86,121808.63,81800.23,Cash,2026,6,June,Q2,40.17518196408545
O01976,2026-01-15,C0534,Meena Verma,P3067,Cookware Set,Home & Kitchen,East,Jharkhand,2,7506.77,0.05,14262.86,10281.76,3981.1,Cash,2026,1,January,Q1,27.91235418422392
O01977,2026-01-21,C0903,Divya Patel,P0649,Sofa,Furniture,East,West Bengal,1,23398.61,0.1,21058.75,16966.04,4092.71,Debit Card,2026,1,January,Q1,19.43472428325518
O01978,2025-01-21,C0362,Ravi Rao,P7050,Makeup Kit,Beauty,North,Haryana,4,677.05,0.05,2572.79,1556.66,1016.13,Cash,2025,1,January,Q1,39.495256122730574
O01979,2025-08-13,C1072,Arun Reddy,P7087,Tablet,Electronics,North,Punjab,1,19318.88,0.05,18352.94,14511.7,3841.24,Net Banking,2025,8,August,Q3,20.929834674989404
O01980,2025-12-06,C0656,Vijay Verma,P0899,Perfume,Beauty,South,Telangana,6,971.01,0.1,5243.45,3863.13,1380.32,Net Banking,2025,12,December,Q4,26.324652661892458
O01981,2025-07-23,C0096,Priya Patel,P8699,Coffee Maker,Home & Kitchen,East,Jharkhand,2,9237.42,0.05,17551.1,14234.25,3316.85,UPI,2025,7,July,Q3,18.898245694002085
O01982,2025-05-09,C0649,Divya Singh,P9667,Mixer Grinder,Home & Kitchen,West,Maharashtra,7,5754.4,0.05,38266.76,29908.76,8358.0,UPI,2025,5,May,Q2,21.84141014290209
O01983,2025-03-08,C0226,Priya Rao,P3693,Keyboard,Electronics,South,Karnataka,3,3453.75,0.15,8807.06,6183.65,2623.41,Net Banking,2025,3,March,Q1,29.787579510074874
O01984,2025-06-16,C0735,Ravi Sharma,P6266,Bookshelf,Furniture,East,Bihar,6,7784.92,0.05,44374.04,32310.69,12063.35,Net Banking,2025,6,June,Q2,27.185602212464765
O01985,2026-01-24,C0109,Vijay Rao,P8699,Coffee Maker,Home & Kitchen,South,Andhra Pradesh,3,9729.37,0.1,26269.3,16327.83,9941.47,Net Banking,2026,1,January,Q1,37.844441991221686
O01986,2026-01-29,C0554,Karthik Das,P8566,Dress,Clothing,East,West Bengal,3,2230.55,0.05,6357.07,4029.8,2327.27,UPI,2026,1,January,Q1,36.60916113870069
O01987,2026-04-03,C0180,Meena Reddy,P4333,Desk,Furniture,South,Tamil Nadu,1,21906.24,0.1,19715.62,15713.89,4001.73,Net Banking,2026,4,April,Q2,20.297256692916584
O01988,2025-04-18,C0715,Meena Rao,P0899,Perfume,Beauty,South,Telangana,1,3531.58,0.0,3531.58,2376.63,1154.95,UPI,2025,4,April,Q2,32.70349248778167
O01989,2025-08-15,C0024,Ananya Rao,P1600,Office Chair,Furniture,South,Telangana,2,4318.01,0.05,8204.22,5646.89,2557.33,Net Banking,2025,8,August,Q3,31.170909605056913
O01990,2025-09-29,C0052,Rahul Iyer,P8566,Dress,Clothing,South,Telangana,6,2917.93,0.15,14881.44,8822.15,6059.29,Credit Card,2025,9,September,Q3,40.71709458224473
O01991,2025-04-26,C0477,Ravi Reddy,P8699,Coffee Maker,Home & Kitchen,West,Madhya Pradesh,3,2603.62,0.15,6639.23,4508.88,2130.35,Credit Card,2025,4,April,Q2,32.08730530498266
O01992,2026-03-15,C1045,Sneha Singh,P1796,Mouse,Electronics,South,Telangana,1,2771.12,0.1,2494.01,1551.96,942.05,Credit Card,2026,3,March,Q1,37.7725029169891
O01993,2025-02-27,C0052,Divya Kumar,P9007,Jeans,Clothing,West,Gujarat,3,2001.81,0.05,5705.16,4677.57,1027.59,Net Banking,2025,2,February,Q1,18.011589508444985
O01994,2025-12-09,C0471,Arun Das,P5057,Headphones,Electronics,West,Maharashtra,7,11742.76,0.2,65759.46,39688.24,26071.22,Credit Card,2025,12,December,Q4,39.64634137810742
O01995,2025-02-26,C1131,Sneha Rao,P9667,Mixer Grinder,Home & Kitchen,West,Maharashtra,5,4863.84,0.1,21887.28,14355.13,7532.15,UPI,2025,2,February,Q1,34.413367033272294
O01996,2025-09-25,C0419,Ananya Patel,P7050,Makeup Kit,Beauty,North,Delhi,1,2481.75,0.15,2109.49,1648.87,460.62,Cash,2025,9,September,Q3,21.835609554916118
O01997,2026-01-07,C1043,Rahul Patel,P6993,Air Fryer,Home & Kitchen,South,Karnataka,7,8993.4,0.0,62953.8,51149.07,11804.73,Debit Card,2026,1,January,Q1,18.751417706317966
O01998,2025-07-22,C0410,Arun Kumar,P0649,Sofa,Furniture,South,Karnataka,7,28434.37,0.1,179136.53,109176.16,69960.37,Net Banking,2025,7,July,Q3,39.05421747311952
O01999,2025-06-22,C0722,Arun Patel,P7291,Jacket,Clothing,West,Goa,2,5100.74,0.0,10201.48,6197.67,4003.81,Debit Card,2025,6,June,Q2,39.247344502954476
O02000,2026-04-04,C0409,Karthik Rao,P8566,Dress,Clothing,East,Bihar,1,3005.63,0.05,2855.35,1923.4,931.95,Cash,2026,4,April,Q2,32.63873080357925
O02001,2025-01-26,C0091,Ravi Reddy,P4636,Smartphone,Electronics,North,Rajasthan,4,24637.79,0.05,93623.6,60638.19,32985.41,Net Banking,2025,1,January,Q1,35.231939382805194
O02002,2025-11-26,C0341,Arun Rao,P5057,Headphones,Electronics,East,West Bengal,7,5931.89,0.0,41523.23,33926.46,7596.77,Credit Card,2025,11,November,Q4,18.295228959789494
O02003,2026-03-14,C0509,Ananya Kumar,P9007,Jeans,Clothing,North,Haryana,1,1634.61,0.05,1552.88,987.99,564.89,Cash,2026,3,March,Q1,36.37692545463912
O02004,2025-07-30,C0339,Divya Verma,P2376,Dining Table,Furniture,East,West Bengal,3,34147.09,0.0,102441.27,64110.29,38330.98,Credit Card,2025,7,July,Q3,37.417517373613194
O02005,2026-05-30,C0959,Arun Das,P9685,Laptop,Electronics,West,Gujarat,6,69750.32,0.15,355726.63,222834.95,132891.68,UPI,2026,5,May,Q2,37.35781040626618
O02006,2025-05-18,C0811,Ananya Patel,P0899,Perfume,Beauty,East,Odisha,1,3013.85,0.0,3013.85,1965.87,1047.98,Net Banking,2025,5,May,Q2,34.77213530865836
O02007,2026-03-12,C0391,Arun Das,P8566,Dress,Clothing,East,Bihar,2,4558.96,0.1,8206.13,6631.78,1574.35,Net Banking,2026,3,March,Q1,19.185048250515162
O02008,2025-04-25,C0418,Ravi Nair,P7780,Vacuum Cleaner,Home & Kitchen,North,Haryana,5,12463.59,0.1,56086.16,41655.35,14430.81,Debit Card,2025,4,April,Q2,25.729716564656947
O02009,2026-01-17,C0625,Sneha Sharma,P4333,Desk,Furniture,South,Tamil Nadu,4,13554.51,0.1,48796.24,36530.05,12266.19,Net Banking,2026,1,January,Q1,25.137572075225474
O02010,2025-06-29,C0357,Priya Patel,P9685,Laptop,Electronics,South,Tamil Nadu,3,63537.42,0.05,181081.65,121729.65,59352.0,Debit Card,2025,6,June,Q2,32.77637463541999
O02011,2025-04-17,C0552,Arun Iyer,P0649,Sofa,Furniture,South,Tamil Nadu,7,36582.63,0.0,256078.41,159602.61,96475.8,Credit Card,2025,4,April,Q2,37.67432014280313
O02012,2025-02-15,C1077,Divya Das,P3067,Cookware Set,Home & Kitchen,South,Telangana,2,5538.88,0.15,9416.1,6167.06,3249.04,Cash,2025,2,February,Q1,34.50515606248871
O02013,2025-12-05,C0878,Vijay Das,P7291,Jacket,Clothing,North,Rajasthan,6,5517.2,0.1,29792.88,24379.45,5413.43,Credit Card,2025,12,December,Q4,18.17021382289997
O02014,2025-09-03,C0982,Vijay Reddy,P7050,Makeup Kit,Beauty,South,Andhra Pradesh,5,3992.12,0.1,17964.54,12249.39,5715.15,Net Banking,2025,9,September,Q3,31.813505940035196
O02015,2025-04-17,C0172,Priya Iyer,P1077,Skin Care Set,Beauty,East,Odisha,7,2115.06,0.1,13324.88,10101.75,3223.13,Net Banking,2025,4,April,Q2,24.1888107059876
O02016,2026-02-06,C0330,Meena Kumar,P1101,T-Shirt,Clothing,South,Kerala,3,1232.76,0.05,3513.37,2286.51,1226.86,Credit Card,2026,2,February,Q1,34.91974941437992
O02017,2026-04-04,C0841,Priya Iyer,P7780,Vacuum Cleaner,Home & Kitchen,South,Karnataka,1,14740.81,0.0,14740.81,10883.01,3857.8,Cash,2026,4,April,Q2,26.17088206143353
O02018,2025-11-30,C0030,Meena Sharma,P3693,Keyboard,Electronics,East,Jharkhand,5,2986.93,0.1,13441.18,11008.6,2432.58,Debit Card,2025,11,November,Q4,18.097964613225923
O02019,2025-01-30,C0807,Ananya Verma,P5533,Shampoo,Beauty,East,Odisha,7,1023.91,0.15,6092.26,4908.53,1183.73,Net Banking,2025,1,January,Q1,19.43006372019579
O02020,2025-11-16,C0025,Ananya Verma,P7780,Vacuum Cleaner,Home & Kitchen,South,Kerala,6,17491.39,0.15,89206.09,62980.64,26225.45,Cash,2025,11,November,Q4,29.39872154468378
O02021,2025-12-23,C1198,Rahul Kumar,P4870,Smartwatch,Electronics,East,Jharkhand,5,16819.07,0.15,71481.05,49799.38,21681.67,Cash,2025,12,December,Q4,30.332053040631045
O02022,2026-05-03,C1055,Karthik Das,P5057,Headphones,Electronics,West,Madhya Pradesh,4,4675.41,0.05,17766.56,13284.0,4482.56,Debit Card,2026,5,May,Q2,25.230320332129573
O02023,2025-09-29,C0125,Vijay Kumar,P7291,Jacket,Clothing,West,Madhya Pradesh,6,4002.83,0.1,21615.28,13110.67,8504.61,Cash,2025,9,September,Q3,39.345361244453
O02024,2026-02-16,C1187,Sneha Nair,P0899,Perfume,Beauty,East,Odisha,1,4590.51,0.15,3901.93,2942.82,959.11,Net Banking,2026,2,February,Q1,24.58039995591925
O02025,2025-05-13,C0369,Divya Kumar,P4636,Smartphone,Electronics,South,Andhra Pradesh,5,64930.68,0.1,292188.06,183812.75,108375.31,Credit Card,2025,5,May,Q2,37.090944099495374
O02026,2025-08-10,C0218,Sneha Singh,P9007,Jeans,Clothing,South,Tamil Nadu,3,1936.02,0.0,5808.06,3499.89,2308.17,Debit Card,2025,8,August,Q3,39.74080846272249
O02027,2025-02-06,C0139,Meena Patel,P8566,Dress,Clothing,South,Tamil Nadu,1,2994.87,0.1,2695.38,1602.94,1092.44,Credit Card,2025,2,February,Q1,40.530092231893086
O02028,2025-02-18,C0407,Rahul Kumar,P8699,Coffee Maker,Home & Kitchen,West,Goa,5,9800.52,0.0,49002.6,36229.39,12773.21,Net Banking,2025,2,February,Q1,26.066392395505545
O02029,2025-08-07,C0643,Rahul Patel,P0790,Face Cream,Beauty,South,Andhra Pradesh,2,486.63,0.05,924.6,580.44,344.16,Net Banking,2025,8,August,Q3,37.222582738481506
O02030,2026-01-15,C0932,Ananya Sharma,P7087,Tablet,Electronics,South,Telangana,2,36677.95,0.0,73355.9,48652.02,24703.88,Credit Card,2026,1,January,Q1,33.67674583775811
O02031,2025-09-03,C0723,Karthik Das,P9667,Mixer Grinder,Home & Kitchen,South,Karnataka,6,6885.96,0.1,37184.18,29366.2,7817.98,Debit Card,2025,9,September,Q3,21.025016552738286
O02032,2025-08-30,C1021,Priya Reddy,P9667,Mixer Grinder,Home & Kitchen,North,Haryana,5,8703.51,0.1,39165.8,23802.7,15363.1,Net Banking,2025,8,August,Q3,39.22580414545343
O02033,2026-06-23,C0990,Arun Verma,P0899,Perfume,Beauty,North,Delhi,3,2255.21,0.1,6089.07,4397.98,1691.09,Credit Card,2026,6,June,Q2,27.772549831090792
O02034,2025-11-09,C0343,Ananya Nair,P0649,Sofa,Furniture,West,Madhya Pradesh,6,14081.02,0.0,84486.12,53972.15,30513.97,Cash,2025,11,November,Q4,36.117139714783924
O02035,2025-12-22,C0022,Divya Iyer,P9685,Laptop,Electronics,South,Telangana,2,55476.23,0.1,99857.21,65381.65,34475.56,UPI,2025,12,December,Q4,34.52485804480217
O02036,2025-07-10,C0790,Vijay Singh,P4870,Smartwatch,Electronics,South,Karnataka,5,11460.43,0.1,51571.94,36307.29,15264.65,Net Banking,2025,7,July,Q3,29.598750793551687
O02037,2025-04-30,C0913,Meena Iyer,P8699,Coffee Maker,Home & Kitchen,South,Kerala,6,5644.44,0.15,28786.64,18389.93,10396.71,Cash,2025,4,April,Q2,36.11644151592544
O02038,2025-05-08,C1056,Vijay Rao,P5533,Shampoo,Beauty,South,Andhra Pradesh,1,1182.8,0.0,1182.8,866.01,316.79,Debit Card,2025,5,May,Q2,26.783057152519447
O02039,2025-02-25,C0192,Ananya Sharma,P0899,Perfume,Beauty,West,Maharashtra,3,2571.67,0.05,7329.26,4955.29,2373.97,Net Banking,2025,2,February,Q1,32.39030952647334
O02040,2025-03-11,C0271,Divya Rao,P4870,Smartwatch,Electronics,West,Maharashtra,4,9614.26,0.0,38457.04,30775.7,7681.34,Cash,2025,3,March,Q1,19.97382013800334
O02041,2025-08-20,C0528,Ananya Kumar,P3727,Monitor,Electronics,West,Madhya Pradesh,5,28459.64,0.1,128068.38,96652.01,31416.37,Cash,2025,8,August,Q3,24.53093417750736
O02042,2026-06-17,C0699,Divya Sharma,P5533,Shampoo,Beauty,South,Andhra Pradesh,1,1057.97,0.1,952.17,693.65,258.52,UPI,2026,6,June,Q2,27.150613860970203
O02043,2025-06-30,C0359,Sneha Das,P8566,Dress,Clothing,South,Karnataka,5,4568.63,0.05,21700.99,15699.24,6001.75,Net Banking,2025,6,June,Q2,27.656572349925046
O02044,2025-06-27,C0312,Ravi Verma,P7291,Jacket,Clothing,South,Telangana,1,6696.35,0.1,6026.72,4720.71,1306.01,UPI,2025,6,June,Q2,21.670328138689037
O02045,2025-07-20,C0590,Ananya Das,P7780,Vacuum Cleaner,Home & Kitchen,North,Rajasthan,1,6353.62,0.05,6035.94,3783.72,2252.22,Debit Card,2025,7,July,Q3,37.31349218183083
O02046,2026-03-08,C0883,Ananya Nair,P7087,Tablet,Electronics,East,Odisha,6,17454.23,0.05,99489.11,71033.46,28455.65,Net Banking,2026,3,March,Q1,28.60177360115092
O02047,2025-09-13,C0193,Rahul Rao,P3693,Keyboard,Electronics,West,Maharashtra,5,2918.54,0.1,13133.43,7901.83,5231.6,Debit Card,2025,9,September,Q3,39.83422457042829
O02048,2025-09-28,C0676,Vijay Nair,P2376,Dining Table,Furniture,South,Kerala,6,30309.87,0.0,181859.22,124491.16,57368.06,Net Banking,2025,9,September,Q3,31.54531290742366
O02049,2025-10-27,C0701,Meena Iyer,P6547,Shoes,Clothing,South,Kerala,1,4537.47,0.1,4083.72,3342.26,741.46,UPI,2025,10,October,Q4,18.15648477368674
O02050,2026-06-16,C0718,Ananya Sharma,P5533,Shampoo,Beauty,East,West Bengal,2,908.56,0.1,1635.41,997.43,637.98,Credit Card,2026,6,June,Q2,39.01040106150751
O02051,2025-09-11,C0120,Ananya Sharma,P1077,Skin Care Set,Beauty,South,Karnataka,6,5770.43,0.2,27698.06,19836.74,7861.32,UPI,2025,9,September,Q3,28.38220438543349
O02052,2025-02-26,C0724,Karthik Sharma,P7050,Makeup Kit,Beauty,North,Uttar Pradesh,5,1915.54,0.1,8619.93,5848.35,2771.58,Net Banking,2025,2,February,Q1,32.15316133657698
O02053,2026-02-08,C0998,Priya Iyer,P1600,Office Chair,Furniture,South,Telangana,3,4487.95,0.05,12790.66,8401.61,4389.05,Cash,2026,2,February,Q1,34.31449198086729
O02054,2025-11-05,C0394,Meena Reddy,P8566,Dress,Clothing,West,Maharashtra,5,2674.2,0.05,12702.45,9134.19,3568.26,Debit Card,2025,11,November,Q4,28.0911162807175
O02055,2026-02-03,C1034,Sneha Nair,P4870,Smartwatch,Electronics,South,Andhra Pradesh,4,8659.02,0.0,34636.08,21968.94,12667.14,Credit Card,2026,2,February,Q1,36.57209476361066
O02056,2025-06-20,C0125,Sneha Verma,P5057,Headphones,Electronics,East,West Bengal,1,4956.34,0.05,4708.52,3268.0,1440.52,Credit Card,2025,6,June,Q2,30.593902117862935
O02057,2026-04-22,C0315,Sneha Nair,P5533,Shampoo,Beauty,West,Maharashtra,2,1014.54,0.1,1826.17,1142.88,683.29,Credit Card,2026,4,April,Q2,37.41656034213682
O02058,2025-03-17,C0646,Karthik Singh,P1101,T-Shirt,Clothing,North,Uttar Pradesh,5,1561.02,0.05,7414.84,4724.88,2689.96,Cash,2025,3,March,Q1,36.27805859600477
O02059,2026-04-08,C0910,Rahul Rao,P8699,Coffee Maker,Home & Kitchen,East,Jharkhand,5,3088.88,0.05,14672.18,11821.94,2850.24,Debit Card,2026,4,April,Q2,19.426152078286933
O02060,2026-02-20,C0752,Ananya Das,P4636,Smartphone,Electronics,North,Rajasthan,2,53511.82,0.0,107023.64,75513.66,31509.98,Credit Card,2026,2,February,Q1,29.44207466686799
O02061,2025-02-15,C0348,Ananya Sharma,P0649,Sofa,Furniture,East,Odisha,5,47677.05,0.2,190708.2,134715.96,55992.24,UPI,2025,2,February,Q1,29.360163852419557
O02062,2025-06-22,C0569,Ravi Reddy,P1101,T-Shirt,Clothing,South,Karnataka,6,599.55,0.1,3237.57,2029.06,1208.51,Cash,2025,6,June,Q2,37.32768712336721
O02063,2026-05-04,C0099,Ananya Verma,P0649,Sofa,Furniture,West,Gujarat,1,23791.15,0.05,22601.59,15111.9,7489.69,Net Banking,2026,5,May,Q2,33.1378898564216
O02064,2025-03-26,C0937,Ravi Iyer,P5533,Shampoo,Beauty,South,Karnataka,4,523.32,0.05,1988.62,1397.89,590.73,Debit Card,2025,3,March,Q1,29.705524434029627
O02065,2025-03-13,C0655,Rahul Rao,P6993,Air Fryer,Home & Kitchen,North,Punjab,3,8320.97,0.0,24962.91,15214.1,9748.81,Cash,2025,3,March,Q1,39.053179296804736
O02066,2026-05-24,C0493,Sneha Patel,P9685,Laptop,Electronics,South,Telangana,2,65610.18,0.0,131220.36,81063.47,50156.89,Debit Card,2026,5,May,Q2,38.22340527034067
O02067,2025-09-05,C0933,Karthik Patel,P1600,Office Chair,Furniture,East,West Bengal,7,4750.96,0.05,31593.88,21448.83,10145.05,Cash,2025,9,September,Q3,32.11080753614307
O02068,2026-01-16,C0303,Divya Singh,P1101,T-Shirt,Clothing,South,Tamil Nadu,4,440.27,0.1,1584.97,1108.8,476.17,Credit Card,2026,1,January,Q1,30.04283992756961
O02069,2026-01-03,C0372,Sneha Patel,P7087,Tablet,Electronics,North,Haryana,4,34162.87,0.1,122986.33,81931.42,41054.91,UPI,2026,1,January,Q1,33.381685590585555
O02070,2026-02-11,C0492,Ravi Reddy,P7087,Tablet,Electronics,West,Maharashtra,4,31898.41,0.1,114834.28,87825.57,27008.71,Credit Card,2026,2,February,Q1,23.519727732868617
O02071,2025-12-20,C0472,Divya Singh,P3693,Keyboard,Electronics,South,Karnataka,4,3401.3,0.15,11564.42,9037.66,2526.76,UPI,2025,12,December,Q4,21.849431272817835
O02072,2025-07-30,C0989,Karthik Singh,P5057,Headphones,Electronics,South,Andhra Pradesh,5,10911.6,0.05,51830.1,34952.83,16877.27,Cash,2025,7,July,Q3,32.56268075886406
O02073,2026-04-06,C0186,Vijay Das,P0649,Sofa,Furniture,South,Telangana,6,32216.28,0.05,183632.8,137486.07,46146.73,Net Banking,2026,4,April,Q2,25.129895094993927
O02074,2025-10-27,C0874,Ananya Das,P5533,Shampoo,Beauty,West,Madhya Pradesh,4,908.04,0.0,3632.16,2916.28,715.88,Cash,2025,10,October,Q4,19.70948416369323
O02075,2025-06-12,C0105,Vijay Sharma,P8566,Dress,Clothing,South,Andhra Pradesh,3,1867.08,0.05,5321.18,4360.16,961.02,Debit Card,2025,6,June,Q2,18.06027986273721
O02076,2025-03-05,C0780,Divya Das,P1077,Skin Care Set,Beauty,West,Madhya Pradesh,6,5898.81,0.05,33623.22,26046.8,7576.42,UPI,2025,3,March,Q1,22.533296929919263
O02077,2025-03-15,C0200,Priya Das,P9685,Laptop,Electronics,West,Goa,1,66971.54,0.0,66971.54,44510.87,22460.67,UPI,2025,3,March,Q1,33.5376340457454
O02078,2025-07-30,C0565,Rahul Patel,P0649,Sofa,Furniture,West,Goa,2,17407.31,0.0,34814.62,21472.98,13341.64,UPI,2025,7,July,Q3,38.321946354721085
O02079,2025-02-15,C0331,Sneha Verma,P1077,Skin Care Set,Beauty,West,Gujarat,6,1424.36,0.0,8546.16,6593.89,1952.27,UPI,2025,2,February,Q1,22.84382693513812
O02080,2026-06-05,C0532,Rahul Patel,P7291,Jacket,Clothing,South,Kerala,5,4739.75,0.0,23698.75,18301.14,5397.61,Credit Card,2026,6,June,Q2,22.77592700036922
O02081,2026-06-29,C0934,Arun Kumar,P3727,Monitor,Electronics,North,Punjab,2,25881.4,0.05,49174.66,33929.71,15244.95,Debit Card,2026,6,June,Q2,31.001637835421743
O02082,2025-04-14,C0289,Karthik Singh,P1101,T-Shirt,Clothing,South,Kerala,3,1657.49,0.0,4972.47,3460.72,1511.75,Credit Card,2025,4,April,Q2,30.4023955901192
O02083,2026-06-17,C0954,Karthik Das,P9667,Mixer Grinder,Home & Kitchen,South,Telangana,5,3512.4,0.0,17562.0,12227.75,5334.25,Credit Card,2026,6,June,Q2,30.373818471700265
O02084,2025-01-11,C0460,Rahul Singh,P4333,Desk,Furniture,South,Tamil Nadu,5,6164.87,0.1,27741.92,21400.26,6341.66,UPI,2025,1,January,Q1,22.8594848518055
O02085,2025-06-16,C0529,Arun Nair,P6547,Shoes,Clothing,North,Delhi,7,2309.29,0.0,16165.03,11551.17,4613.86,Cash,2025,6,June,Q2,28.542229739134413
O02086,2025-03-17,C0072,Rahul Rao,P5533,Shampoo,Beauty,South,Tamil Nadu,4,685.82,0.1,2468.95,1433.76,1035.19,Credit Card,2025,3,March,Q1,41.928350108345654
O02087,2025-10-17,C0818,Priya Patel,P0649,Sofa,Furniture,South,Karnataka,4,17822.83,0.05,67726.75,49799.14,17927.61,UPI,2025,10,October,Q4,26.470500946819385
O02088,2025-11-16,C0326,Arun Nair,P1600,Office Chair,Furniture,South,Andhra Pradesh,6,11554.66,0.05,65861.56,48013.97,17847.59,Credit Card,2025,11,November,Q4,27.098644490048525
O02089,2025-12-30,C0699,Vijay Nair,P7087,Tablet,Electronics,South,Tamil Nadu,4,27617.12,0.15,93898.21,57350.39,36547.82,Net Banking,2025,12,December,Q4,38.9228080066702
O02090,2025-06-02,C0502,Meena Das,P6547,Shoes,Clothing,East,Bihar,2,1463.83,0.1,2634.89,2097.74,537.15,Cash,2025,6,June,Q2,20.38605027154834
O02091,2025-01-23,C0348,Ananya Iyer,P3067,Cookware Set,Home & Kitchen,South,Andhra Pradesh,4,4061.66,0.1,14621.98,10019.57,4602.41,UPI,2025,1,January,Q1,31.475969738708436
O02092,2025-07-11,C1094,Arun Verma,P4870,Smartwatch,Electronics,South,Andhra Pradesh,4,13770.09,0.0,55080.36,34943.29,20137.07,Cash,2025,7,July,Q3,36.559437883122044
O02093,2025-01-25,C0035,Priya Reddy,P8699,Coffee Maker,Home & Kitchen,South,Karnataka,6,2663.74,0.2,12785.95,7978.59,4807.36,Debit Card,2025,1,January,Q1,37.59877052545958
O02094,2026-05-16,C0294,Meena Patel,P9685,Laptop,Electronics,South,Karnataka,3,79528.32,0.05,226655.71,166766.17,59889.54,Credit Card,2026,5,May,Q2,26.423133129979387
O02095,2025-05-30,C1041,Meena Patel,P7291,Jacket,Clothing,East,Jharkhand,4,3174.28,0.1,11427.41,8924.22,2503.19,Credit Card,2025,5,May,Q2,21.905138609711212
O02096,2026-01-20,C0474,Sneha Sharma,P6547,Shoes,Clothing,North,Rajasthan,2,1942.36,0.05,3690.48,2564.09,1126.39,UPI,2026,1,January,Q1,30.52150397780235
O02097,2026-06-24,C0269,Priya Rao,P6547,Shoes,Clothing,West,Madhya Pradesh,5,2841.25,0.15,12075.31,9644.72,2430.59,Credit Card,2026,6,June,Q2,20.128592971940268
O02098,2025-09-17,C0643,Arun Rao,P3067,Cookware Set,Home & Kitchen,West,Maharashtra,7,2246.29,0.05,14937.83,11498.4,3439.43,Debit Card,2025,9,September,Q3,23.02496413468355
O02099,2026-02-01,C0318,Vijay Rao,P3067,Cookware Set,Home & Kitchen,South,Kerala,2,4384.32,0.1,7891.78,4829.91,3061.87,UPI,2026,2,February,Q1,38.79821789254135
O02100,2025-01-16,C0093,Ravi Kumar,P1600,Office Chair,Furniture,East,Odisha,3,15900.34,0.1,42930.92,30239.71,12691.21,UPI,2025,1,January,Q1,29.56193345029643
O02101,2026-01-29,C0867,Meena Nair,P8566,Dress,Clothing,North,Haryana,1,2314.0,0.1,2082.6,1616.7,465.9,Net Banking,2026,1,January,Q1,22.37107461826563
O02102,2025-01-15,C0937,Sneha Verma,P6993,Air Fryer,Home & Kitchen,South,Karnataka,1,3991.12,0.0,3991.12,3147.84,843.28,Credit Card,2025,1,January,Q1,21.128906171701175
O02103,2026-02-11,C0814,Priya Das,P6547,Shoes,Clothing,South,Telangana,6,3667.39,0.1,19803.91,15603.11,4200.8,Credit Card,2026,2,February,Q1,21.21197278719203
O02104,2026-03-08,C0323,Karthik Singh,P7291,Jacket,Clothing,East,Bihar,4,5629.0,0.1,20264.4,15444.33,4820.07,Cash,2026,3,March,Q1,23.785900396754897
O02105,2025-07-15,C0704,Arun Patel,P9685,Laptop,Electronics,North,Punjab,2,79613.62,0.0,159227.24,112596.56,46630.68,Cash,2025,7,July,Q3,29.28561720971864
O02106,2025-03-27,C1029,Priya Kumar,P7780,Vacuum Cleaner,Home & Kitchen,South,Kerala,5,5870.37,0.15,24949.07,19800.56,5148.51,Net Banking,2025,3,March,Q1,20.636079821813
O02107,2025-07-16,C0107,Arun Patel,P5533,Shampoo,Beauty,North,Punjab,2,1057.39,0.15,1797.56,1082.44,715.12,Net Banking,2025,7,July,Q3,39.78281670709184
O02108,2026-03-01,C0794,Arun Sharma,P9007,Jeans,Clothing,East,Odisha,7,1667.1,0.15,9919.24,5921.73,3997.51,Cash,2026,3,March,Q1,40.30056738217848
O02109,2025-04-21,C0072,Ananya Verma,P1796,Mouse,Electronics,North,Punjab,7,2891.6,0.15,17205.02,11770.8,5434.22,Debit Card,2025,4,April,Q2,31.585083888307018
O02110,2025-08-10,C0256,Sneha Verma,P9007,Jeans,Clothing,East,Jharkhand,3,2915.25,0.0,8745.75,5645.71,3100.04,Credit Card,2025,8,August,Q3,35.44624531915502
O02111,2025-08-11,C1003,Ananya Reddy,P4333,Desk,Furniture,North,Haryana,7,24333.0,0.05,161814.45,120256.03,41558.42,Cash,2025,8,August,Q3,25.682761953583256
O02112,2026-03-13,C0489,Rahul Sharma,P7291,Jacket,Clothing,North,Haryana,6,3257.51,0.15,16613.3,9955.72,6657.58,Credit Card,2026,3,March,Q1,40.07379629573896
O02113,2026-05-15,C0774,Arun Iyer,P1077,Skin Care Set,Beauty,West,Maharashtra,1,3466.36,0.1,3119.72,2119.65,1000.07,Credit Card,2026,5,May,Q2,32.05640249766005
O02114,2025-06-15,C0165,Sneha Reddy,P0649,Sofa,Furniture,North,Delhi,2,25225.99,0.1,45406.78,29538.12,15868.66,Cash,2025,6,June,Q2,34.94777652147983
O02115,2026-03-12,C0900,Ravi Iyer,P9667,Mixer Grinder,Home & Kitchen,North,Rajasthan,3,2721.32,0.05,7755.76,5381.6,2374.16,Net Banking,2026,3,March,Q1,30.611571270900594
O02116,2026-02-23,C0666,Ananya Reddy,P5057,Headphones,Electronics,North,Delhi,6,1978.0,0.05,11274.6,8378.72,2895.88,Cash,2026,2,February,Q1,25.684991041810797
O02117,2025-11-19,C0007,Arun Patel,P8566,Dress,Clothing,West,Maharashtra,3,3387.54,0.0,10162.62,6152.95,4009.67,Cash,2025,11,November,Q4,39.45508146521271
O02118,2025-02-10,C0143,Karthik Kumar,P7291,Jacket,Clothing,South,Tamil Nadu,7,6939.7,0.1,43720.11,33329.97,10390.14,Debit Card,2025,2,February,Q1,23.765127763859695
O02119,2025-05-10,C0635,Sneha Patel,P2376,Dining Table,Furniture,East,Odisha,3,21879.11,0.15,55791.73,35458.36,20333.37,Net Banking,2025,5,May,Q2,36.44513263883374
O02120,2025-02-02,C0729,Arun Reddy,P1600,Office Chair,Furniture,South,Karnataka,3,9560.72,0.2,22945.73,14787.57,8158.16,Credit Card,2025,2,February,Q1,35.55415321281999
O02121,2026-06-24,C0592,Divya Nair,P9007,Jeans,Clothing,North,Uttar Pradesh,4,1010.34,0.2,3233.09,2645.94,587.15,Net Banking,2026,6,June,Q2,18.160645079475053
O02122,2025-06-30,C0933,Meena Sharma,P4636,Smartphone,Electronics,West,Maharashtra,5,35480.68,0.0,177403.4,126092.1,51311.3,Net Banking,2025,6,June,Q2,28.923515558326397
O02123,2026-06-18,C0570,Rahul Reddy,P3067,Cookware Set,Home & Kitchen,North,Delhi,6,3542.6,0.15,18067.26,14658.14,3409.12,UPI,2026,6,June,Q2,18.86904821206979
O02124,2025-08-11,C0911,Arun Das,P2376,Dining Table,Furniture,South,Telangana,6,27228.45,0.15,138865.1,113588.72,25276.38,Debit Card,2025,8,August,Q3,18.202111257616206
O02125,2025-04-04,C1174,Rahul Patel,P6993,Air Fryer,Home & Kitchen,South,Andhra Pradesh,5,11048.97,0.05,52482.61,37577.3,14905.31,Cash,2025,4,April,Q2,28.400473985573505
O02126,2025-08-09,C0727,Vijay Nair,P0649,Sofa,Furniture,West,Goa,4,26411.16,0.1,95080.18,72465.32,22614.86,Debit Card,2025,8,August,Q3,23.78504121468849
O02127,2025-11-05,C0048,Priya Iyer,P9685,Laptop,Electronics,North,Delhi,3,61715.27,0.0,185145.81,115582.4,69563.41,Cash,2025,11,November,Q4,37.57223023302553
O02128,2026-01-29,C1051,Vijay Iyer,P1600,Office Chair,Furniture,East,Odisha,3,4662.08,0.1,12587.62,8821.76,3765.86,Cash,2026,1,January,Q1,29.917172587033924
O02129,2026-03-26,C0358,Sneha Reddy,P6266,Bookshelf,Furniture,North,Punjab,7,11511.0,0.05,76548.15,46043.19,30504.96,Debit Card,2026,3,March,Q1,39.850682217663
O02130,2025-01-30,C1197,Ananya Reddy,P3693,Keyboard,Electronics,West,Goa,3,3174.08,0.1,8570.02,5183.43,3386.59,Debit Card,2025,1,January,Q1,39.51671057943855
O02131,2025-04-23,C0019,Divya Verma,P6547,Shoes,Clothing,East,Bihar,1,4391.03,0.05,4171.48,2577.17,1594.31,Net Banking,2025,4,April,Q2,38.219289077257955
O02132,2025-10-22,C0302,Divya Das,P7087,Tablet,Electronics,North,Rajasthan,3,33625.55,0.1,90788.99,59369.29,31419.7,UPI,2025,10,October,Q4,34.60739016922646
O02133,2026-03-22,C0931,Ananya Iyer,P3727,Monitor,Electronics,South,Kerala,4,24438.71,0.05,92867.1,67024.75,25842.35,Debit Card,2026,3,March,Q1,27.82723914066445
O02134,2025-09-15,C0255,Sneha Iyer,P8699,Coffee Maker,Home & Kitchen,South,Tamil Nadu,5,8246.13,0.1,37107.58,25987.8,11119.78,Debit Card,2025,9,September,Q3,29.966330329275042
O02135,2025-05-11,C0687,Meena Reddy,P6547,Shoes,Clothing,East,Jharkhand,5,2467.56,0.0,12337.8,9193.08,3144.72,UPI,2025,5,May,Q2,25.488498759908573
O02136,2025-01-31,C1095,Rahul Nair,P0649,Sofa,Furniture,South,Andhra Pradesh,3,19395.84,0.1,52368.77,37793.28,14575.49,Credit Card,2025,1,January,Q1,27.83240851370006
O02137,2025-12-01,C0753,Priya Sharma,P1101,T-Shirt,Clothing,North,Punjab,7,1309.68,0.0,9167.76,6589.76,2578.0,UPI,2025,12,December,Q4,28.12028238086512
O02138,2026-05-30,C1009,Priya Iyer,P1796,Mouse,Electronics,West,Madhya Pradesh,1,1974.62,0.15,1678.43,1123.48,554.95,Net Banking,2026,5,May,Q2,33.0636368511049
O02139,2025-12-21,C0091,Sneha Iyer,P6547,Shoes,Clothing,North,Uttar Pradesh,6,2147.66,0.1,11597.36,7975.23,3622.13,Cash,2025,12,December,Q4,31.232366676553973
O02140,2026-04-05,C0114,Sneha Verma,P2376,Dining Table,Furniture,South,Telangana,5,18151.64,0.15,77144.47,52719.64,24424.83,Debit Card,2026,4,April,Q2,31.661154714006074
O02141,2026-01-28,C0346,Ananya Iyer,P7087,Tablet,Electronics,North,Uttar Pradesh,7,38082.55,0.0,266577.85,158541.71,108036.14,Cash,2026,1,January,Q1,40.52705054077074
O02142,2025-08-04,C0296,Meena Nair,P7087,Tablet,Electronics,North,Haryana,6,17376.99,0.0,104261.94,68724.96,35536.98,UPI,2025,8,August,Q3,34.084326456998596
O02143,2026-05-12,C0642,Karthik Rao,P2376,Dining Table,Furniture,South,Kerala,2,14570.57,0.0,29141.14,22617.44,6523.7,Credit Card,2026,5,May,Q2,22.386564149515085
O02144,2025-11-18,C0876,Vijay Reddy,P5057,Headphones,Electronics,South,Telangana,5,4172.04,0.1,18774.18,15277.58,3496.6,Debit Card,2025,11,November,Q4,18.624515158584824
O02145,2026-05-09,C0369,Meena Nair,P8699,Coffee Maker,Home & Kitchen,West,Maharashtra,2,5240.43,0.05,9956.82,6797.18,3159.64,Credit Card,2026,5,May,Q2,31.73342492884274
O02146,2025-03-30,C0229,Ananya Reddy,P3693,Keyboard,Electronics,West,Maharashtra,7,2798.23,0.0,19587.61,11554.54,8033.07,Cash,2025,3,March,Q1,41.0109758158346
O02147,2025-03-31,C1098,Ravi Nair,P4636,Smartphone,Electronics,North,Delhi,6,38844.93,0.05,221416.1,139767.48,81648.62,Net Banking,2025,3,March,Q1,36.875647254196956
O02148,2025-02-26,C0064,Divya Kumar,P7087,Tablet,Electronics,South,Tamil Nadu,3,21647.91,0.05,61696.54,38854.67,22841.87,Net Banking,2025,2,February,Q1,37.02293515973505
O02149,2026-01-24,C1126,Ravi Rao,P5533,Shampoo,Beauty,East,Odisha,7,318.86,0.1,2008.82,1480.95,527.87,Cash,2026,1,January,Q1,26.277615714698182
O02150,2026-05-24,C0021,Arun Kumar,P5057,Headphones,Electronics,East,Bihar,4,6125.53,0.15,20826.8,12164.67,8662.13,Net Banking,2026,5,May,Q2,41.59126702133789
O02151,2025-02-02,C0798,Sneha Sharma,P3727,Monitor,Electronics,South,Tamil Nadu,5,23686.77,0.05,112512.16,77056.81,35455.35,Cash,2025,2,February,Q1,31.51246051982292
O02152,2025-01-09,C0959,Karthik Das,P3727,Monitor,Electronics,South,Karnataka,4,9535.59,0.05,36235.24,22429.49,13805.75,UPI,2025,1,January,Q1,38.100340994015774
O02153,2025-11-25,C0370,Karthik Reddy,P3727,Monitor,Electronics,South,Kerala,3,20171.35,0.05,57488.35,38667.04,18821.31,Debit Card,2025,11,November,Q4,32.73934631973261
O02154,2025-04-28,C0930,Arun Das,P9007,Jeans,Clothing,South,Telangana,3,1064.97,0.1,2875.42,1710.39,1165.03,UPI,2025,4,April,Q2,40.5168636234011
O02155,2025-05-15,C0255,Meena Nair,P3693,Keyboard,Electronics,East,Bihar,2,3785.15,0.1,6813.27,3964.19,2849.08,Net Banking,2025,5,May,Q2,41.8166313679041
O02156,2026-05-21,C0137,Rahul Patel,P0899,Perfume,Beauty,North,Uttar Pradesh,7,4575.91,0.0,32031.37,19770.03,12261.34,Net Banking,2026,5,May,Q2,38.27916195904203
O02157,2025-12-09,C0892,Sneha Reddy,P7291,Jacket,Clothing,North,Delhi,3,4029.12,0.05,11482.99,6660.69,4822.3,Cash,2025,12,December,Q4,41.995159797230514
O02158,2025-01-27,C0293,Priya Verma,P8566,Dress,Clothing,North,Delhi,4,3239.33,0.1,11661.59,7731.3,3930.29,Debit Card,2025,1,January,Q1,33.70286556121421
O02159,2026-03-14,C0266,Ravi Iyer,P4333,Desk,Furniture,North,Haryana,6,16948.04,0.05,96603.83,62012.38,34591.45,Debit Card,2026,3,March,Q1,35.80753475302169
O02160,2026-06-01,C0121,Rahul Reddy,P3727,Monitor,Electronics,East,Odisha,5,22121.69,0.1,99547.6,61546.53,38001.07,Debit Card,2026,6,June,Q2,38.173768127006575
O02161,2026-01-18,C0170,Ananya Iyer,P4636,Smartphone,Electronics,South,Kerala,7,52425.16,0.0,366976.12,236940.77,130035.35,Credit Card,2026,1,January,Q1,35.434281118891334
O02162,2025-05-07,C0198,Priya Patel,P0899,Perfume,Beauty,South,Tamil Nadu,5,1395.69,0.05,6629.53,4979.18,1650.35,Credit Card,2025,5,May,Q2,24.89392159021831
O02163,2025-05-02,C0169,Rahul Reddy,P0899,Perfume,Beauty,North,Uttar Pradesh,5,3248.91,0.1,14620.1,9645.13,4974.97,Debit Card,2025,5,May,Q2,34.02828982017907
O02164,2026-04-29,C0126,Karthik Das,P4333,Desk,Furniture,North,Delhi,1,22659.51,0.2,18127.61,10683.56,7444.05,Debit Card,2026,4,April,Q2,41.06470737179364
O02165,2025-05-16,C0121,Ravi Verma,P3727,Monitor,Electronics,South,Karnataka,1,18842.49,0.1,16958.24,13632.86,3325.38,Debit Card,2025,5,May,Q2,19.609228316146012
O02166,2026-05-02,C1143,Sneha Verma,P0899,Perfume,Beauty,North,Haryana,7,1034.39,0.15,6154.62,5011.28,1143.34,Cash,2026,5,May,Q2,18.576938949927047
O02167,2025-11-01,C0911,Priya Iyer,P6993,Air Fryer,Home & Kitchen,South,Kerala,5,7174.56,0.1,32285.52,22842.47,9443.05,Debit Card,2025,11,November,Q4,29.248560964791643
O02168,2025-05-29,C1116,Sneha Singh,P5533,Shampoo,Beauty,South,Kerala,3,811.37,0.0,2434.11,1739.17,694.94,Debit Card,2025,5,May,Q2,28.550065527030416
O02169,2025-12-11,C0870,Meena Sharma,P9007,Jeans,Clothing,South,Kerala,6,2420.43,0.0,14522.58,11226.91,3295.67,Debit Card,2025,12,December,Q4,22.69341948882361
O02170,2026-02-16,C0191,Priya Verma,P0790,Face Cream,Beauty,North,Uttar Pradesh,7,509.72,0.0,3568.04,2404.62,1163.42,Net Banking,2026,2,February,Q1,32.60669723433594
O02171,2025-11-03,C1150,Ravi Iyer,P4636,Smartphone,Electronics,East,Bihar,5,52108.27,0.05,247514.28,199086.98,48427.3,Debit Card,2025,11,November,Q4,19.56545699100674
O02172,2025-05-26,C0857,Sneha Patel,P6547,Shoes,Clothing,South,Tamil Nadu,2,5437.6,0.05,10331.44,6659.92,3671.52,Debit Card,2025,5,May,Q2,35.53735006930302
O02173,2025-02-04,C0811,Vijay Kumar,P8566,Dress,Clothing,East,Jharkhand,7,4635.41,0.05,30825.48,25186.12,5639.36,UPI,2025,2,February,Q1,18.294475868664495
O02174,2026-02-17,C0615,Arun Reddy,P4870,Smartwatch,Electronics,South,Andhra Pradesh,5,9214.89,0.1,41467.0,28617.0,12850.0,UPI,2026,2,February,Q1,30.98849687703475
O02175,2025-11-13,C0091,Meena Verma,P6266,Bookshelf,Furniture,South,Andhra Pradesh,7,5671.29,0.1,35729.13,23689.48,12039.65,Net Banking,2025,11,November,Q4,33.697014173029125
O02176,2025-09-01,C0965,Karthik Reddy,P4333,Desk,Furniture,West,Gujarat,5,14547.23,0.1,65462.54,50573.06,14889.48,Net Banking,2025,9,September,Q3,22.745038612922748
O02177,2025-04-01,C0161,Divya Sharma,P4870,Smartwatch,Electronics,South,Tamil Nadu,6,8890.22,0.1,48007.19,33486.58,14520.61,Credit Card,2025,4,April,Q2,30.24674012371897
O02178,2025-08-08,C0906,Rahul Reddy,P8699,Coffee Maker,Home & Kitchen,West,Goa,5,6498.53,0.1,29243.38,20962.92,8280.46,Cash,2025,8,August,Q3,28.315673496018583
O02179,2025-06-18,C0914,Vijay Singh,P4333,Desk,Furniture,East,Odisha,2,11192.88,0.1,20147.18,16271.48,3875.7,Cash,2025,6,June,Q2,19.236935392446984
O02180,2025-07-19,C0948,Divya Das,P1101,T-Shirt,Clothing,South,Kerala,5,367.95,0.15,1563.79,947.78,616.01,Credit Card,2025,7,July,Q3,39.3921178674886
O02181,2026-02-03,C0560,Ananya Nair,P1077,Skin Care Set,Beauty,East,West Bengal,4,3016.48,0.0,12065.92,7787.55,4278.37,Credit Card,2026,2,February,Q1,35.45829907706996
O02182,2026-03-22,C0343,Meena Verma,P0790,Face Cream,Beauty,North,Uttar Pradesh,4,299.77,0.1,1079.17,715.8,363.37,Net Banking,2026,3,March,Q1,33.67124734749854
O02183,2025-12-08,C0209,Ravi Verma,P6547,Shoes,Clothing,North,Punjab,5,4642.42,0.1,20890.89,13270.04,7620.85,Cash,2025,12,December,Q4,36.47929791406685
O02184,2025-01-18,C0903,Meena Verma,P4333,Desk,Furniture,North,Haryana,3,20588.61,0.1,55589.25,44761.78,10827.47,UPI,2025,1,January,Q1,19.47763281569728
O02185,2026-03-02,C0755,Sneha Verma,P1600,Office Chair,Furniture,West,Gujarat,1,9868.83,0.0,9868.83,7859.53,2009.3,Cash,2026,3,March,Q1,20.360062945658196
O02186,2025-06-01,C1050,Vijay Patel,P1796,Mouse,Electronics,West,Goa,7,1050.85,0.1,6620.36,4315.32,2305.04,Debit Card,2025,6,June,Q2,34.817441951797186
O02187,2026-01-10,C1041,Arun Patel,P1796,Mouse,Electronics,South,Kerala,3,2852.08,0.05,8128.43,6541.8,1586.63,UPI,2026,1,January,Q1,19.519513608409007
O02188,2026-03-26,C0092,Ravi Sharma,P6993,Air Fryer,Home & Kitchen,West,Gujarat,3,4347.37,0.05,12390.0,7410.81,4979.19,UPI,2026,3,March,Q1,40.18716707021792
O02189,2025-12-16,C1067,Vijay Verma,P7087,Tablet,Electronics,South,Kerala,5,13313.38,0.05,63238.55,40588.96,22649.59,Debit Card,2025,12,December,Q4,35.81611216575965
O02190,2026-06-10,C0546,Ananya Rao,P1101,T-Shirt,Clothing,East,Odisha,1,1354.74,0.0,1354.74,932.03,422.71,Credit Card,2026,6,June,Q2,31.202297119742532
O02191,2025-08-21,C1073,Divya Singh,P1600,Office Chair,Furniture,North,Rajasthan,3,9228.96,0.0,27686.88,20536.29,7150.59,Net Banking,2025,8,August,Q3,25.826637020856086
O02192,2025-05-01,C0706,Sneha Verma,P0899,Perfume,Beauty,West,Madhya Pradesh,4,3465.3,0.1,12475.08,8345.44,4129.64,Cash,2025,5,May,Q2,33.103114368805656
O02193,2026-05-24,C0341,Ananya Verma,P8699,Coffee Maker,Home & Kitchen,North,Rajasthan,7,9365.89,0.0,65561.23,42068.86,23492.37,Cash,2026,5,May,Q2,35.83271698837865
O02194,2026-05-26,C0064,Ananya Rao,P1077,Skin Care Set,Beauty,South,Kerala,7,836.85,0.0,5857.95,3604.96,2252.99,UPI,2026,5,May,Q2,38.460382898454235
O02195,2026-04-18,C0861,Rahul Verma,P3693,Keyboard,Electronics,West,Madhya Pradesh,6,1771.12,0.1,9564.05,7772.71,1791.34,Credit Card,2026,4,April,Q2,18.72993135753159
O02196,2026-06-09,C0896,Rahul Reddy,P4636,Smartphone,Electronics,West,Madhya Pradesh,4,34665.57,0.2,110929.82,89813.22,21116.6,Debit Card,2026,6,June,Q2,19.035999517532794
O02197,2026-02-20,C0776,Rahul Verma,P4333,Desk,Furniture,East,Jharkhand,5,23458.31,0.15,99697.82,74171.94,25525.88,UPI,2026,2,February,Q1,25.603247894487563
O02198,2025-08-13,C0558,Meena Rao,P7780,Vacuum Cleaner,Home & Kitchen,East,Bihar,4,8347.68,0.15,28382.11,20300.1,8082.01,UPI,2025,8,August,Q3,28.475719388022945
O02199,2025-09-20,C0905,Sneha Kumar,P4636,Smartphone,Electronics,North,Rajasthan,6,38727.22,0.1,209126.99,170802.65,38324.34,UPI,2025,9,September,Q3,18.3258698458769
O02200,2025-12-30,C0075,Rahul Kumar,P0649,Sofa,Furniture,South,Karnataka,5,46776.47,0.15,198800.0,143756.27,55043.73,Credit Card,2025,12,December,Q4,27.68799295774648
O02201,2026-01-31,C0421,Sneha Das,P1796,Mouse,Electronics,East,Jharkhand,6,1467.86,0.15,7486.09,4459.88,3026.21,Debit Card,2026,1,January,Q1,40.42444052903452
O02202,2025-01-19,C0094,Vijay Das,P4870,Smartwatch,Electronics,North,Punjab,4,15674.76,0.0,62699.04,36995.56,25703.48,Credit Card,2025,1,January,Q1,40.99501363976227
O02203,2025-02-27,C1047,Karthik Rao,P1796,Mouse,Electronics,North,Uttar Pradesh,2,516.79,0.1,930.22,725.91,204.31,Debit Card,2025,2,February,Q1,21.96362150889037
O02204,2025-12-14,C1012,Ravi Das,P8566,Dress,Clothing,West,Goa,3,3279.64,0.05,9346.97,6583.08,2763.89,UPI,2025,12,December,Q4,29.569903401851082
O02205,2025-09-08,C1022,Divya Patel,P2376,Dining Table,Furniture,North,Delhi,1,22351.49,0.1,20116.34,14756.24,5360.1,Debit Card,2025,9,September,Q3,26.645503108418332
O02206,2025-02-28,C0784,Arun Verma,P8566,Dress,Clothing,North,Punjab,6,2673.92,0.15,13636.99,9755.04,3881.95,Cash,2025,2,February,Q1,28.466325780102498
O02207,2025-12-23,C0858,Rahul Patel,P5057,Headphones,Electronics,South,Telangana,1,4471.27,0.05,4247.71,2652.42,1595.29,Net Banking,2025,12,December,Q4,37.556471604699944
O02208,2026-05-06,C0527,Priya Kumar,P9667,Mixer Grinder,Home & Kitchen,East,West Bengal,6,8235.93,0.0,49415.58,40432.15,8983.43,Credit Card,2026,5,May,Q2,18.17934748514537
O02209,2026-03-21,C0410,Priya Rao,P9685,Laptop,Electronics,West,Gujarat,1,84705.18,0.05,80469.92,48547.23,31922.69,Credit Card,2026,3,March,Q1,39.67033892913029
O02210,2026-06-10,C0077,Karthik Reddy,P6547,Shoes,Clothing,East,West Bengal,2,2964.56,0.15,5039.75,2958.47,2081.28,UPI,2026,6,June,Q2,41.297286571754555
O02211,2026-06-22,C0629,Meena Verma,P1796,Mouse,Electronics,East,Odisha,7,2955.42,0.1,18619.15,11700.04,6919.11,Debit Card,2026,6,June,Q2,37.16125601866895
O02212,2025-12-12,C0149,Rahul Kumar,P0790,Face Cream,Beauty,East,Odisha,5,1697.06,0.1,7636.77,6135.96,1500.81,UPI,2025,12,December,Q4,19.652418496301443
O02213,2026-03-19,C0898,Meena Rao,P4870,Smartwatch,Electronics,West,Maharashtra,6,9722.31,0.2,46667.09,36931.48,9735.61,UPI,2026,3,March,Q1,20.861832181950923
O02214,2025-04-30,C0433,Vijay Iyer,P1600,Office Chair,Furniture,West,Goa,6,11606.48,0.05,66156.94,44474.93,21682.01,UPI,2025,4,April,Q2,32.773598657979036
O02215,2026-02-12,C0618,Karthik Patel,P9667,Mixer Grinder,Home & Kitchen,North,Rajasthan,6,8557.86,0.0,51347.16,38205.43,13141.73,Cash,2026,2,February,Q1,25.59387899934485
O02216,2025-12-01,C1164,Priya Reddy,P1796,Mouse,Electronics,West,Goa,2,2578.53,0.0,5157.06,3626.39,1530.67,Debit Card,2025,12,December,Q4,29.6810585876449
O02217,2026-05-16,C0135,Vijay Sharma,P7050,Makeup Kit,Beauty,South,Telangana,6,2107.2,0.05,12011.04,7831.94,4179.1,Credit Card,2026,5,May,Q2,34.79382301615847
O02218,2025-06-28,C1185,Rahul Verma,P1077,Skin Care Set,Beauty,West,Goa,7,5542.27,0.0,38795.89,25706.13,13089.76,Net Banking,2025,6,June,Q2,33.740068857809426
O02219,2026-04-16,C0567,Karthik Das,P1600,Office Chair,Furniture,South,Telangana,3,14681.48,0.05,41842.22,26407.25,15434.97,UPI,2026,4,April,Q2,36.888506393781206
O02220,2026-03-16,C0751,Karthik Reddy,P1796,Mouse,Electronics,East,Odisha,1,1881.64,0.1,1693.48,1024.52,668.96,Cash,2026,3,March,Q1,39.50209037012542
O02221,2026-05-24,C0606,Meena Das,P3067,Cookware Set,Home & Kitchen,South,Karnataka,2,3490.86,0.15,5934.46,3568.44,2366.02,Net Banking,2026,5,May,Q2,39.869170910242886
O02222,2026-06-06,C0551,Vijay Kumar,P7291,Jacket,Clothing,West,Goa,1,2139.49,0.1,1925.54,1245.62,679.92,Debit Card,2026,6,June,Q2,35.31061416537698
O02223,2026-06-23,C0316,Rahul Reddy,P6266,Bookshelf,Furniture,East,West Bengal,7,6378.79,0.05,42418.95,25649.4,16769.55,Debit Card,2026,6,June,Q2,39.533156761305975
O02224,2025-05-25,C0846,Sneha Das,P0899,Perfume,Beauty,South,Kerala,5,3693.74,0.05,17545.26,13632.95,3912.31,UPI,2025,5,May,Q2,22.298387142738267
O02225,2026-05-13,C0936,Meena Rao,P0649,Sofa,Furniture,South,Tamil Nadu,7,19234.56,0.05,127909.82,89651.73,38258.09,UPI,2026,5,May,Q2,29.91020548695948
O02226,2025-12-18,C0388,Meena Singh,P4870,Smartwatch,Electronics,East,West Bengal,6,7646.12,0.0,45876.72,35584.43,10292.29,Debit Card,2025,12,December,Q4,22.43466838954485
O02227,2025-02-05,C0039,Rahul Reddy,P1101,T-Shirt,Clothing,North,Delhi,7,1753.62,0.0,12275.34,8148.0,4127.34,Credit Card,2025,2,February,Q1,33.62301981044924
O02228,2025-12-10,C0606,Divya Das,P1796,Mouse,Electronics,West,Maharashtra,1,550.11,0.05,522.6,426.19,96.41,UPI,2025,12,December,Q4,18.44814389590509
O02229,2025-02-23,C0119,Arun Iyer,P5057,Headphones,Electronics,South,Tamil Nadu,2,4839.79,0.1,8711.62,5275.65,3435.97,UPI,2025,2,February,Q1,39.44122907105681
O02230,2025-12-12,C0003,Priya Nair,P7780,Vacuum Cleaner,Home & Kitchen,West,Madhya Pradesh,3,6708.4,0.05,19118.94,13699.7,5419.24,Credit Card,2025,12,December,Q4,28.344876860328032
O02231,2026-01-27,C0570,Meena Sharma,P2376,Dining Table,Furniture,West,Maharashtra,4,20028.12,0.1,72101.23,54188.01,17913.22,UPI,2026,1,January,Q1,24.84454148701763
O02232,2025-06-07,C0545,Karthik Nair,P3693,Keyboard,Electronics,South,Kerala,3,1275.85,0.15,3253.42,2178.85,1074.57,Cash,2025,6,June,Q2,33.028935704581635
O02233,2025-11-12,C1101,Sneha Reddy,P4870,Smartwatch,Electronics,East,Bihar,3,7290.98,0.1,19685.65,14057.35,5628.3,UPI,2025,11,November,Q4,28.590877110992015
O02234,2025-10-08,C0974,Meena Nair,P8566,Dress,Clothing,East,Bihar,6,4484.79,0.0,26908.74,16082.25,10826.49,UPI,2025,10,October,Q4,40.23410237714586
O02235,2025-03-14,C0475,Meena Patel,P8566,Dress,Clothing,East,Jharkhand,5,4707.49,0.0,23537.45,18806.28,4731.17,Net Banking,2025,3,March,Q1,20.100605630601446
O02236,2025-04-05,C0122,Meena Das,P1077,Skin Care Set,Beauty,North,Uttar Pradesh,6,4551.72,0.0,27310.32,19954.97,7355.35,UPI,2025,4,April,Q2,26.932492918427908
O02237,2025-12-23,C0125,Vijay Patel,P0790,Face Cream,Beauty,West,Madhya Pradesh,4,448.75,0.0,1795.0,1045.5,749.5,Cash,2025,12,December,Q4,41.75487465181059
O02238,2025-06-23,C1174,Ravi Patel,P6993,Air Fryer,Home & Kitchen,South,Tamil Nadu,4,7675.49,0.1,27631.76,17930.07,9701.69,Credit Card,2025,6,June,Q2,35.11064803689668
O02239,2026-06-09,C0684,Meena Rao,P2376,Dining Table,Furniture,South,Tamil Nadu,5,24413.42,0.05,115963.74,83177.27,32786.47,Cash,2026,6,June,Q2,28.27303603695431
O02240,2025-04-30,C0595,Meena Rao,P8699,Coffee Maker,Home & Kitchen,West,Gujarat,1,7031.44,0.2,5625.15,3941.28,1683.87,UPI,2025,4,April,Q2,29.93466840884243
O02241,2026-05-29,C0716,Arun Verma,P6547,Shoes,Clothing,South,Tamil Nadu,3,5560.82,0.1,15014.21,10357.47,4656.74,Credit Card,2026,5,May,Q2,31.015551267765673
O02242,2025-03-01,C0042,Divya Das,P6993,Air Fryer,Home & Kitchen,North,Haryana,6,5950.22,0.05,33916.25,26056.86,7859.39,Credit Card,2025,3,March,Q1,23.17293332841927
O02243,2025-05-15,C0983,Ananya Rao,P5533,Shampoo,Beauty,South,Tamil Nadu,7,356.1,0.0,2492.7,1685.58,807.12,Cash,2025,5,May,Q2,32.37934769527019
O02244,2025-07-04,C0039,Divya Das,P9007,Jeans,Clothing,North,Haryana,5,1124.66,0.15,4779.8,3129.32,1650.48,Net Banking,2025,7,July,Q3,34.5303150759446
O02245,2025-10-07,C0248,Ravi Sharma,P7780,Vacuum Cleaner,Home & Kitchen,West,Gujarat,3,10453.78,0.0,31361.34,20339.63,11021.71,Net Banking,2025,10,October,Q4,35.14425722880463
O02246,2025-03-03,C0468,Vijay Iyer,P1077,Skin Care Set,Beauty,South,Karnataka,3,4698.68,0.2,11276.83,7133.99,4142.84,Cash,2025,3,March,Q1,36.737629280569095
O02247,2025-07-21,C0931,Karthik Patel,P9667,Mixer Grinder,Home & Kitchen,North,Haryana,7,6156.06,0.15,36628.56,24370.74,12257.82,Debit Card,2025,7,July,Q3,33.46519764904763
O02248,2025-03-18,C0055,Ravi Verma,P1077,Skin Care Set,Beauty,North,Delhi,7,4154.13,0.15,24717.07,19949.36,4767.71,Cash,2025,3,March,Q1,19.28913904439321
O02249,2026-04-08,C0496,Meena Das,P1101,T-Shirt,Clothing,East,Bihar,2,1247.32,0.2,1995.71,1597.0,398.71,UPI,2026,4,April,Q2,19.978353568404223
O02250,2025-09-17,C0536,Priya Das,P9667,Mixer Grinder,Home & Kitchen,South,Andhra Pradesh,5,6187.3,0.0,30936.5,21602.45,9334.05,Debit Card,2025,9,September,Q3,30.171641911657748
O02251,2025-08-24,C0132,Divya Iyer,P0899,Perfume,Beauty,East,Odisha,6,3111.9,0.1,16804.26,10201.73,6602.53,Debit Card,2025,8,August,Q3,39.29081078250396
O02252,2025-07-07,C0938,Divya Singh,P4333,Desk,Furniture,North,Haryana,6,22197.5,0.0,133185.0,83318.35,49866.65,Debit Card,2025,7,July,Q3,37.44164132597515
O02253,2026-06-20,C0896,Sneha Iyer,P5533,Shampoo,Beauty,South,Kerala,4,738.55,0.15,2511.07,1893.44,617.63,Net Banking,2026,6,June,Q2,24.59628763833744
O02254,2025-09-04,C1029,Ananya Kumar,P9685,Laptop,Electronics,South,Tamil Nadu,2,83699.05,0.0,167398.1,110456.71,56941.39,Cash,2025,9,September,Q3,34.01555334260066
O02255,2025-05-15,C0603,Divya Rao,P8566,Dress,Clothing,West,Goa,4,4374.5,0.05,16623.1,12773.41,3849.69,Cash,2025,5,May,Q2,23.158676781105815
O02256,2026-01-27,C0372,Ravi Kumar,P1077,Skin Care Set,Beauty,West,Goa,3,5531.33,0.2,13275.19,8423.63,4851.56,UPI,2026,1,January,Q1,36.54606826719618
O02257,2026-06-12,C0698,Ravi Kumar,P3727,Monitor,Electronics,South,Karnataka,6,21169.66,0.0,127017.96,89706.49,37311.47,Debit Card,2026,6,June,Q2,29.37495610856921
O02258,2025-09-17,C0750,Meena Iyer,P1600,Office Chair,Furniture,West,Maharashtra,7,12683.54,0.0,88784.78,53788.85,34995.93,Net Banking,2025,9,September,Q3,39.41658694204119
O02259,2025-08-19,C0973,Ananya Iyer,P0790,Face Cream,Beauty,South,Kerala,1,1400.38,0.05,1330.36,875.97,454.39,Net Banking,2025,8,August,Q3,34.155416578971106
O02260,2026-06-25,C0931,Arun Singh,P3727,Monitor,Electronics,North,Haryana,3,22045.07,0.05,62828.45,47521.26,15307.19,Net Banking,2026,6,June,Q2,24.363469097200394
O02261,2026-01-15,C0310,Meena Kumar,P3067,Cookware Set,Home & Kitchen,South,Telangana,2,2196.85,0.05,4174.01,2507.25,1666.76,Credit Card,2026,1,January,Q1,39.931864082740574
O02262,2025-07-10,C0012,Divya Verma,P9007,Jeans,Clothing,South,Tamil Nadu,6,1028.32,0.1,5552.93,3923.85,1629.08,Cash,2025,7,July,Q3,29.337304810253322
O02263,2026-01-01,C0657,Arun Verma,P1796,Mouse,Electronics,South,Karnataka,7,843.19,0.0,5902.33,4306.04,1596.29,Debit Card,2026,1,January,Q1,27.045082196352965
O02264,2025-03-23,C0749,Ananya Reddy,P0649,Sofa,Furniture,North,Uttar Pradesh,5,37148.57,0.2,148594.28,111337.23,37257.05,Net Banking,2025,3,March,Q1,25.073004156014623
O02265,2025-11-13,C0388,Rahul Rao,P9685,Laptop,Electronics,North,Punjab,4,78376.58,0.1,282155.69,177584.54,104571.15,Credit Card,2025,11,November,Q4,37.061506716380585
O02266,2025-03-15,C0175,Arun Nair,P7780,Vacuum Cleaner,Home & Kitchen,South,Kerala,1,6604.76,0.0,6604.76,4297.94,2306.82,Net Banking,2025,3,March,Q1,34.926628673865515
O02267,2026-01-11,C0592,Rahul Sharma,P8566,Dress,Clothing,South,Kerala,3,3305.48,0.0,9916.44,6053.65,3862.79,UPI,2026,1,January,Q1,38.95339456498501
O02268,2026-03-15,C0759,Karthik Nair,P0899,Perfume,Beauty,North,Uttar Pradesh,4,903.08,0.0,3612.32,2147.91,1464.41,Net Banking,2026,3,March,Q1,40.53932099038845
O02269,2025-10-27,C0141,Arun Patel,P4870,Smartwatch,Electronics,East,Bihar,3,9200.12,0.1,24840.32,15955.09,8885.23,Debit Card,2025,10,October,Q4,35.76938622368794
O02270,2026-05-11,C0926,Sneha Reddy,P3067,Cookware Set,Home & Kitchen,South,Karnataka,7,3220.76,0.05,21418.05,15912.39,5505.66,Cash,2026,5,May,Q2,25.705701499436223
O02271,2026-01-10,C0166,Karthik Reddy,P1101,T-Shirt,Clothing,North,Rajasthan,7,999.39,0.1,6296.16,4233.53,2062.63,UPI,2026,1,January,Q1,32.760126807450895
O02272,2025-05-15,C0834,Priya Reddy,P3067,Cookware Set,Home & Kitchen,East,Jharkhand,3,7010.55,0.05,19980.07,15175.58,4804.49,UPI,2025,5,May,Q2,24.04641224980693
O02273,2025-10-18,C0975,Karthik Das,P7050,Makeup Kit,Beauty,East,Bihar,3,4036.75,0.0,12110.25,8228.38,3881.87,Net Banking,2025,10,October,Q4,32.054416713114925
O02274,2026-02-23,C0507,Priya Rao,P6547,Shoes,Clothing,West,Gujarat,2,1667.88,0.1,3002.18,2428.26,573.92,Credit Card,2026,2,February,Q1,19.1167751433958
O02275,2026-05-26,C0774,Ananya Sharma,P0649,Sofa,Furniture,West,Gujarat,4,25649.57,0.0,102598.28,82039.52,20558.76,Debit Card,2026,5,May,Q2,20.038113699371955
O02276,2025-10-02,C0606,Priya Nair,P9007,Jeans,Clothing,North,Delhi,5,1553.06,0.2,6212.24,4600.79,1611.45,Net Banking,2025,10,October,Q4,25.939918612288
O02277,2026-01-12,C0595,Meena Patel,P3693,Keyboard,Electronics,South,Telangana,6,3906.69,0.0,23440.14,16916.57,6523.57,Net Banking,2026,1,January,Q1,27.83076380943117
O02278,2025-11-21,C0746,Sneha Sharma,P8699,Coffee Maker,Home & Kitchen,South,Andhra Pradesh,1,9123.01,0.15,7754.56,4974.1,2780.46,Credit Card,2025,11,November,Q4,35.855806132133864
O02279,2025-10-19,C1068,Ananya Sharma,P3067,Cookware Set,Home & Kitchen,West,Goa,6,2807.32,0.1,15159.53,11489.05,3670.48,Cash,2025,10,October,Q4,24.21236014573011
O02280,2025-06-02,C0115,Arun Kumar,P2376,Dining Table,Furniture,South,Kerala,7,29227.15,0.0,204590.05,144465.38,60124.67,Net Banking,2025,6,June,Q2,29.387875901100763
O02281,2026-06-15,C0948,Karthik Singh,P9685,Laptop,Electronics,South,Andhra Pradesh,5,60932.25,0.05,289428.19,214793.14,74635.05,Credit Card,2026,6,June,Q2,25.787070015536496
O02282,2026-02-18,C0193,Rahul Iyer,P9007,Jeans,Clothing,North,Uttar Pradesh,1,2037.78,0.05,1935.89,1416.7,519.19,Debit Card,2026,2,February,Q1,26.819189106819085
O02283,2026-05-15,C0635,Rahul Singh,P2376,Dining Table,Furniture,West,Madhya Pradesh,3,16759.14,0.0,50277.42,29880.34,20397.08,Cash,2026,5,May,Q2,40.56906659092691
O02284,2025-10-24,C0836,Ravi Iyer,P5057,Headphones,Electronics,South,Karnataka,6,11143.6,0.1,60175.44,36925.72,23249.72,Debit Card,2025,10,October,Q4,38.63656003180035
O02285,2026-01-06,C0126,Ananya Das,P9685,Laptop,Electronics,North,Punjab,7,65517.13,0.0,458619.91,270519.05,188100.86,UPI,2026,1,January,Q1,41.01454295780573
O02286,2025-04-17,C0742,Karthik Singh,P0790,Face Cream,Beauty,West,Goa,4,534.83,0.1,1925.39,1273.01,652.38,Net Banking,2025,4,April,Q2,33.88300552095939
O02287,2026-04-26,C0187,Priya Nair,P9007,Jeans,Clothing,West,Madhya Pradesh,3,1305.18,0.0,3915.54,2515.55,1399.99,Credit Card,2026,4,April,Q2,35.75471071678491
O02288,2026-06-02,C0775,Priya Nair,P4636,Smartphone,Electronics,North,Uttar Pradesh,5,59955.3,0.0,299776.5,231227.21,68549.29,Debit Card,2026,6,June,Q2,22.866799098661833
O02289,2025-09-22,C0827,Vijay Reddy,P6266,Bookshelf,Furniture,West,Madhya Pradesh,3,5632.65,0.1,15208.15,9853.71,5354.44,UPI,2025,9,September,Q3,35.20770113393147
O02290,2025-08-07,C1064,Karthik Iyer,P0649,Sofa,Furniture,West,Madhya Pradesh,7,16118.24,0.05,107186.3,63852.09,43334.21,UPI,2025,8,August,Q3,40.42887010746709
O02291,2025-04-13,C1058,Ananya Nair,P6547,Shoes,Clothing,West,Maharashtra,5,1283.92,0.05,6098.62,4338.83,1759.79,Net Banking,2025,4,April,Q2,28.85554436905398
O02292,2025-10-10,C0573,Vijay Das,P3067,Cookware Set,Home & Kitchen,East,West Bengal,4,2127.49,0.0,8509.96,5176.7,3333.26,Net Banking,2025,10,October,Q4,39.168926763463055
O02293,2026-04-12,C0297,Arun Verma,P0790,Face Cream,Beauty,East,Bihar,4,1763.54,0.1,6348.74,4009.08,2339.66,Credit Card,2026,4,April,Q2,36.85235180524009
O02294,2026-02-11,C0874,Ananya Das,P4870,Smartwatch,Electronics,North,Haryana,2,4017.64,0.05,7633.52,5917.29,1716.23,Net Banking,2026,2,February,Q1,22.482812647376306
O02295,2025-05-24,C0299,Ananya Iyer,P1796,Mouse,Electronics,North,Delhi,4,1554.44,0.05,5906.87,4195.16,1711.71,Cash,2025,5,May,Q2,28.978291379359966
O02296,2026-02-21,C0573,Sneha Nair,P0649,Sofa,Furniture,North,Rajasthan,4,28791.91,0.1,103650.88,72576.29,31074.59,Cash,2026,2,February,Q1,29.98005419732085
O02297,2025-05-28,C0234,Vijay Patel,P5057,Headphones,Electronics,East,Odisha,4,10730.93,0.1,38631.35,30521.19,8110.16,UPI,2025,5,May,Q2,20.9937265976985
O02298,2026-06-04,C0627,Priya Iyer,P6547,Shoes,Clothing,South,Telangana,2,5724.51,0.1,10304.12,6624.06,3680.06,UPI,2026,6,June,Q2,35.71445208324437
O02299,2025-11-18,C0839,Rahul Nair,P0649,Sofa,Furniture,North,Haryana,4,20760.33,0.0,83041.32,62179.36,20861.96,Net Banking,2025,11,November,Q4,25.122384856117407
O02300,2026-01-05,C0387,Divya Rao,P1077,Skin Care Set,Beauty,South,Kerala,2,2741.05,0.15,4659.78,3260.0,1399.78,UPI,2026,1,January,Q1,30.039615604170155
O02301,2025-08-23,C1147,Rahul Reddy,P7291,Jacket,Clothing,West,Goa,5,5973.37,0.1,26880.16,18117.5,8762.66,Credit Card,2025,8,August,Q3,32.59898750602675
O02302,2025-10-29,C0729,Meena Rao,P8566,Dress,Clothing,North,Rajasthan,3,2715.86,0.0,8147.58,6423.5,1724.08,Cash,2025,10,October,Q4,21.160639110017943
O02303,2025-01-16,C1200,Arun Das,P3727,Monitor,Electronics,South,Telangana,5,9782.38,0.0,48911.9,31101.01,17810.89,Credit Card,2025,1,January,Q1,36.41422639480372
O02304,2026-02-21,C0836,Rahul Nair,P6266,Bookshelf,Furniture,West,Goa,4,2578.79,0.05,9799.4,7116.86,2682.54,Cash,2026,2,February,Q1,27.374533134681716
O02305,2025-11-17,C0187,Arun Das,P4870,Smartwatch,Electronics,West,Gujarat,5,14883.15,0.2,59532.6,37118.27,22414.33,Credit Card,2025,11,November,Q4,37.650514172067076
O02306,2025-02-07,C0111,Meena Rao,P9007,Jeans,Clothing,South,Karnataka,6,3389.31,0.15,17285.48,11308.54,5976.94,Credit Card,2025,2,February,Q1,34.577807500861994
O02307,2026-02-03,C0744,Rahul Sharma,P6547,Shoes,Clothing,South,Telangana,1,2872.26,0.0,2872.26,2284.54,587.72,Credit Card,2026,2,February,Q1,20.461935897168082
O02308,2025-08-07,C0371,Ananya Rao,P3067,Cookware Set,Home & Kitchen,West,Maharashtra,6,5879.44,0.05,33512.81,25031.52,8481.29,UPI,2025,8,August,Q3,25.307606255637772
O02309,2026-02-04,C0502,Vijay Rao,P9007,Jeans,Clothing,South,Telangana,7,3038.48,0.0,21269.36,16755.36,4514.0,Debit Card,2026,2,February,Q1,21.22301752379949
O02310,2025-11-21,C1125,Divya Singh,P4333,Desk,Furniture,South,Telangana,5,14951.71,0.1,67282.69,50264.1,17018.59,UPI,2025,11,November,Q4,25.294158125960774
O02311,2025-11-23,C0823,Rahul Kumar,P7780,Vacuum Cleaner,Home & Kitchen,West,Madhya Pradesh,7,9372.35,0.05,62326.13,48882.72,13443.41,Net Banking,2025,11,November,Q4,21.569460513591974
O02312,2026-04-03,C0099,Divya Reddy,P1077,Skin Care Set,Beauty,North,Punjab,3,4424.11,0.0,13272.33,9728.51,3543.82,Credit Card,2026,4,April,Q2,26.700812894194165
O02313,2026-04-03,C1048,Divya Kumar,P3693,Keyboard,Electronics,South,Tamil Nadu,2,741.0,0.05,1407.9,1122.95,284.95,UPI,2026,4,April,Q2,20.239363591164143
O02314,2025-08-31,C0475,Karthik Singh,P4333,Desk,Furniture,South,Kerala,6,6576.29,0.1,35511.97,27129.34,8382.63,Credit Card,2025,8,August,Q3,23.60508301848644
O02315,2025-01-25,C0876,Ravi Kumar,P1077,Skin Care Set,Beauty,South,Telangana,2,5067.42,0.15,8614.61,5283.41,3331.2,Cash,2025,1,January,Q1,38.66919106030336
O02316,2025-07-05,C0309,Priya Rao,P0649,Sofa,Furniture,East,Bihar,3,43735.23,0.05,124645.41,80128.39,44517.02,Cash,2025,7,July,Q3,35.71492925411373
O02317,2026-01-25,C1053,Meena Rao,P7050,Makeup Kit,Beauty,North,Haryana,2,3600.68,0.05,6841.29,4839.04,2002.25,Debit Card,2026,1,January,Q1,29.26714113858644
O02318,2026-03-28,C0567,Ananya Iyer,P7050,Makeup Kit,Beauty,West,Goa,1,1085.81,0.05,1031.52,842.59,188.93,Cash,2026,3,March,Q1,18.315689467969598
O02319,2026-05-02,C1129,Vijay Rao,P6547,Shoes,Clothing,South,Tamil Nadu,1,1386.95,0.0,1386.95,911.79,475.16,Net Banking,2026,5,May,Q2,34.25934604708173
O02320,2025-09-28,C0990,Sneha Nair,P6266,Bookshelf,Furniture,East,West Bengal,3,10117.75,0.05,28835.59,21622.51,7213.08,Cash,2025,9,September,Q3,25.014504645127772
O02321,2026-04-22,C0932,Divya Reddy,P5533,Shampoo,Beauty,North,Haryana,6,272.66,0.1,1472.36,898.09,574.27,Credit Card,2026,4,April,Q2,39.00336874134043
O02322,2025-12-02,C0896,Meena Singh,P4636,Smartphone,Electronics,South,Tamil Nadu,4,24215.29,0.1,87175.04,65785.91,21389.13,Cash,2025,12,December,Q4,24.53584191071206
O02323,2026-02-07,C0924,Vijay Patel,P7087,Tablet,Electronics,West,Madhya Pradesh,1,32562.38,0.15,27678.02,20938.87,6739.15,Debit Card,2026,2,February,Q1,24.348381856794667
O02324,2025-03-01,C0229,Rahul Rao,P1600,Office Chair,Furniture,West,Madhya Pradesh,5,7209.67,0.1,32443.52,25882.78,6560.74,UPI,2025,3,March,Q1,20.222035093602667
O02325,2026-02-19,C1037,Divya Singh,P6547,Shoes,Clothing,East,Bihar,2,3174.19,0.15,5396.12,3146.76,2249.36,Debit Card,2026,2,February,Q1,41.68476609119145
O02326,2025-01-16,C0545,Ananya Das,P7050,Makeup Kit,Beauty,South,Tamil Nadu,3,4251.6,0.1,11479.32,8850.64,2628.68,Cash,2025,1,January,Q1,22.89926581016994
O02327,2026-03-15,C0459,Divya Nair,P4870,Smartwatch,Electronics,South,Tamil Nadu,5,13871.72,0.15,58954.81,42834.78,16120.03,Debit Card,2026,3,March,Q1,27.34302765117893
O02328,2025-10-19,C0991,Meena Nair,P0649,Sofa,Furniture,North,Delhi,7,47987.36,0.05,319115.94,191298.7,127817.24,UPI,2025,10,October,Q4,40.053542922362325
O02329,2025-06-17,C0372,Priya Iyer,P4333,Desk,Furniture,North,Haryana,2,12570.83,0.1,22627.49,14338.67,8288.82,UPI,2025,6,June,Q2,36.63163700436946
O02330,2025-07-29,C0741,Vijay Iyer,P4870,Smartwatch,Electronics,West,Maharashtra,2,11679.1,0.0,23358.2,14055.63,9302.57,UPI,2025,7,July,Q3,39.82571431017801
O02331,2025-12-04,C1179,Meena Rao,P3693,Keyboard,Electronics,South,Andhra Pradesh,1,3332.07,0.15,2832.26,2000.96,831.3,Net Banking,2025,12,December,Q4,29.351118894451776
O02332,2026-01-29,C0433,Ananya Iyer,P2376,Dining Table,Furniture,West,Madhya Pradesh,6,18500.24,0.05,105451.37,64584.51,40866.86,UPI,2026,1,January,Q1,38.7542238664135
O02333,2025-04-06,C0416,Sneha Verma,P9007,Jeans,Clothing,East,Odisha,7,961.35,0.05,6392.98,4586.51,1806.47,UPI,2025,4,April,Q2,28.257088243667273
O02334,2025-03-10,C0101,Arun Iyer,P6993,Air Fryer,Home & Kitchen,South,Tamil Nadu,6,7414.56,0.1,40038.62,29453.99,10584.63,Debit Card,2025,3,March,Q1,26.43605099276648
O02335,2026-01-18,C0964,Arun Reddy,P5533,Shampoo,Beauty,South,Andhra Pradesh,2,1177.42,0.0,2354.84,1614.1,740.74,Net Banking,2026,1,January,Q1,31.456064955580842
O02336,2025-01-28,C0541,Ravi Das,P1077,Skin Care Set,Beauty,South,Kerala,6,5438.52,0.1,29368.01,17785.41,11582.6,UPI,2025,1,January,Q1,39.43951258529264
O02337,2025-09-08,C0978,Vijay Das,P1796,Mouse,Electronics,North,Punjab,5,2160.09,0.1,9720.41,7837.68,1882.73,Debit Card,2025,9,September,Q3,19.368833207652763
O02338,2026-05-06,C0568,Rahul Iyer,P7291,Jacket,Clothing,East,Odisha,2,4986.57,0.1,8975.83,6836.58,2139.25,UPI,2026,5,May,Q2,23.833450499842353
O02339,2025-11-21,C0596,Vijay Sharma,P6993,Air Fryer,Home & Kitchen,East,Bihar,4,9679.77,0.15,32911.22,20366.95,12544.27,Net Banking,2025,11,November,Q4,38.11548158956125
O02340,2026-01-09,C0758,Arun Das,P4870,Smartwatch,Electronics,North,Haryana,4,6161.59,0.0,24646.36,17954.06,6692.3,Cash,2026,1,January,Q1,27.153299716469288
O02341,2025-01-03,C0389,Ravi Kumar,P0649,Sofa,Furniture,West,Madhya Pradesh,7,18377.0,0.05,122207.05,85981.5,36225.55,Debit Card,2025,1,January,Q1,29.64276610882924
O02342,2025-11-15,C0978,Rahul Sharma,P7087,Tablet,Electronics,West,Goa,6,14666.11,0.05,83596.83,50572.91,33023.92,Cash,2025,11,November,Q4,39.503794581684495
O02343,2025-10-11,C0414,Divya Verma,P4333,Desk,Furniture,South,Tamil Nadu,6,6220.55,0.2,29858.64,21063.62,8795.02,Debit Card,2025,10,October,Q4,29.455527780233798
O02344,2025-07-26,C0424,Priya Das,P4870,Smartwatch,Electronics,North,Haryana,5,7010.34,0.05,33299.12,22113.34,11185.78,Debit Card,2025,7,July,Q3,33.59181864265482
O02345,2026-02-27,C0147,Meena Singh,P4333,Desk,Furniture,West,Gujarat,3,6425.55,0.05,18312.82,14644.64,3668.18,UPI,2026,2,February,Q1,20.030667040903584
O02346,2025-02-18,C0829,Meena Verma,P8699,Coffee Maker,Home & Kitchen,East,Jharkhand,2,9214.86,0.1,16586.75,10212.54,6374.21,Net Banking,2025,2,February,Q1,38.42952959440517
O02347,2026-01-31,C1199,Vijay Patel,P5057,Headphones,Electronics,West,Gujarat,2,10157.76,0.1,18283.97,11263.45,7020.52,UPI,2026,1,January,Q1,38.397131476369736
O02348,2026-05-10,C0703,Vijay Rao,P7780,Vacuum Cleaner,Home & Kitchen,North,Delhi,6,9263.2,0.05,52800.24,34882.03,17918.21,Credit Card,2026,5,May,Q2,33.93584953401727
O02349,2026-06-08,C0209,Ananya Nair,P7780,Vacuum Cleaner,Home & Kitchen,North,Punjab,1,13802.51,0.1,12422.26,7380.52,5041.74,UPI,2026,6,June,Q2,40.58633453171967
O02350,2025-04-26,C0892,Rahul Sharma,P3067,Cookware Set,Home & Kitchen,East,Odisha,1,7077.4,0.05,6723.53,4884.08,1839.45,Debit Card,2025,4,April,Q2,27.35839655657073
O02351,2026-03-07,C1059,Ravi Patel,P4333,Desk,Furniture,East,Jharkhand,7,13060.65,0.0,91424.55,67804.1,23620.45,Debit Card,2026,3,March,Q1,25.836003567969435
O02352,2025-06-23,C0949,Sneha Sharma,P5057,Headphones,Electronics,East,Bihar,7,5198.27,0.1,32749.1,21955.37,10793.73,Credit Card,2025,6,June,Q2,32.9588599381357
O02353,2026-02-15,C0886,Sneha Singh,P1101,T-Shirt,Clothing,West,Maharashtra,3,403.51,0.0,1210.53,801.53,409.0,Debit Card,2026,2,February,Q1,33.786853692184415
O02354,2025-06-21,C1164,Arun Das,P2376,Dining Table,Furniture,East,Bihar,2,12845.11,0.15,21836.69,14720.38,7116.31,UPI,2025,6,June,Q2,32.58877604618649
O02355,2026-06-25,C0824,Karthik Verma,P9007,Jeans,Clothing,South,Kerala,7,1779.89,0.0,12459.23,7533.31,4925.92,UPI,2026,6,June,Q2,39.53631163402554
O02356,2026-02-14,C0137,Karthik Iyer,P5057,Headphones,Electronics,West,Maharashtra,3,9025.91,0.05,25723.84,15039.15,10684.69,Net Banking,2026,2,February,Q1,41.53613923893167
O02357,2025-06-23,C1162,Priya Verma,P9667,Mixer Grinder,Home & Kitchen,East,Bihar,4,4256.49,0.1,15323.36,9322.61,6000.75,Debit Card,2025,6,June,Q2,39.160797631850976
O02358,2025-11-12,C1150,Vijay Reddy,P1101,T-Shirt,Clothing,South,Telangana,4,1425.37,0.05,5416.41,4060.55,1355.86,Debit Card,2025,11,November,Q4,25.032447691367526
O02359,2025-11-03,C0693,Vijay Sharma,P7087,Tablet,Electronics,North,Rajasthan,1,39609.04,0.05,37628.59,28789.65,8838.94,Credit Card,2025,11,November,Q4,23.489958034568932
O02360,2025-10-01,C0886,Sneha Kumar,P1600,Office Chair,Furniture,South,Telangana,2,9426.53,0.15,16025.1,12767.44,3257.66,Net Banking,2025,10,October,Q4,20.32848468964312
O02361,2025-08-01,C0990,Divya Nair,P9667,Mixer Grinder,Home & Kitchen,East,Bihar,1,6167.51,0.05,5859.13,4286.58,1572.55,Debit Card,2025,8,August,Q3,26.839308907636454
O02362,2025-07-16,C0792,Divya Das,P9685,Laptop,Electronics,North,Punjab,3,66763.4,0.05,190275.69,148120.29,42155.4,UPI,2025,7,July,Q3,22.154905863171486
O02363,2025-11-23,C0666,Divya Rao,P7087,Tablet,Electronics,South,Andhra Pradesh,4,23896.14,0.1,86026.1,67242.81,18783.29,Credit Card,2025,11,November,Q4,21.83440839466162
O02364,2025-01-05,C0400,Rahul Kumar,P4870,Smartwatch,Electronics,West,Goa,4,6109.87,0.1,21995.53,15739.47,6256.06,Debit Card,2025,1,January,Q1,28.44241534529971
O02365,2026-02-14,C0297,Ravi Kumar,P1077,Skin Care Set,Beauty,South,Andhra Pradesh,7,1909.09,0.05,12695.45,8926.8,3768.65,Debit Card,2026,2,February,Q1,29.68504464197803
O02366,2025-07-25,C0350,Priya Patel,P7291,Jacket,Clothing,North,Rajasthan,1,3544.31,0.1,3189.88,1885.6,1304.28,Net Banking,2025,7,July,Q3,40.88805848495868
O02367,2025-12-25,C0877,Priya Reddy,P1600,Office Chair,Furniture,North,Uttar Pradesh,1,11627.47,0.05,11046.1,7044.89,4001.21,Cash,2025,12,December,Q4,36.222829777025375
O02368,2025-03-13,C0246,Sneha Verma,P3693,Keyboard,Electronics,South,Karnataka,5,2627.74,0.2,10510.96,6469.29,4041.67,Debit Card,2025,3,March,Q1,38.45195871737691
O02369,2026-04-20,C1045,Sneha Verma,P3693,Keyboard,Electronics,West,Maharashtra,5,3434.07,0.15,14594.8,10660.08,3934.72,Net Banking,2026,4,April,Q2,26.95973908515362
O02370,2026-01-30,C0438,Karthik Verma,P0899,Perfume,Beauty,West,Gujarat,5,1537.71,0.15,6535.27,3954.4,2580.87,Credit Card,2026,1,January,Q1,39.49140586387402
O02371,2026-06-11,C0230,Karthik Kumar,P1101,T-Shirt,Clothing,South,Andhra Pradesh,2,466.4,0.1,839.52,565.95,273.57,Net Banking,2026,6,June,Q2,32.58647798742139
O02372,2025-05-07,C0925,Meena Sharma,P3693,Keyboard,Electronics,South,Karnataka,7,3460.12,0.05,23009.8,18306.57,4703.23,UPI,2025,5,May,Q2,20.44011681978983
O02373,2025-02-24,C0338,Priya Das,P1796,Mouse,Electronics,South,Karnataka,2,919.22,0.05,1746.52,1331.98,414.54,Net Banking,2025,2,February,Q1,23.735199138858988
O02374,2026-06-26,C0366,Arun Sharma,P4333,Desk,Furniture,West,Gujarat,6,22987.32,0.1,124131.53,98235.72,25895.81,UPI,2026,6,June,Q2,20.861589315784638
O02375,2026-02-26,C0813,Vijay Nair,P3693,Keyboard,Electronics,East,Odisha,4,3484.69,0.05,13241.82,8735.36,4506.46,Cash,2026,2,February,Q1,34.03202882987384
O02376,2025-12-01,C1090,Divya Sharma,P6547,Shoes,Clothing,West,Madhya Pradesh,7,4731.9,0.1,29810.97,24239.24,5571.73,UPI,2025,12,December,Q4,18.690200285331205
O02377,2025-01-17,C0838,Divya Patel,P3693,Keyboard,Electronics,South,Karnataka,6,1758.77,0.05,10024.99,7518.84,2506.15,Credit Card,2025,1,January,Q1,24.999027430451303
O02378,2026-02-11,C0010,Meena Iyer,P7087,Tablet,Electronics,South,Kerala,2,26041.78,0.1,46875.2,37576.32,9298.88,Cash,2026,2,February,Q1,19.83752602655562
O02379,2026-01-16,C0850,Ananya Iyer,P0790,Face Cream,Beauty,West,Gujarat,6,851.58,0.1,4598.53,3182.98,1415.55,Net Banking,2026,1,January,Q1,30.78266315539966
O02380,2025-06-29,C1107,Divya Verma,P8566,Dress,Clothing,West,Madhya Pradesh,5,3711.63,0.05,17630.24,13898.76,3731.48,UPI,2025,6,June,Q2,21.165225203967726
O02381,2025-05-17,C0282,Meena Nair,P5533,Shampoo,Beauty,North,Delhi,3,982.97,0.05,2801.46,1961.68,839.78,Cash,2025,5,May,Q2,29.976512247185394
O02382,2025-01-22,C0660,Meena Kumar,P6547,Shoes,Clothing,East,Jharkhand,5,2987.67,0.1,13444.52,9276.03,4168.49,Cash,2025,1,January,Q1,31.005123276993153
O02383,2025-09-16,C0894,Rahul Singh,P3727,Monitor,Electronics,South,Kerala,2,26224.65,0.15,44581.9,26994.84,17587.06,Net Banking,2025,9,September,Q3,39.44887947799444
O02384,2025-12-25,C1168,Rahul Patel,P6266,Bookshelf,Furniture,North,Punjab,4,4147.04,0.05,15758.75,10241.55,5517.2,Net Banking,2025,12,December,Q4,35.01039105258983
O02385,2025-02-06,C0084,Divya Reddy,P3693,Keyboard,Electronics,South,Andhra Pradesh,7,1542.79,0.05,10259.55,8034.75,2224.8,UPI,2025,2,February,Q1,21.68516162989605
O02386,2025-04-15,C0212,Ananya Singh,P6266,Bookshelf,Furniture,West,Goa,7,4949.71,0.05,32915.57,22953.94,9961.63,Credit Card,2025,4,April,Q2,30.26418804231553
O02387,2025-09-02,C0879,Priya Patel,P4870,Smartwatch,Electronics,South,Kerala,1,7445.79,0.0,7445.79,5458.36,1987.43,UPI,2025,9,September,Q3,26.69199641676706
O02388,2025-01-06,C1096,Arun Sharma,P9667,Mixer Grinder,Home & Kitchen,North,Uttar Pradesh,7,6287.45,0.0,44012.15,33257.2,10754.95,UPI,2025,1,January,Q1,24.436320425155326
O02389,2025-12-29,C1016,Divya Das,P5533,Shampoo,Beauty,West,Gujarat,7,779.26,0.1,4909.34,3201.16,1708.18,Net Banking,2025,12,December,Q4,34.794493760872136
O02390,2025-11-01,C0521,Ananya Reddy,P7780,Vacuum Cleaner,Home & Kitchen,South,Kerala,2,17430.4,0.1,31374.72,25479.66,5895.06,Cash,2025,11,November,Q4,18.78920353711523
O02391,2026-06-24,C0833,Divya Rao,P1077,Skin Care Set,Beauty,North,Delhi,2,2256.63,0.1,4061.93,2997.55,1064.38,Credit Card,2026,6,June,Q2,26.203799671584694
O02392,2025-09-30,C0087,Arun Verma,P1600,Office Chair,Furniture,West,Madhya Pradesh,2,4246.73,0.0,8493.46,5134.29,3359.17,Credit Card,2025,9,September,Q3,39.55007735363445
O02393,2025-06-23,C0073,Priya Sharma,P6993,Air Fryer,Home & Kitchen,South,Tamil Nadu,5,9683.77,0.15,41156.02,32820.03,8335.99,Net Banking,2025,6,June,Q2,20.25460673796932
O02394,2025-04-26,C1032,Vijay Iyer,P7291,Jacket,Clothing,West,Goa,7,2532.03,0.05,16838.0,11468.65,5369.35,Debit Card,2025,4,April,Q2,31.888288395296353
O02395,2025-11-26,C1188,Sneha Nair,P1077,Skin Care Set,Beauty,South,Andhra Pradesh,6,3836.67,0.05,21869.02,15533.04,6335.98,Credit Card,2025,11,November,Q4,28.972400226439042
O02396,2026-01-29,C0660,Rahul Sharma,P7087,Tablet,Electronics,West,Maharashtra,3,39175.25,0.0,117525.75,80644.26,36881.49,Cash,2026,1,January,Q1,31.381624877952273
O02397,2025-11-01,C0361,Meena Nair,P1600,Office Chair,Furniture,South,Tamil Nadu,7,11557.26,0.1,72810.74,57052.81,15757.93,UPI,2025,11,November,Q4,21.6423154056668
O02398,2026-05-27,C1177,Rahul Singh,P6266,Bookshelf,Furniture,West,Goa,2,4981.58,0.1,8966.84,6533.94,2432.9,Debit Card,2026,5,May,Q2,27.1321892662298
O02399,2026-03-23,C0247,Ravi Patel,P8699,Coffee Maker,Home & Kitchen,North,Haryana,5,9533.05,0.1,42898.72,26513.8,16384.92,Credit Card,2026,3,March,Q1,38.19442631388535
O02400,2025-07-06,C0419,Vijay Patel,P6266,Bookshelf,Furniture,North,Delhi,5,10553.21,0.05,50127.75,36250.24,13877.51,Net Banking,2025,7,July,Q3,27.68428664761534
O02401,2025-07-15,C0562,Meena Kumar,P9685,Laptop,Electronics,South,Andhra Pradesh,7,74524.16,0.0,521669.12,374842.44,146826.68,UPI,2025,7,July,Q3,28.14555709182096
O02402,2025-01-02,C0777,Vijay Iyer,P5057,Headphones,Electronics,East,Jharkhand,6,5359.74,0.1,28942.6,16786.85,12155.75,Net Banking,2025,1,January,Q1,41.99950937372593
O02403,2026-01-24,C0107,Priya Iyer,P1077,Skin Care Set,Beauty,West,Madhya Pradesh,6,3211.25,0.05,18304.12,13673.56,4630.56,Cash,2026,1,January,Q1,25.297911071387208
O02404,2025-07-14,C1009,Vijay Verma,P9007,Jeans,Clothing,North,Punjab,2,3279.65,0.0,6559.3,5081.22,1478.08,Cash,2025,7,July,Q3,22.534111871693625
O02405,2025-08-07,C0681,Sneha Rao,P2376,Dining Table,Furniture,South,Telangana,7,29035.46,0.05,193085.81,119488.33,73597.48,UPI,2025,8,August,Q3,38.11646231279243
O02406,2025-11-13,C0989,Sneha Singh,P5533,Shampoo,Beauty,East,Bihar,7,317.78,0.0,2224.46,1478.8,745.66,Credit Card,2025,11,November,Q4,33.52094440898015
O02407,2026-02-19,C0629,Karthik Verma,P6547,Shoes,Clothing,West,Maharashtra,6,4873.5,0.1,26316.9,16776.48,9540.42,Credit Card,2026,2,February,Q1,36.25206616280793
O02408,2025-04-11,C0914,Priya Singh,P3067,Cookware Set,Home & Kitchen,West,Goa,2,4215.94,0.0,8431.88,6079.64,2352.24,UPI,2025,4,April,Q2,27.896981456092828
O02409,2026-02-26,C0325,Karthik Singh,P7087,Tablet,Electronics,North,Uttar Pradesh,7,16604.2,0.05,110417.93,64983.45,45434.48,Credit Card,2026,2,February,Q1,41.14773750965989
O02410,2025-05-25,C0980,Vijay Verma,P3727,Monitor,Electronics,North,Punjab,2,23086.22,0.2,36937.95,25101.23,11836.72,Debit Card,2025,5,May,Q2,32.044875257018866
O02411,2025-12-27,C0624,Divya Kumar,P5057,Headphones,Electronics,South,Kerala,3,6027.9,0.1,16275.33,10375.05,5900.28,Credit Card,2025,12,December,Q4,36.25290547104114
O02412,2025-01-19,C0491,Divya Kumar,P3727,Monitor,Electronics,East,Bihar,1,21078.35,0.15,17916.6,12617.17,5299.43,Debit Card,2025,1,January,Q1,29.578324012368423
O02413,2025-05-22,C0088,Rahul Kumar,P1101,T-Shirt,Clothing,North,Punjab,7,743.63,0.1,4684.87,2867.75,1817.12,Debit Card,2025,5,May,Q2,38.786988753156436
O02414,2025-08-09,C0187,Priya Patel,P4333,Desk,Furniture,West,Madhya Pradesh,4,5721.2,0.0,22884.8,17145.75,5739.05,Cash,2025,8,August,Q3,25.07799937076138
O02415,2026-06-25,C0900,Divya Nair,P9667,Mixer Grinder,Home & Kitchen,North,Punjab,3,7959.89,0.1,21491.7,16491.46,5000.24,Cash,2026,6,June,Q2,23.26591195670887
O02416,2025-12-03,C0183,Divya Iyer,P1796,Mouse,Electronics,East,Bihar,5,2391.58,0.15,10164.22,5971.07,4193.15,Debit Card,2025,12,December,Q4,41.25402637880723
O02417,2025-07-04,C1124,Meena Nair,P9685,Laptop,Electronics,North,Uttar Pradesh,6,60307.39,0.1,325659.91,234228.06,91431.85,Debit Card,2025,7,July,Q3,28.075869086864273
O02418,2025-09-17,C0291,Ananya Sharma,P2376,Dining Table,Furniture,South,Telangana,5,27080.89,0.2,108323.56,71835.82,36487.74,Debit Card,2025,9,September,Q3,33.68402958691535
O02419,2025-05-22,C0025,Priya Das,P1600,Office Chair,Furniture,North,Punjab,6,3709.68,0.0,22258.08,16015.94,6242.14,Debit Card,2025,5,May,Q2,28.044377592317037
O02420,2025-11-27,C0345,Rahul Rao,P0899,Perfume,Beauty,South,Karnataka,7,2957.47,0.1,18632.06,13222.94,5409.12,Net Banking,2025,11,November,Q4,29.031250436076313
O02421,2025-09-16,C0186,Sneha Das,P1101,T-Shirt,Clothing,West,Gujarat,5,435.14,0.1,1958.13,1431.98,526.15,Net Banking,2025,9,September,Q3,26.87002395142304
O02422,2026-05-23,C0259,Vijay Verma,P8699,Coffee Maker,Home & Kitchen,East,Odisha,6,7772.21,0.15,39638.27,32156.33,7481.94,UPI,2026,5,May,Q2,18.87554628393217
O02423,2026-06-30,C0643,Sneha Iyer,P6993,Air Fryer,Home & Kitchen,West,Madhya Pradesh,1,7655.67,0.05,7272.89,4595.37,2677.52,Debit Card,2026,6,June,Q2,36.815076262668626
O02424,2025-03-14,C0959,Ravi Iyer,P1077,Skin Care Set,Beauty,West,Gujarat,4,991.53,0.05,3767.81,2885.2,882.61,Cash,2025,3,March,Q1,23.425013469362842
O02425,2025-03-12,C0024,Rahul Das,P4870,Smartwatch,Electronics,East,Bihar,6,8800.47,0.05,50162.68,37681.07,12481.61,Credit Card,2025,3,March,Q1,24.882263068879094
O02426,2026-04-30,C1091,Priya Rao,P7291,Jacket,Clothing,West,Gujarat,6,5978.59,0.05,34077.96,23781.24,10296.72,UPI,2026,4,April,Q2,30.215188937365966
O02427,2025-05-26,C1076,Divya Nair,P9685,Laptop,Electronics,South,Andhra Pradesh,3,81310.5,0.05,231734.92,162615.44,69119.48,Net Banking,2025,5,May,Q2,29.826959182500417
O02428,2026-03-29,C1003,Arun Iyer,P6547,Shoes,Clothing,North,Punjab,6,1915.03,0.2,9192.14,6684.92,2507.22,Cash,2026,3,March,Q1,27.275694234422016
O02429,2026-05-24,C0215,Priya Das,P9667,Mixer Grinder,Home & Kitchen,South,Tamil Nadu,4,6708.35,0.1,24150.06,16943.58,7206.48,Credit Card,2026,5,May,Q2,29.840422756713647
O02430,2025-10-26,C0275,Arun Iyer,P6266,Bookshelf,Furniture,East,Bihar,4,11359.89,0.05,43167.58,33942.76,9224.82,UPI,2025,10,October,Q4,21.369787233845397
O02431,2026-05-17,C0921,Priya Rao,P0790,Face Cream,Beauty,South,Telangana,6,991.32,0.1,5353.13,3880.62,1472.51,Credit Card,2026,5,May,Q2,27.50745825339568
O02432,2025-03-06,C0781,Ravi Reddy,P8566,Dress,Clothing,North,Delhi,6,3773.92,0.1,20379.17,14105.46,6273.71,Cash,2025,3,March,Q1,30.784914204062286
O02433,2025-02-11,C0445,Ananya Iyer,P8566,Dress,Clothing,North,Haryana,1,1286.57,0.05,1222.24,716.56,505.68,Cash,2025,2,February,Q1,41.37321638957979
O02434,2025-04-04,C1179,Meena Rao,P9685,Laptop,Electronics,South,Karnataka,5,74949.43,0.05,356009.79,229301.55,126708.24,Debit Card,2025,4,April,Q2,35.59122348854508
O02435,2026-03-15,C0384,Ananya Reddy,P7780,Vacuum Cleaner,Home & Kitchen,South,Kerala,5,7557.13,0.0,37785.65,27365.24,10420.41,UPI,2026,3,March,Q1,27.57769153104419
O02436,2026-01-03,C1095,Karthik Kumar,P1077,Skin Care Set,Beauty,South,Tamil Nadu,6,3039.7,0.0,18238.2,13984.69,4253.51,Credit Card,2026,1,January,Q1,23.321983529076334
O02437,2025-04-09,C0998,Vijay Rao,P3727,Monitor,Electronics,North,Rajasthan,3,28889.5,0.0,86668.5,62300.81,24367.69,Debit Card,2025,4,April,Q2,28.115970623698345
O02438,2025-06-17,C1194,Vijay Patel,P6266,Bookshelf,Furniture,North,Punjab,2,2607.43,0.1,4693.37,3758.32,935.05,Net Banking,2025,6,June,Q2,19.922784694153666
O02439,2025-10-29,C0365,Sneha Reddy,P8566,Dress,Clothing,South,Telangana,6,3337.77,0.0,20026.62,15637.45,4389.17,UPI,2025,10,October,Q4,21.91667890038359
O02440,2026-04-19,C0466,Ravi Patel,P6547,Shoes,Clothing,North,Uttar Pradesh,2,1408.91,0.0,2817.82,1853.92,963.9,Cash,2026,4,April,Q2,34.20729500110014
O02441,2025-12-19,C0804,Vijay Sharma,P0790,Face Cream,Beauty,South,Karnataka,7,863.55,0.05,5742.61,3669.18,2073.43,Net Banking,2025,12,December,Q4,36.10605630540817
O02442,2025-10-21,C0342,Ananya Verma,P7780,Vacuum Cleaner,Home & Kitchen,South,Karnataka,1,10511.26,0.1,9460.13,5559.96,3900.17,Net Banking,2025,10,October,Q4,41.22744613446116
O02443,2026-01-26,C0843,Vijay Verma,P8566,Dress,Clothing,South,Telangana,6,1161.74,0.1,6273.4,4159.79,2113.61,Debit Card,2026,1,January,Q1,33.69161858003635
O02444,2025-01-15,C0333,Vijay Sharma,P4636,Smartphone,Electronics,South,Tamil Nadu,2,28074.17,0.1,50533.51,41305.24,9228.27,Debit Card,2025,1,January,Q1,18.261684177489354
O02445,2025-04-04,C0215,Ravi Patel,P0649,Sofa,Furniture,South,Karnataka,2,49446.08,0.05,93947.55,73984.97,19962.58,UPI,2025,4,April,Q2,21.248643525030722
O02446,2026-02-21,C1168,Rahul Das,P0899,Perfume,Beauty,South,Karnataka,3,981.23,0.05,2796.51,1788.47,1008.04,Cash,2026,2,February,Q1,36.046357781663566
O02447,2026-06-07,C0111,Priya Reddy,P1101,T-Shirt,Clothing,South,Telangana,5,1740.84,0.15,7398.57,5894.43,1504.14,Cash,2026,6,June,Q2,20.330144879348307
O02448,2025-12-06,C0964,Ananya Kumar,P9007,Jeans,Clothing,South,Telangana,1,1449.65,0.1,1304.69,827.43,477.26,Credit Card,2025,12,December,Q4,36.58033709156964
O02449,2026-01-23,C1159,Ananya Singh,P6993,Air Fryer,Home & Kitchen,South,Telangana,2,5970.05,0.1,10746.09,8337.9,2408.19,UPI,2026,1,January,Q1,22.409918398226704
O02450,2025-09-27,C0304,Divya Kumar,P5057,Headphones,Electronics,North,Uttar Pradesh,2,1683.56,0.15,2862.05,2326.34,535.71,Net Banking,2025,9,September,Q3,18.717702346220367
O02451,2025-12-07,C0912,Karthik Nair,P9667,Mixer Grinder,Home & Kitchen,East,Jharkhand,3,8588.99,0.0,25766.97,16663.88,9103.09,Debit Card,2025,12,December,Q4,35.3285232994023
O02452,2026-06-05,C0734,Sneha Das,P1796,Mouse,Electronics,North,Uttar Pradesh,1,431.21,0.0,431.21,316.98,114.23,UPI,2026,6,June,Q2,26.49057303865866
O02453,2025-04-20,C0637,Ananya Verma,P7291,Jacket,Clothing,South,Kerala,5,5573.35,0.05,26473.41,19096.74,7376.67,Cash,2025,4,April,Q2,27.864449649667343
O02454,2025-01-27,C0249,Arun Patel,P7780,Vacuum Cleaner,Home & Kitchen,East,Bihar,2,10484.49,0.0,20968.98,12744.63,8224.35,UPI,2025,1,January,Q1,39.221507197775004
O02455,2025-04-19,C1127,Priya Kumar,P7291,Jacket,Clothing,West,Maharashtra,4,4039.62,0.15,13734.71,10724.39,3010.32,Cash,2025,4,April,Q2,21.91760874456032
O02456,2025-06-19,C0181,Sneha Singh,P9007,Jeans,Clothing,West,Goa,5,2269.16,0.1,10211.22,6354.4,3856.82,Debit Card,2025,6,June,Q2,37.77041332965111
O02457,2026-04-10,C0376,Meena Nair,P1077,Skin Care Set,Beauty,South,Andhra Pradesh,1,4873.86,0.0,4873.86,3740.22,1133.64,Net Banking,2026,4,April,Q2,23.259593012519854
O02458,2025-02-06,C0232,Rahul Sharma,P6547,Shoes,Clothing,East,Bihar,1,1629.35,0.1,1466.42,1073.82,392.6,Net Banking,2025,2,February,Q1,26.77268449693812
O02459,2026-04-27,C0913,Ananya Rao,P6266,Bookshelf,Furniture,West,Madhya Pradesh,3,5681.85,0.15,14488.72,11095.9,3392.82,Credit Card,2026,4,April,Q2,23.416975412596834
O02460,2025-03-15,C1038,Sneha Kumar,P4636,Smartphone,Electronics,West,Madhya Pradesh,2,25783.93,0.1,46411.07,30015.9,16395.17,Net Banking,2025,3,March,Q1,35.32599011399651
O02461,2025-02-25,C1076,Arun Verma,P4870,Smartwatch,Electronics,South,Telangana,2,5631.98,0.15,9574.37,7762.59,1811.78,Debit Card,2025,2,February,Q1,18.923229413527988
O02462,2026-03-18,C0333,Rahul Kumar,P3693,Keyboard,Electronics,West,Madhya Pradesh,5,3503.33,0.1,15764.99,9724.22,6040.77,Net Banking,2026,3,March,Q1,38.31762658904319
O02463,2025-07-27,C0911,Karthik Patel,P3067,Cookware Set,Home & Kitchen,South,Kerala,2,2998.27,0.1,5396.89,4180.19,1216.7,Net Banking,2025,7,July,Q3,22.544465423605075
O02464,2025-04-14,C0444,Ananya Das,P7087,Tablet,Electronics,West,Gujarat,1,20251.69,0.0,20251.69,12501.75,7749.94,Net Banking,2025,4,April,Q2,38.26811490794101
O02465,2025-10-22,C0844,Divya Kumar,P8566,Dress,Clothing,North,Haryana,7,4925.39,0.15,29306.07,23833.95,5472.12,Debit Card,2025,10,October,Q4,18.67230918372883
O02466,2025-12-07,C0293,Priya Verma,P1796,Mouse,Electronics,East,West Bengal,6,1797.96,0.15,9169.6,6149.47,3020.13,Debit Card,2025,12,December,Q4,32.93633310068051
O02467,2025-08-28,C0572,Priya Sharma,P3067,Cookware Set,Home & Kitchen,South,Tamil Nadu,3,4350.95,0.05,12400.21,9836.03,2564.18,Net Banking,2025,8,August,Q3,20.67852076698701
O02468,2025-06-09,C1042,Divya Sharma,P1101,T-Shirt,Clothing,East,West Bengal,6,950.66,0.05,5418.76,3419.47,1999.29,Net Banking,2025,6,June,Q2,36.8957104577431
O02469,2026-05-14,C1005,Ananya Rao,P5533,Shampoo,Beauty,South,Telangana,5,361.54,0.0,1807.7,1402.98,404.72,Credit Card,2026,5,May,Q2,22.388670686507716
O02470,2026-01-06,C1179,Ananya Reddy,P7291,Jacket,Clothing,South,Andhra Pradesh,5,6785.21,0.1,30533.45,17745.9,12787.55,UPI,2026,1,January,Q1,41.88046224714206
O02471,2026-01-10,C1042,Divya Sharma,P9685,Laptop,Electronics,South,Tamil Nadu,6,75719.99,0.0,454319.94,287872.05,166447.89,Cash,2026,1,January,Q1,36.63671244541897
O02472,2025-10-04,C0433,Priya Rao,P8699,Coffee Maker,Home & Kitchen,East,West Bengal,5,2768.68,0.0,13843.4,9526.41,4316.99,Cash,2025,10,October,Q4,31.184463354378263
O02473,2025-07-04,C0808,Ravi Reddy,P0790,Face Cream,Beauty,West,Madhya Pradesh,1,1696.52,0.05,1611.69,1202.52,409.17,Debit Card,2025,7,July,Q3,25.38763658023565
O02474,2025-03-09,C1193,Ananya Iyer,P9007,Jeans,Clothing,West,Goa,1,2805.92,0.1,2525.33,1509.5,1015.83,Debit Card,2025,3,March,Q1,40.22563387755264
O02475,2025-11-03,C1054,Rahul Reddy,P5533,Shampoo,Beauty,North,Punjab,3,753.26,0.1,2033.8,1314.51,719.29,Cash,2025,11,November,Q4,35.36680106205134
O02476,2026-06-01,C0833,Divya Rao,P6993,Air Fryer,Home & Kitchen,West,Goa,3,9507.82,0.05,27097.29,18928.92,8168.37,Credit Card,2026,6,June,Q2,30.144601175984754
O02477,2025-08-08,C0517,Arun Patel,P1101,T-Shirt,Clothing,South,Andhra Pradesh,5,313.9,0.05,1491.02,915.74,575.28,Cash,2025,8,August,Q3,38.58298346098643
O02478,2025-01-11,C0166,Sneha Iyer,P4333,Desk,Furniture,West,Madhya Pradesh,7,22239.81,0.05,147894.74,99084.56,48810.18,Cash,2025,1,January,Q1,33.00332385046284
O02479,2025-06-30,C0090,Vijay Kumar,P3727,Monitor,Electronics,North,Haryana,4,19788.65,0.0,79154.6,54271.24,24883.36,UPI,2025,6,June,Q2,31.436404201398275
O02480,2025-11-10,C0153,Priya Singh,P0899,Perfume,Beauty,East,West Bengal,3,3629.51,0.05,10344.1,6816.55,3527.55,Cash,2025,11,November,Q4,34.102048510745256
O02481,2026-06-17,C0749,Ravi Verma,P1796,Mouse,Electronics,South,Andhra Pradesh,6,1897.68,0.1,10247.47,6707.75,3539.72,Credit Card,2026,6,June,Q2,34.54237972885015
O02482,2025-12-20,C0345,Rahul Das,P1077,Skin Care Set,Beauty,North,Haryana,1,2597.36,0.1,2337.62,1493.37,844.25,UPI,2025,12,December,Q4,36.11579298602853
O02483,2026-05-31,C0667,Ravi Iyer,P3727,Monitor,Electronics,South,Kerala,5,15191.87,0.1,68363.42,40347.36,28016.06,UPI,2026,5,May,Q2,40.98106853050945
O02484,2025-10-31,C0365,Priya Nair,P9685,Laptop,Electronics,West,Goa,3,82034.98,0.15,209189.2,128748.23,80440.97,UPI,2025,10,October,Q4,38.453691681979755
O02485,2026-02-03,C1094,Ananya Rao,P7087,Tablet,Electronics,West,Madhya Pradesh,3,17336.24,0.2,41606.98,30013.43,11593.55,Net Banking,2026,2,February,Q1,27.864435246201474
O02486,2025-06-26,C1051,Rahul Patel,P6993,Air Fryer,Home & Kitchen,North,Punjab,3,8131.96,0.05,23176.09,15161.8,8014.29,Credit Card,2025,6,June,Q2,34.57999170697042
O02487,2026-06-09,C0662,Ananya Rao,P4636,Smartphone,Electronics,East,Jharkhand,1,24034.58,0.15,20429.39,14641.91,5787.48,Debit Card,2026,6,June,Q2,28.329186529798488
O02488,2026-05-21,C0903,Priya Reddy,P9685,Laptop,Electronics,North,Punjab,4,76722.46,0.05,291545.35,183051.57,108493.78,Cash,2026,5,May,Q2,37.213346054053
O02489,2026-06-02,C0341,Arun Reddy,P9685,Laptop,Electronics,South,Karnataka,5,74255.82,0.05,352715.14,233822.56,118892.58,Net Banking,2026,6,June,Q2,33.7078187230636
O02490,2025-01-17,C0694,Vijay Reddy,P9007,Jeans,Clothing,North,Uttar Pradesh,2,2211.09,0.1,3979.96,3255.92,724.04,Net Banking,2025,1,January,Q1,18.192142634599342
O02491,2025-11-05,C1023,Priya Patel,P9667,Mixer Grinder,Home & Kitchen,North,Rajasthan,1,6717.84,0.05,6381.95,4944.31,1437.64,UPI,2025,11,November,Q4,22.526657212920817
O02492,2025-07-16,C0988,Ravi Sharma,P7087,Tablet,Electronics,East,Jharkhand,2,37170.55,0.0,74341.1,44870.74,29470.36,Cash,2025,7,July,Q3,39.64208223983772
O02493,2026-02-17,C0378,Meena Sharma,P8566,Dress,Clothing,West,Goa,3,1530.63,0.05,4362.3,2557.6,1804.7,Debit Card,2026,2,February,Q1,41.370378011599385
O02494,2025-05-10,C1057,Sneha Das,P0649,Sofa,Furniture,South,Kerala,5,17820.02,0.15,75735.09,48423.66,27311.43,UPI,2025,5,May,Q2,36.06179117236145
O02495,2026-02-25,C0069,Ananya Sharma,P7087,Tablet,Electronics,West,Gujarat,5,29250.97,0.0,146254.85,114774.81,31480.04,Debit Card,2026,2,February,Q1,21.524099884550836
O02496,2025-06-15,C1153,Rahul Nair,P9667,Mixer Grinder,Home & Kitchen,South,Telangana,6,5486.96,0.15,27983.5,22086.94,5896.56,Debit Card,2025,6,June,Q2,21.071560026444157
O02497,2026-03-06,C0043,Sneha Reddy,P3693,Keyboard,Electronics,North,Rajasthan,2,3735.13,0.0,7470.26,5571.29,1898.97,Credit Card,2026,3,March,Q1,25.420400360897744
O02498,2025-07-02,C1113,Karthik Verma,P6993,Air Fryer,Home & Kitchen,West,Goa,1,7151.45,0.05,6793.88,4734.06,2059.82,Cash,2025,7,July,Q3,30.318757469958257
O02499,2025-06-14,C0080,Ananya Das,P7291,Jacket,Clothing,West,Maharashtra,6,2388.35,0.15,12180.58,7488.96,4691.62,Net Banking,2025,6,June,Q2,38.517213466025424
O02500,2026-06-05,C1153,Priya Nair,P7050,Makeup Kit,Beauty,South,Telangana,3,4370.77,0.0,13112.31,10584.25,2528.06,Debit Card,2026,6,June,Q2,19.28005057842592
O02501,2026-04-10,C1165,Vijay Nair,P4333,Desk,Furniture,South,Telangana,3,20023.62,0.0,60070.86,39742.25,20328.61,UPI,2026,4,April,Q2,33.84105038616061
O02502,2026-06-28,C0547,Priya Reddy,P6993,Air Fryer,Home & Kitchen,East,Jharkhand,2,4056.66,0.1,7301.99,5949.02,1352.97,Cash,2026,6,June,Q2,18.52878461898743
O02503,2025-06-16,C0201,Meena Nair,P3693,Keyboard,Electronics,North,Rajasthan,6,1190.28,0.1,6427.51,4895.42,1532.09,Credit Card,2025,6,June,Q2,23.83644677332279
O02504,2025-12-15,C0436,Rahul Kumar,P6993,Air Fryer,Home & Kitchen,West,Gujarat,2,9986.38,0.1,17975.48,13753.14,4222.34,UPI,2025,12,December,Q4,23.489442284712286
O02505,2025-09-27,C1102,Divya Nair,P6266,Bookshelf,Furniture,South,Karnataka,1,10074.29,0.15,8563.15,5089.32,3473.83,UPI,2025,9,September,Q3,40.567197818559755
O02506,2025-02-07,C0434,Vijay Kumar,P7087,Tablet,Electronics,West,Gujarat,6,19606.67,0.05,111758.02,65565.11,46192.91,Net Banking,2025,2,February,Q1,41.33297100288642
O02507,2025-03-23,C0345,Ananya Nair,P4636,Smartphone,Electronics,North,Delhi,7,47751.37,0.05,317546.61,185405.35,132141.26,UPI,2025,3,March,Q1,41.613185541486345
O02508,2025-07-15,C0925,Divya Rao,P1600,Office Chair,Furniture,North,Uttar Pradesh,3,16865.97,0.0,50597.91,39393.43,11204.48,Credit Card,2025,7,July,Q3,22.14415575663105
O02509,2025-01-16,C0910,Ananya Rao,P6266,Bookshelf,Furniture,West,Madhya Pradesh,1,5392.5,0.0,5392.5,3831.66,1560.84,Cash,2025,1,January,Q1,28.94464534075104
O02510,2026-05-29,C1163,Karthik Rao,P1796,Mouse,Electronics,West,Madhya Pradesh,6,2629.6,0.0,15777.6,12219.08,3558.52,Cash,2026,5,May,Q2,22.554254132440928
O02511,2025-01-04,C1178,Meena Sharma,P7087,Tablet,Electronics,South,Karnataka,2,16148.73,0.0,32297.46,22201.59,10095.87,Credit Card,2025,1,January,Q1,31.259021607271908
O02512,2026-06-22,C1150,Ananya Nair,P5533,Shampoo,Beauty,West,Goa,5,345.53,0.1,1554.88,1062.18,492.7,Cash,2026,6,June,Q2,31.687332784523566
O02513,2025-11-19,C0556,Divya Das,P4333,Desk,Furniture,East,Odisha,7,19904.02,0.05,132361.73,81919.37,50442.36,Cash,2025,11,November,Q4,38.109474694838156
O02514,2025-09-03,C0158,Meena Rao,P1600,Office Chair,Furniture,West,Goa,1,17193.62,0.0,17193.62,12910.89,4282.73,Net Banking,2025,9,September,Q3,24.908832462273796
O02515,2025-10-30,C0887,Rahul Nair,P0790,Face Cream,Beauty,North,Rajasthan,2,373.59,0.1,672.46,469.15,203.31,UPI,2025,10,October,Q4,30.233768551289298
O02516,2025-07-27,C0148,Rahul Singh,P0649,Sofa,Furniture,South,Andhra Pradesh,6,12746.25,0.05,72653.62,53962.37,18691.25,Debit Card,2025,7,July,Q3,25.726522642643275
O02517,2025-09-04,C1078,Divya Das,P3693,Keyboard,Electronics,West,Goa,3,3970.28,0.1,10719.76,6396.18,4323.58,Credit Card,2025,9,September,Q3,40.33280595834235
O02518,2025-10-19,C0752,Rahul Iyer,P4636,Smartphone,Electronics,North,Delhi,4,54907.69,0.0,219630.76,174570.46,45060.3,Cash,2025,10,October,Q4,20.51638850587231
O02519,2026-04-01,C0833,Priya Nair,P1796,Mouse,Electronics,South,Tamil Nadu,2,1112.86,0.0,2225.72,1598.5,627.22,Credit Card,2026,4,April,Q2,28.180543824020994
O02520,2026-05-02,C0005,Sneha Patel,P5057,Headphones,Electronics,North,Delhi,3,7998.43,0.05,22795.53,17197.96,5597.57,Debit Card,2026,5,May,Q2,24.555559796153016
O02521,2026-06-17,C1097,Ravi Iyer,P6993,Air Fryer,Home & Kitchen,West,Madhya Pradesh,2,5780.33,0.15,9826.56,7308.0,2518.56,Credit Card,2026,6,June,Q2,25.630128956623683
O02522,2025-07-21,C1193,Ananya Reddy,P3727,Monitor,Electronics,South,Kerala,7,25960.09,0.0,181720.63,127638.59,54082.04,Debit Card,2025,7,July,Q3,29.76108986635144
O02523,2026-04-13,C0517,Divya Singh,P8699,Coffee Maker,Home & Kitchen,South,Tamil Nadu,1,6845.4,0.05,6503.13,4274.34,2228.79,Debit Card,2026,4,April,Q2,34.272573360827785
O02524,2025-01-07,C0296,Arun Rao,P9685,Laptop,Electronics,South,Andhra Pradesh,3,72627.28,0.0,217881.84,176726.89,41154.95,Net Banking,2025,1,January,Q1,18.88865542901602
O02525,2025-11-25,C0499,Priya Patel,P5057,Headphones,Electronics,South,Karnataka,7,2325.4,0.1,14650.02,9330.59,5319.43,UPI,2025,11,November,Q4,36.31005281904052
O02526,2025-10-30,C0156,Arun Singh,P4333,Desk,Furniture,South,Telangana,4,24100.27,0.15,81940.92,48741.38,33199.54,UPI,2025,10,October,Q4,40.516435500113985
O02527,2025-02-18,C0141,Priya Nair,P3727,Monitor,Electronics,South,Kerala,7,10444.91,0.2,58491.5,43480.77,15010.73,Credit Card,2025,2,February,Q1,25.66309634733252
O02528,2026-02-21,C0059,Sneha Sharma,P6266,Bookshelf,Furniture,West,Goa,1,5696.18,0.15,4841.75,3684.55,1157.2,Debit Card,2026,2,February,Q1,23.90044921774152
O02529,2026-01-04,C0731,Arun Singh,P9007,Jeans,Clothing,North,Punjab,4,1913.34,0.1,6888.02,4013.12,2874.9,Debit Card,2026,1,January,Q1,41.73768368849103
O02530,2025-01-15,C0542,Meena Rao,P1077,Skin Care Set,Beauty,South,Karnataka,6,2413.78,0.0,14482.68,10177.81,4304.87,Net Banking,2025,1,January,Q1,29.72426374124126
O02531,2026-02-07,C0593,Meena Reddy,P9685,Laptop,Electronics,North,Delhi,4,64075.71,0.0,256302.84,185842.19,70460.65,Credit Card,2026,2,February,Q1,27.49117021098947
O02532,2025-09-03,C0572,Sneha Singh,P4636,Smartphone,Electronics,South,Kerala,1,39670.09,0.05,37686.59,28967.55,8719.04,Debit Card,2025,9,September,Q3,23.13565647621608
O02533,2026-03-02,C0628,Rahul Singh,P0899,Perfume,Beauty,North,Haryana,6,3169.45,0.15,16164.19,10220.32,5943.87,Cash,2026,3,March,Q1,36.77183947973886
O02534,2025-09-11,C1096,Meena Das,P3693,Keyboard,Electronics,East,West Bengal,5,1307.4,0.1,5883.3,4819.53,1063.77,Net Banking,2025,9,September,Q3,18.081178930192237
O02535,2025-02-04,C1189,Divya Rao,P9007,Jeans,Clothing,South,Telangana,5,2867.94,0.05,13622.72,9452.2,4170.52,Net Banking,2025,2,February,Q1,30.614444105142002
O02536,2026-03-15,C0988,Priya Das,P0790,Face Cream,Beauty,South,Andhra Pradesh,2,739.62,0.1,1331.32,893.19,438.13,Cash,2026,3,March,Q1,32.90944325932158
O02537,2026-06-21,C1060,Priya Kumar,P9007,Jeans,Clothing,South,Kerala,6,1255.53,0.05,7156.52,4544.03,2612.49,Debit Card,2026,6,June,Q2,36.50503317254755
O02538,2026-05-03,C0189,Priya Singh,P1600,Office Chair,Furniture,South,Andhra Pradesh,6,7178.71,0.05,40918.65,25156.91,15761.74,Credit Card,2026,5,May,Q2,38.51969700857677
O02539,2025-05-13,C0461,Divya Iyer,P1101,T-Shirt,Clothing,South,Kerala,5,735.07,0.05,3491.58,2698.53,793.05,Debit Card,2025,5,May,Q2,22.71321292939013
O02540,2026-02-06,C0751,Meena Iyer,P4870,Smartwatch,Electronics,North,Punjab,4,12930.49,0.1,46549.76,35239.44,11310.32,Credit Card,2026,2,February,Q1,24.297268127698185
O02541,2026-03-29,C0830,Vijay Das,P6547,Shoes,Clothing,West,Madhya Pradesh,3,1962.71,0.1,5299.32,4201.13,1098.19,Debit Card,2026,3,March,Q1,20.72322486658666
O02542,2025-07-29,C1113,Meena Sharma,P8699,Coffee Maker,Home & Kitchen,North,Uttar Pradesh,7,7710.92,0.05,51277.62,34692.81,16584.81,Net Banking,2025,7,July,Q3,32.34317427368899
O02543,2026-05-15,C0408,Vijay Das,P9667,Mixer Grinder,Home & Kitchen,North,Delhi,5,4624.93,0.15,19655.95,14485.8,5170.15,Cash,2026,5,May,Q2,26.30323133707605
O02544,2025-01-19,C0423,Vijay Singh,P7087,Tablet,Electronics,North,Punjab,3,29859.44,0.2,71662.66,45530.01,26132.65,Cash,2025,1,January,Q1,36.46620150577721
O02545,2026-03-13,C0235,Ravi Patel,P9007,Jeans,Clothing,North,Uttar Pradesh,3,2045.79,0.15,5216.76,3060.03,2156.73,Debit Card,2026,3,March,Q1,41.342327421618016
O02546,2025-01-17,C0669,Divya Reddy,P3067,Cookware Set,Home & Kitchen,South,Kerala,2,6285.96,0.0,12571.92,7590.12,4981.8,Net Banking,2025,1,January,Q1,39.62640551323903
O02547,2026-05-11,C0102,Ananya Singh,P1796,Mouse,Electronics,South,Kerala,3,626.17,0.1,1690.66,1383.47,307.19,Debit Card,2026,5,May,Q2,18.1698271680882
O02548,2025-10-09,C1008,Sneha Nair,P7087,Tablet,Electronics,North,Rajasthan,2,37629.28,0.0,75258.56,47886.78,27371.78,Credit Card,2025,10,October,Q4,36.37032119668513
O02549,2025-01-02,C0125,Ravi Das,P7780,Vacuum Cleaner,Home & Kitchen,West,Madhya Pradesh,3,8822.47,0.15,22497.3,17571.31,4925.99,Cash,2025,1,January,Q1,21.895916398856752
O02550,2025-05-29,C0525,Sneha Reddy,P2376,Dining Table,Furniture,South,Tamil Nadu,7,14893.47,0.1,93828.86,69145.68,24683.18,Credit Card,2025,5,May,Q2,26.306596925508845
O02551,2025-04-12,C0770,Vijay Kumar,P6266,Bookshelf,Furniture,South,Andhra Pradesh,7,11972.83,0.0,83809.81,62655.59,21154.22,Net Banking,2025,4,April,Q2,25.240744490412283
O02552,2026-03-20,C0425,Ananya Rao,P7050,Makeup Kit,Beauty,East,Jharkhand,1,2070.38,0.0,2070.38,1492.25,578.13,Cash,2026,3,March,Q1,27.923859388131646
O02553,2025-03-05,C0470,Sneha Kumar,P1600,Office Chair,Furniture,South,Telangana,4,9560.1,0.05,36328.38,21825.69,14502.69,Net Banking,2025,3,March,Q1,39.92110300541891
O02554,2025-09-27,C0844,Sneha Verma,P7050,Makeup Kit,Beauty,South,Andhra Pradesh,1,3323.73,0.1,2991.36,2063.41,927.95,Net Banking,2025,9,September,Q3,31.021007167308518
O02555,2025-09-03,C0761,Divya Singh,P1077,Skin Care Set,Beauty,South,Kerala,1,5484.86,0.0,5484.86,3616.5,1868.36,Cash,2025,9,September,Q3,34.06395058397115
O02556,2025-04-14,C0372,Arun Singh,P2376,Dining Table,Furniture,East,Jharkhand,4,18098.79,0.15,61535.89,45896.93,15638.96,Cash,2025,4,April,Q2,25.414372003070078
O02557,2025-04-16,C0612,Arun Das,P8699,Coffee Maker,Home & Kitchen,West,Madhya Pradesh,4,4579.31,0.15,15569.65,12195.7,3373.95,Debit Card,2025,4,April,Q2,21.670043963737143
O02558,2026-06-09,C0368,Arun Nair,P3067,Cookware Set,Home & Kitchen,North,Punjab,7,4297.36,0.05,28577.44,16848.37,11729.07,Cash,2026,6,June,Q2,41.04310952975494
O02559,2026-03-06,C1103,Ananya Kumar,P9667,Mixer Grinder,Home & Kitchen,North,Delhi,5,3516.28,0.0,17581.4,11934.95,5646.45,Net Banking,2026,3,March,Q1,32.11604309099389
O02560,2026-03-14,C0694,Rahul Das,P0649,Sofa,Furniture,North,Uttar Pradesh,4,15934.83,0.05,60552.35,42427.97,18124.38,Cash,2026,3,March,Q1,29.931753268039973
O02561,2025-03-12,C0933,Ravi Das,P1796,Mouse,Electronics,North,Uttar Pradesh,2,1831.6,0.0,3663.2,2254.98,1408.22,Credit Card,2025,3,March,Q1,38.442345490281724
O02562,2025-02-22,C0413,Karthik Rao,P6993,Air Fryer,Home & Kitchen,West,Madhya Pradesh,3,9043.69,0.1,24417.96,19916.04,4501.92,Cash,2025,2,February,Q1,18.436921020429224
O02563,2026-04-17,C0655,Meena Das,P4870,Smartwatch,Electronics,North,Delhi,6,9305.74,0.05,53042.72,36637.52,16405.2,Debit Card,2026,4,April,Q2,30.92827818784557
O02564,2025-02-12,C1065,Ravi Sharma,P7780,Vacuum Cleaner,Home & Kitchen,South,Telangana,3,11062.19,0.1,29867.91,20665.59,9202.32,Credit Card,2025,2,February,Q1,30.810056679560105
O02565,2025-01-17,C0212,Sneha Singh,P9685,Laptop,Electronics,East,Jharkhand,3,57331.37,0.1,154794.7,121920.79,32873.91,Debit Card,2025,1,January,Q1,21.23710307911059
O02566,2026-04-13,C0175,Karthik Verma,P4636,Smartphone,Electronics,South,Kerala,6,53818.5,0.1,290619.9,170778.07,119841.83,Cash,2026,4,April,Q2,41.23662213083137
O02567,2026-04-09,C0238,Meena Singh,P3067,Cookware Set,Home & Kitchen,North,Uttar Pradesh,2,4387.3,0.1,7897.14,5587.19,2309.95,Credit Card,2026,4,April,Q2,29.2504628257825
O02568,2025-03-13,C0996,Priya Reddy,P5533,Shampoo,Beauty,East,Odisha,6,960.86,0.1,5188.64,3655.08,1533.56,Credit Card,2025,3,March,Q1,29.556107188010728
O02569,2025-03-10,C0941,Ravi Nair,P2376,Dining Table,Furniture,South,Telangana,6,24868.9,0.15,126831.39,99096.84,27734.55,Cash,2025,3,March,Q1,21.867260147507647
O02570,2026-01-03,C1005,Divya Nair,P3693,Keyboard,Electronics,South,Karnataka,1,3237.11,0.1,2913.4,2116.28,797.12,Cash,2026,1,January,Q1,27.360472300405025
O02571,2025-07-08,C0898,Meena Verma,P1077,Skin Care Set,Beauty,West,Goa,3,1325.83,0.15,3380.87,2608.91,771.96,UPI,2025,7,July,Q3,22.833176075980443
O02572,2025-06-26,C0881,Priya Reddy,P4636,Smartphone,Electronics,West,Maharashtra,2,20693.0,0.0,41386.0,27505.42,13880.58,Debit Card,2025,6,June,Q2,33.53931281109554
O02573,2025-03-04,C0014,Sneha Sharma,P1077,Skin Care Set,Beauty,West,Madhya Pradesh,6,2492.6,0.1,13460.04,10952.85,2507.19,Net Banking,2025,3,March,Q1,18.626913441564806
O02574,2025-09-20,C1092,Vijay Reddy,P4333,Desk,Furniture,West,Maharashtra,4,18724.85,0.0,74899.4,53416.47,21482.93,Credit Card,2025,9,September,Q3,28.68237929809852
O02575,2025-01-24,C0283,Meena Kumar,P7291,Jacket,Clothing,East,Jharkhand,7,2869.27,0.1,18076.4,11258.18,6818.22,Net Banking,2025,1,January,Q1,37.718904206589805
O02576,2025-12-06,C0201,Ravi Singh,P6266,Bookshelf,Furniture,North,Rajasthan,2,4243.33,0.1,7637.99,5548.39,2089.6,Net Banking,2025,12,December,Q4,27.35798292482708
O02577,2026-06-22,C1122,Vijay Kumar,P4636,Smartphone,Electronics,North,Delhi,7,51700.79,0.05,343810.25,228554.65,115255.6,Cash,2026,6,June,Q2,33.52302614596278
O02578,2025-01-30,C0350,Priya Sharma,P5533,Shampoo,Beauty,North,Punjab,1,392.09,0.1,352.88,235.82,117.06,Net Banking,2025,1,January,Q1,33.17274994332351
O02579,2025-10-23,C0079,Priya Reddy,P3727,Monitor,Electronics,North,Punjab,4,17276.75,0.0,69107.0,42024.03,27082.97,Credit Card,2025,10,October,Q4,39.18990840291143
O02580,2025-07-02,C0083,Ananya Verma,P5057,Headphones,Electronics,North,Haryana,5,2917.16,0.2,11668.64,8385.12,3283.52,UPI,2025,7,July,Q3,28.13969751402049
O02581,2026-01-05,C0504,Vijay Nair,P4636,Smartphone,Electronics,West,Madhya Pradesh,3,32597.43,0.1,88013.06,56744.24,31268.82,Cash,2026,1,January,Q1,35.52747739937686
O02582,2025-05-04,C0355,Divya Nair,P9685,Laptop,Electronics,South,Tamil Nadu,5,62028.62,0.05,294635.94,197903.41,96732.53,Net Banking,2025,5,May,Q2,32.831205181553884
O02583,2025-07-02,C0222,Divya Nair,P4333,Desk,Furniture,West,Gujarat,1,12138.35,0.1,10924.52,8036.95,2887.57,Credit Card,2025,7,July,Q3,26.432007996690015
O02584,2025-03-19,C0415,Divya Reddy,P8566,Dress,Clothing,East,Jharkhand,3,2537.2,0.1,6850.44,4235.9,2614.54,Debit Card,2025,3,March,Q1,38.166015613595626
O02585,2026-03-27,C0954,Karthik Reddy,P5533,Shampoo,Beauty,North,Delhi,7,596.27,0.15,3547.81,2824.31,723.5,Net Banking,2026,3,March,Q1,20.39286207547755
O02586,2025-06-15,C1056,Priya Das,P4636,Smartphone,Electronics,South,Kerala,4,45147.71,0.05,171561.3,126807.32,44753.98,Credit Card,2025,6,June,Q2,26.08629102250916
O02587,2025-10-12,C0205,Vijay Kumar,P1077,Skin Care Set,Beauty,South,Andhra Pradesh,3,3417.27,0.1,9226.63,5450.71,3775.92,Credit Card,2025,10,October,Q4,40.92415107140961
O02588,2025-06-18,C0207,Rahul Reddy,P4636,Smartphone,Electronics,East,West Bengal,4,51346.26,0.0,205385.04,148067.15,57317.89,Debit Card,2025,6,June,Q2,27.907529194920915
O02589,2025-07-21,C0577,Sneha Das,P2376,Dining Table,Furniture,East,Bihar,2,32118.77,0.0,64237.54,38459.53,25778.01,Cash,2025,7,July,Q3,40.12919859633479
O02590,2026-03-28,C0577,Arun Nair,P2376,Dining Table,Furniture,South,Telangana,7,33508.44,0.15,199375.22,162760.45,36614.77,UPI,2026,3,March,Q1,18.364754657073227
O02591,2026-04-17,C0408,Vijay Singh,P8566,Dress,Clothing,West,Goa,4,3095.44,0.05,11762.67,8847.52,2915.15,Credit Card,2026,4,April,Q2,24.783063709174876
O02592,2025-05-15,C0124,Priya Patel,P9667,Mixer Grinder,Home & Kitchen,South,Karnataka,7,7371.09,0.1,46437.87,31569.45,14868.42,Debit Card,2025,5,May,Q2,32.017876788922486
O02593,2025-06-25,C0764,Vijay Das,P6547,Shoes,Clothing,West,Maharashtra,7,2654.9,0.1,16725.87,12291.42,4434.45,Credit Card,2025,6,June,Q2,26.512522218575178
O02594,2025-06-04,C0556,Vijay Nair,P3067,Cookware Set,Home & Kitchen,North,Delhi,7,4180.95,0.05,27803.32,17939.82,9863.5,Debit Card,2025,6,June,Q2,35.475979127672524
O02595,2025-11-18,C0265,Ananya Das,P9685,Laptop,Electronics,North,Uttar Pradesh,1,69977.17,0.05,66478.31,53450.21,13028.1,Debit Card,2025,11,November,Q4,19.597519852715873
O02596,2025-07-06,C0598,Priya Kumar,P9667,Mixer Grinder,Home & Kitchen,West,Maharashtra,1,5650.57,0.05,5368.04,3782.73,1585.31,UPI,2025,7,July,Q3,29.532380533677095
O02597,2025-08-13,C0673,Sneha Das,P9007,Jeans,Clothing,South,Karnataka,5,2564.01,0.15,10897.04,6405.05,4491.99,Debit Card,2025,8,August,Q3,41.22211169271655
O02598,2026-04-20,C1080,Karthik Kumar,P9007,Jeans,Clothing,West,Gujarat,6,2954.2,0.05,16838.94,13232.63,3606.31,Net Banking,2026,4,April,Q2,21.416490586699638
O02599,2026-05-11,C0926,Divya Reddy,P9667,Mixer Grinder,Home & Kitchen,West,Goa,6,6708.59,0.1,36226.39,28546.0,7680.39,Debit Card,2026,5,May,Q2,21.201091248672586
O02600,2025-12-16,C0754,Ananya Nair,P3067,Cookware Set,Home & Kitchen,South,Tamil Nadu,5,2539.31,0.1,11426.9,7514.73,3912.17,Net Banking,2025,12,December,Q4,34.2364945873334
O02601,2026-06-18,C0366,Ravi Iyer,P4636,Smartphone,Electronics,West,Madhya Pradesh,2,22723.16,0.05,43174.0,25112.42,18061.58,Debit Card,2026,6,June,Q2,41.83439106869876
O02602,2026-03-22,C0091,Vijay Nair,P7087,Tablet,Electronics,West,Maharashtra,5,15605.81,0.15,66324.69,41668.33,24656.36,Cash,2026,3,March,Q1,37.17523594908623
O02603,2025-11-27,C0657,Ananya Kumar,P6266,Bookshelf,Furniture,North,Uttar Pradesh,4,4170.21,0.05,15846.8,11325.63,4521.17,Debit Card,2025,11,November,Q4,28.530491960522
O02604,2026-01-03,C0293,Arun Verma,P3067,Cookware Set,Home & Kitchen,North,Haryana,7,5108.62,0.0,35760.34,21952.93,13807.41,Net Banking,2026,1,January,Q1,38.610958396928
O02605,2025-07-03,C0592,Ravi Rao,P3727,Monitor,Electronics,East,Odisha,2,16261.05,0.05,30896.0,23308.26,7587.74,Debit Card,2025,7,July,Q3,24.558972035214914
O02606,2026-01-13,C0023,Karthik Kumar,P0649,Sofa,Furniture,West,Madhya Pradesh,4,44708.28,0.05,169891.46,120226.77,49664.69,UPI,2026,1,January,Q1,29.233188060188546
O02607,2026-04-26,C0511,Priya Das,P9007,Jeans,Clothing,East,Odisha,1,2998.42,0.0,2998.42,1774.2,1224.22,Net Banking,2026,4,April,Q2,40.8288365205675
O02608,2025-08-29,C0109,Sneha Verma,P0649,Sofa,Furniture,South,Karnataka,3,42627.38,0.05,121488.03,74834.92,46653.11,Cash,2025,8,August,Q3,38.40140464867197
O02609,2026-06-12,C0617,Vijay Singh,P4333,Desk,Furniture,South,Tamil Nadu,3,20214.57,0.1,54579.34,38164.78,16414.56,Debit Card,2026,6,June,Q2,30.074676608401646
O02610,2025-07-13,C1025,Karthik Rao,P6266,Bookshelf,Furniture,North,Uttar Pradesh,6,3306.05,0.0,19836.3,12928.55,6907.75,Debit Card,2025,7,July,Q3,34.82378266108095
O02611,2025-10-27,C0751,Vijay Singh,P3727,Monitor,Electronics,South,Tamil Nadu,3,17942.02,0.15,45752.15,28309.15,17443.0,Debit Card,2025,10,October,Q4,38.12498429035575
O02612,2026-03-24,C1042,Karthik Verma,P3693,Keyboard,Electronics,North,Haryana,4,2893.13,0.1,10415.27,7937.4,2477.87,Cash,2026,3,March,Q1,23.790741862668945
O02613,2026-02-07,C0070,Sneha Kumar,P6266,Bookshelf,Furniture,West,Maharashtra,7,10252.62,0.1,64591.51,42491.94,22099.57,Cash,2026,2,February,Q1,34.2143572738894
O02614,2025-12-01,C0478,Sneha Nair,P9685,Laptop,Electronics,West,Maharashtra,2,79825.01,0.05,151667.52,120335.14,31332.38,Credit Card,2025,12,December,Q4,20.658595854933214
O02615,2026-06-30,C0099,Vijay Patel,P8566,Dress,Clothing,South,Tamil Nadu,4,4342.35,0.05,16500.93,10602.01,5898.92,UPI,2026,6,June,Q2,35.749015358528275
O02616,2025-05-28,C0872,Sneha Verma,P6266,Bookshelf,Furniture,East,Bihar,6,5908.85,0.05,33680.45,25138.19,8542.26,Cash,2025,5,May,Q2,25.362665878870388
O02617,2025-08-19,C0980,Arun Nair,P6266,Bookshelf,Furniture,North,Uttar Pradesh,2,11315.56,0.0,22631.12,15620.83,7010.29,Cash,2025,8,August,Q3,30.97632817112012
O02618,2026-03-23,C1034,Rahul Sharma,P7087,Tablet,Electronics,North,Haryana,6,21068.35,0.1,113769.09,75750.05,38019.04,Credit Card,2026,3,March,Q1,33.41772356621645
O02619,2025-06-02,C1183,Sneha Das,P8566,Dress,Clothing,South,Tamil Nadu,1,3418.7,0.0,3418.7,2031.91,1386.79,Debit Card,2025,6,June,Q2,40.564834586246235
O02620,2026-02-28,C0486,Vijay Iyer,P7087,Tablet,Electronics,North,Rajasthan,5,26256.73,0.15,111591.1,70823.42,40767.68,Net Banking,2026,2,February,Q1,36.533092692876046
O02621,2025-11-13,C1104,Sneha Reddy,P7780,Vacuum Cleaner,Home & Kitchen,East,West Bengal,1,15405.2,0.0,15405.2,10237.48,5167.72,Cash,2025,11,November,Q4,33.545296393425595
O02622,2026-06-15,C0642,Karthik Kumar,P7087,Tablet,Electronics,North,Rajasthan,2,23777.88,0.0,47555.76,31667.96,15887.8,Credit Card,2026,6,June,Q2,33.40878160710711
O02623,2026-02-04,C0518,Arun Nair,P5057,Headphones,Electronics,North,Delhi,2,3456.34,0.0,6912.68,4691.58,2221.1,Cash,2026,2,February,Q1,32.13080889032907
O02624,2025-11-25,C0084,Vijay Singh,P9667,Mixer Grinder,Home & Kitchen,South,Tamil Nadu,1,8720.49,0.1,7848.44,4851.12,2997.32,Net Banking,2025,11,November,Q4,38.19000973441856
O02625,2026-01-23,C1032,Priya Das,P3727,Monitor,Electronics,South,Andhra Pradesh,2,21943.97,0.05,41693.54,24638.97,17054.57,UPI,2026,1,January,Q1,40.904586178098576
O02626,2025-08-22,C0051,Rahul Verma,P1101,T-Shirt,Clothing,East,Odisha,3,1374.05,0.0,4122.15,3084.75,1037.4,UPI,2025,8,August,Q3,25.166478657981884
O02627,2025-05-09,C0296,Karthik Iyer,P4636,Smartphone,Electronics,South,Andhra Pradesh,1,32019.76,0.05,30418.77,23394.55,7024.22,Debit Card,2025,5,May,Q2,23.09172921850555
O02628,2026-01-03,C0438,Karthik Sharma,P2376,Dining Table,Furniture,North,Uttar Pradesh,1,22173.39,0.1,19956.05,13194.77,6761.28,Debit Card,2026,1,January,Q1,33.88085317485174
O02629,2025-06-07,C0015,Ravi Singh,P7087,Tablet,Electronics,South,Telangana,7,27600.38,0.0,193202.66,140887.25,52315.41,Cash,2025,6,June,Q2,27.07799675221863
O02630,2025-01-16,C0092,Meena Singh,P0790,Face Cream,Beauty,South,Telangana,5,809.8,0.05,3846.55,2562.61,1283.94,Cash,2025,1,January,Q1,33.37900196279783
O02631,2025-10-16,C0184,Divya Reddy,P5533,Shampoo,Beauty,East,Bihar,5,565.65,0.1,2545.43,1493.61,1051.82,Credit Card,2025,10,October,Q4,41.321898461163734
O02632,2025-06-16,C0090,Priya Iyer,P1796,Mouse,Electronics,North,Rajasthan,3,2014.24,0.15,5136.31,3792.87,1343.44,Debit Card,2025,6,June,Q2,26.155742157307483
O02633,2025-04-06,C0149,Priya Singh,P4636,Smartphone,Electronics,East,Bihar,3,28589.26,0.1,77191.0,52962.39,24228.61,Cash,2025,4,April,Q2,31.387869052091567
O02634,2025-02-05,C0450,Meena Singh,P2376,Dining Table,Furniture,West,Madhya Pradesh,4,11144.28,0.0,44577.12,32930.11,11647.01,Debit Card,2025,2,February,Q1,26.127775863492303
O02635,2025-01-26,C0425,Meena Das,P6547,Shoes,Clothing,North,Punjab,2,1238.29,0.15,2105.09,1481.79,623.3,Debit Card,2025,1,January,Q1,29.609185355495487
O02636,2026-01-04,C1104,Karthik Patel,P7087,Tablet,Electronics,North,Uttar Pradesh,5,14720.47,0.1,66242.11,52710.82,13531.29,Net Banking,2026,1,January,Q1,20.42702142187198
O02637,2025-09-21,C0450,Ravi Reddy,P5533,Shampoo,Beauty,South,Andhra Pradesh,7,282.35,0.15,1679.98,1315.34,364.64,Cash,2025,9,September,Q3,21.70502029786069
O02638,2025-11-22,C0882,Vijay Nair,P5057,Headphones,Electronics,North,Delhi,7,8873.81,0.1,55905.0,41205.62,14699.38,Debit Card,2025,11,November,Q4,26.293497898220192
O02639,2025-11-08,C1052,Ananya Rao,P3067,Cookware Set,Home & Kitchen,South,Karnataka,3,7442.92,0.05,21212.32,13209.78,8002.54,Cash,2025,11,November,Q4,37.725906454362374
O02640,2026-05-19,C0062,Ananya Sharma,P9007,Jeans,Clothing,South,Tamil Nadu,3,1808.0,0.0,5424.0,4114.2,1309.8,Credit Card,2026,5,May,Q2,24.148230088495573
O02641,2026-03-03,C0787,Sneha Sharma,P1796,Mouse,Electronics,East,Bihar,5,1010.0,0.1,4545.0,3222.94,1322.06,Cash,2026,3,March,Q1,29.08822882288229
O02642,2026-06-08,C0872,Vijay Patel,P1796,Mouse,Electronics,South,Andhra Pradesh,3,1778.15,0.1,4801.01,3503.38,1297.63,Credit Card,2026,6,June,Q2,27.028271134615427
O02643,2025-11-24,C0395,Sneha Singh,P4333,Desk,Furniture,West,Goa,2,14442.96,0.0,28885.92,22099.65,6786.27,Cash,2025,11,November,Q4,23.493349008790446
O02644,2025-05-09,C0912,Rahul Sharma,P8566,Dress,Clothing,South,Telangana,7,2560.9,0.1,16133.67,10744.37,5389.3,Credit Card,2025,5,May,Q2,33.40405499802587
O02645,2025-12-19,C0924,Divya Sharma,P4636,Smartphone,Electronics,South,Andhra Pradesh,4,24988.54,0.0,99954.16,76992.14,22962.02,Net Banking,2025,12,December,Q4,22.972550617202923
O02646,2025-07-22,C0386,Ananya Reddy,P7291,Jacket,Clothing,North,Haryana,2,3082.0,0.0,6164.0,4384.52,1779.48,Net Banking,2025,7,July,Q3,28.868916288124595
O02647,2026-01-01,C0632,Arun Patel,P9685,Laptop,Electronics,West,Maharashtra,6,80359.49,0.1,433941.25,312048.28,121892.97,Cash,2026,1,January,Q1,28.089740258617958
O02648,2026-01-29,C0090,Karthik Reddy,P6266,Bookshelf,Furniture,West,Gujarat,1,7069.44,0.1,6362.5,4430.88,1931.62,UPI,2026,1,January,Q1,30.35944990176817
O02649,2026-03-20,C1060,Ravi Patel,P4870,Smartwatch,Electronics,West,Maharashtra,7,10447.54,0.05,69476.14,54506.78,14969.36,Debit Card,2026,3,March,Q1,21.54604444058061
O02650,2026-06-13,C1061,Sneha Singh,P2376,Dining Table,Furniture,South,Tamil Nadu,5,34468.05,0.1,155106.22,124888.25,30217.97,Net Banking,2026,6,June,Q2,19.482113612207172
O02651,2026-04-17,C0122,Ananya Patel,P6266,Bookshelf,Furniture,South,Tamil Nadu,5,9724.34,0.05,46190.62,34580.83,11609.79,Debit Card,2026,4,April,Q2,25.1345186533543
O02652,2026-05-16,C0425,Vijay Das,P1600,Office Chair,Furniture,West,Madhya Pradesh,6,11397.21,0.0,68383.26,53078.16,15305.1,Credit Card,2026,5,May,Q2,22.381354735062356
O02653,2025-03-09,C0725,Priya Kumar,P3727,Monitor,Electronics,North,Haryana,1,26374.66,0.0,26374.66,19592.13,6782.53,Cash,2025,3,March,Q1,25.71608506043301
O02654,2025-05-15,C0403,Ananya Iyer,P6993,Air Fryer,Home & Kitchen,North,Delhi,7,7284.0,0.1,45889.2,37501.52,8387.68,Net Banking,2025,5,May,Q2,18.278113368722927
O02655,2026-04-26,C0644,Rahul Reddy,P7050,Makeup Kit,Beauty,North,Rajasthan,4,2006.95,0.0,8027.8,6155.71,1872.09,Cash,2026,4,April,Q2,23.320087695258973
O02656,2025-01-20,C1042,Ananya Nair,P3727,Monitor,Electronics,North,Delhi,1,12355.16,0.05,11737.4,6829.28,4908.12,Cash,2025,1,January,Q1,41.81607511033108
O02657,2025-01-26,C0736,Meena Patel,P8566,Dress,Clothing,South,Tamil Nadu,6,4050.16,0.1,21870.86,15150.99,6719.87,Credit Card,2025,1,January,Q1,30.7252206817656
O02658,2026-06-02,C0648,Priya Reddy,P2376,Dining Table,Furniture,West,Gujarat,2,22463.57,0.1,40434.43,26759.73,13674.7,Debit Card,2026,6,June,Q2,33.8194454577448
O02659,2025-10-26,C0117,Sneha Das,P0649,Sofa,Furniture,West,Madhya Pradesh,5,43795.9,0.0,218979.5,157080.68,61898.82,Net Banking,2025,10,October,Q4,28.266947362652665
O02660,2025-06-28,C0290,Ravi Iyer,P1077,Skin Care Set,Beauty,North,Haryana,7,3531.35,0.2,19775.56,12811.34,6964.22,Credit Card,2025,6,June,Q2,35.21629728816782
O02661,2025-10-23,C0715,Karthik Das,P1796,Mouse,Electronics,East,Jharkhand,5,1070.2,0.05,5083.45,4102.71,980.74,Cash,2025,10,October,Q4,19.292803115994058
O02662,2025-09-20,C1114,Ananya Rao,P8566,Dress,Clothing,South,Andhra Pradesh,5,1701.4,0.1,7656.3,5319.33,2336.97,Debit Card,2025,9,September,Q3,30.523490458837816
O02663,2026-04-02,C0438,Sneha Iyer,P6993,Air Fryer,Home & Kitchen,North,Punjab,6,11324.45,0.05,64549.37,49519.64,15029.73,UPI,2026,4,April,Q2,23.284084724606917
O02664,2026-01-05,C0222,Ravi Nair,P3693,Keyboard,Electronics,West,Goa,1,1669.19,0.0,1669.19,1226.64,442.55,Debit Card,2026,1,January,Q1,26.512859530670564
O02665,2025-02-23,C0349,Ravi Rao,P9007,Jeans,Clothing,West,Goa,5,3276.44,0.1,14743.98,10937.65,3806.33,UPI,2025,2,February,Q1,25.8161636138953
O02666,2025-04-12,C0194,Arun Singh,P7087,Tablet,Electronics,East,Odisha,6,34113.09,0.0,204678.54,128904.53,75774.01,UPI,2025,4,April,Q2,37.0209842223811
O02667,2025-04-04,C0229,Arun Singh,P6266,Bookshelf,Furniture,South,Tamil Nadu,1,9230.89,0.1,8307.8,6266.23,2041.57,Net Banking,2025,4,April,Q2,24.574135150099906
O02668,2025-06-07,C0012,Rahul Verma,P7780,Vacuum Cleaner,Home & Kitchen,North,Rajasthan,7,12364.15,0.0,86549.05,55096.48,31452.57,Debit Card,2025,6,June,Q2,36.34074550789408
O02669,2025-08-14,C0203,Sneha Patel,P4636,Smartphone,Electronics,North,Uttar Pradesh,1,24311.06,0.1,21879.95,16086.19,5793.76,Cash,2025,8,August,Q3,26.479768006782468
O02670,2026-01-27,C0220,Sneha Patel,P6547,Shoes,Clothing,North,Delhi,2,5297.23,0.15,9005.29,6063.56,2941.73,Credit Card,2026,1,January,Q1,32.66668813552923
O02671,2026-06-23,C0581,Rahul Verma,P4870,Smartwatch,Electronics,South,Andhra Pradesh,1,8676.64,0.2,6941.31,4405.04,2536.27,Net Banking,2026,6,June,Q2,36.5387801438057
O02672,2026-01-06,C1049,Vijay Reddy,P6993,Air Fryer,Home & Kitchen,North,Rajasthan,7,9537.71,0.1,60087.57,37532.06,22555.51,Net Banking,2026,1,January,Q1,37.537730349221974
O02673,2025-02-11,C0021,Arun Reddy,P4870,Smartwatch,Electronics,North,Uttar Pradesh,4,14293.55,0.1,51456.78,32562.96,18893.82,UPI,2025,2,February,Q1,36.717843596120865
O02674,2026-01-18,C0453,Ravi Reddy,P6993,Air Fryer,Home & Kitchen,North,Punjab,3,10648.98,0.1,28752.25,19870.27,8881.98,Cash,2026,1,January,Q1,30.89142588840873
O02675,2026-03-22,C0691,Ananya Rao,P7087,Tablet,Electronics,North,Haryana,2,17998.94,0.1,32398.09,24532.85,7865.24,Credit Card,2026,3,March,Q1,24.276863234838846
O02676,2025-04-18,C0131,Vijay Patel,P5533,Shampoo,Beauty,North,Delhi,1,1079.15,0.1,971.24,568.96,402.28,Debit Card,2025,4,April,Q2,41.41921667147152
O02677,2025-07-09,C0236,Sneha Kumar,P6266,Bookshelf,Furniture,West,Goa,2,4017.27,0.1,7231.09,5631.87,1599.22,UPI,2025,7,July,Q3,22.115891241845972
O02678,2025-02-11,C0513,Divya Rao,P1101,T-Shirt,Clothing,South,Telangana,6,917.62,0.05,5230.43,4212.45,1017.98,Cash,2025,2,February,Q1,19.46264456268414
O02679,2025-06-12,C1077,Ravi Reddy,P6547,Shoes,Clothing,East,West Bengal,6,2695.66,0.1,14556.56,8912.61,5643.95,Cash,2025,6,June,Q2,38.772553405474916
O02680,2025-04-02,C0337,Vijay Reddy,P1796,Mouse,Electronics,South,Kerala,4,1083.87,0.05,4118.71,2777.64,1341.07,UPI,2025,4,April,Q2,32.56043761274768
O02681,2025-04-25,C0729,Priya Singh,P0899,Perfume,Beauty,West,Madhya Pradesh,5,1245.23,0.05,5914.84,3999.62,1915.22,Net Banking,2025,4,April,Q2,32.37991222078704
O02682,2025-06-15,C0598,Arun Iyer,P0649,Sofa,Furniture,West,Goa,4,43989.67,0.0,175958.68,108203.05,67755.63,UPI,2025,6,June,Q2,38.50655733493796
O02683,2025-04-07,C0631,Divya Iyer,P5533,Shampoo,Beauty,West,Gujarat,6,605.88,0.2,2908.22,1785.68,1122.54,Credit Card,2025,4,April,Q2,38.59886803611832
O02684,2025-09-26,C0406,Ravi Nair,P9685,Laptop,Electronics,East,Bihar,4,72820.5,0.1,262153.8,197367.13,64786.67,Debit Card,2025,9,September,Q3,24.713229409606114
O02685,2025-06-17,C0874,Sneha Rao,P9685,Laptop,Electronics,South,Andhra Pradesh,3,57666.02,0.1,155698.25,93692.29,62005.96,Debit Card,2025,6,June,Q2,39.82444247125449
O02686,2025-08-02,C0009,Vijay Verma,P3727,Monitor,Electronics,South,Andhra Pradesh,7,21941.35,0.05,145909.98,100708.15,45201.83,UPI,2025,8,August,Q3,30.979258581215625
O02687,2025-02-03,C0513,Priya Patel,P7291,Jacket,Clothing,South,Telangana,6,5816.26,0.0,34897.56,21756.27,13141.29,Net Banking,2025,2,February,Q1,37.65675881064465
O02688,2025-05-21,C0743,Ravi Reddy,P7291,Jacket,Clothing,West,Gujarat,2,4528.65,0.0,9057.3,6078.37,2978.93,Net Banking,2025,5,May,Q2,32.88982367813807
O02689,2025-08-22,C0536,Rahul Rao,P9685,Laptop,Electronics,West,Goa,3,84984.88,0.05,242206.91,151357.89,90849.02,Debit Card,2025,8,August,Q3,37.50884729093815
O02690,2025-12-13,C0080,Rahul Nair,P7087,Tablet,Electronics,South,Telangana,5,20550.4,0.1,92476.8,59215.58,33261.22,Cash,2025,12,December,Q4,35.967096612339525
O02691,2026-06-14,C0569,Ravi Verma,P9667,Mixer Grinder,Home & Kitchen,North,Rajasthan,3,4397.23,0.05,12532.11,9744.35,2787.76,Net Banking,2026,6,June,Q2,22.244937205307007
O02692,2025-01-04,C0031,Arun Das,P7291,Jacket,Clothing,North,Punjab,5,6740.33,0.1,30331.48,19971.74,10359.74,Cash,2025,1,January,Q1,34.15507584859031
O02693,2026-05-16,C0333,Ananya Kumar,P5533,Shampoo,Beauty,North,Haryana,6,866.59,0.0,5199.54,3696.58,1502.96,Net Banking,2026,5,May,Q2,28.905633959927222
O02694,2025-11-11,C1147,Vijay Kumar,P3067,Cookware Set,Home & Kitchen,West,Maharashtra,1,2632.74,0.0,2632.74,1686.52,946.22,Credit Card,2025,11,November,Q4,35.94050305005432
O02695,2026-02-26,C0345,Ravi Iyer,P1796,Mouse,Electronics,West,Maharashtra,1,2156.98,0.05,2049.13,1442.73,606.4,UPI,2026,2,February,Q1,29.593046805229534
O02696,2025-11-06,C0647,Ananya Sharma,P7087,Tablet,Electronics,West,Madhya Pradesh,1,21336.44,0.0,21336.44,13259.53,8076.91,Debit Card,2025,11,November,Q4,37.855002990189554
O02697,2025-11-25,C0024,Karthik Patel,P3727,Monitor,Electronics,North,Haryana,4,12425.06,0.1,44730.22,32191.78,12538.44,Net Banking,2025,11,November,Q4,28.031250461097667
O02698,2026-03-23,C0177,Rahul Sharma,P1600,Office Chair,Furniture,North,Punjab,7,4271.01,0.1,26907.36,20785.02,6122.34,Net Banking,2026,3,March,Q1,22.753402786449506
O02699,2025-02-04,C0416,Ananya Patel,P3693,Keyboard,Electronics,West,Madhya Pradesh,7,2473.48,0.0,17314.36,12473.79,4840.57,Cash,2025,2,February,Q1,27.95696751136051
O02700,2025-04-16,C0313,Vijay Das,P1600,Office Chair,Furniture,South,Andhra Pradesh,6,10039.87,0.0,60239.22,44964.93,15274.29,Net Banking,2025,4,April,Q2,25.356055407091926
O02701,2025-10-19,C0847,Priya Patel,P7050,Makeup Kit,Beauty,West,Madhya Pradesh,4,4453.38,0.15,15141.49,10769.45,4372.04,Cash,2025,10,October,Q4,28.874569147422086
O02702,2025-03-26,C0184,Meena Das,P0899,Perfume,Beauty,South,Andhra Pradesh,3,916.02,0.1,2473.25,1574.48,898.77,Credit Card,2025,3,March,Q1,36.339634084706354
O02703,2025-02-15,C1061,Ananya Kumar,P7050,Makeup Kit,Beauty,South,Kerala,1,2561.79,0.0,2561.79,1712.71,849.08,Debit Card,2025,2,February,Q1,33.14401258495037
O02704,2025-08-09,C0388,Sneha Nair,P0649,Sofa,Furniture,South,Telangana,3,42288.48,0.05,120522.17,85709.0,34813.17,Net Banking,2025,8,August,Q3,28.885283097707248
O02705,2025-01-21,C0661,Ravi Rao,P6547,Shoes,Clothing,East,Jharkhand,2,1438.34,0.15,2445.18,1460.61,984.57,Net Banking,2025,1,January,Q1,40.26574730694673
O02706,2025-05-13,C0866,Vijay Rao,P1600,Office Chair,Furniture,North,Delhi,1,14918.86,0.15,12681.03,9640.26,3040.77,Cash,2025,5,May,Q2,23.97888815025278
O02707,2025-05-12,C0377,Ananya Sharma,P7087,Tablet,Electronics,East,West Bengal,6,19128.5,0.05,109032.45,69530.6,39501.85,Net Banking,2025,5,May,Q2,36.229443619766414
O02708,2025-06-29,C0099,Ravi Das,P4870,Smartwatch,Electronics,North,Punjab,7,7289.87,0.15,43374.73,34956.64,8418.09,Net Banking,2025,6,June,Q2,19.407821097675996
O02709,2026-03-10,C0918,Ravi Singh,P6547,Shoes,Clothing,South,Andhra Pradesh,3,5025.09,0.0,15075.27,9158.15,5917.12,Net Banking,2026,3,March,Q1,39.25050761943235
O02710,2025-09-20,C0354,Ananya Rao,P1796,Mouse,Electronics,West,Madhya Pradesh,3,2440.39,0.2,5856.94,4634.69,1222.25,Net Banking,2025,9,September,Q3,20.86840568624572
O02711,2025-03-03,C0078,Meena Kumar,P8566,Dress,Clothing,East,West Bengal,5,3530.75,0.05,16771.06,9968.01,6803.05,Cash,2025,3,March,Q1,40.56422193946
O02712,2026-02-23,C0306,Sneha Nair,P1796,Mouse,Electronics,West,Gujarat,1,501.89,0.0,501.89,303.2,198.69,Cash,2026,2,February,Q1,39.588356014266076
O02713,2025-12-13,C0873,Rahul Singh,P2376,Dining Table,Furniture,South,Tamil Nadu,7,16741.94,0.15,99614.54,74697.9,24916.64,UPI,2025,12,December,Q4,25.01305532304822
O02714,2026-01-13,C1145,Vijay Das,P5533,Shampoo,Beauty,North,Punjab,4,868.52,0.05,3300.38,1929.82,1370.56,Cash,2026,1,January,Q1,41.52733927608336
O02715,2025-03-12,C0778,Rahul Patel,P7050,Makeup Kit,Beauty,West,Maharashtra,5,1727.13,0.0,8635.65,6333.58,2302.07,Cash,2025,3,March,Q1,26.657750140406343
O02716,2025-09-19,C1067,Rahul Verma,P8566,Dress,Clothing,South,Kerala,7,1946.13,0.15,11579.47,6905.8,4673.67,Cash,2025,9,September,Q3,40.36169185636303
O02717,2025-04-24,C0162,Ravi Nair,P6993,Air Fryer,Home & Kitchen,North,Punjab,4,6423.18,0.15,21838.81,15314.55,6524.26,Debit Card,2025,4,April,Q2,29.874613131393147
O02718,2025-06-08,C0204,Ravi Reddy,P2376,Dining Table,Furniture,East,West Bengal,7,30581.61,0.05,203367.71,121670.16,81697.55,Net Banking,2025,6,June,Q2,40.1723311925969
O02719,2026-01-04,C0901,Karthik Iyer,P6993,Air Fryer,Home & Kitchen,North,Delhi,5,10685.36,0.05,50755.46,39520.21,11235.25,UPI,2026,1,January,Q1,22.13604211251361
O02720,2026-03-13,C0099,Ravi Kumar,P7087,Tablet,Electronics,East,Bihar,3,35239.98,0.0,105719.94,66907.47,38812.47,Cash,2026,3,March,Q1,36.712535024140195
O02721,2025-12-25,C0980,Sneha Verma,P0649,Sofa,Furniture,South,Kerala,2,42471.44,0.0,84942.88,61883.79,23059.09,Credit Card,2025,12,December,Q4,27.14658368070402
O02722,2026-05-09,C0526,Divya Kumar,P1101,T-Shirt,Clothing,East,Odisha,6,1705.27,0.1,9208.46,5356.62,3851.84,UPI,2026,5,May,Q2,41.82936126127496
O02723,2025-04-17,C0514,Sneha Das,P8699,Coffee Maker,Home & Kitchen,East,Jharkhand,1,5217.76,0.05,4956.87,3174.77,1782.1,UPI,2025,4,April,Q2,35.9521230131111
O02724,2025-10-05,C0945,Divya Das,P7087,Tablet,Electronics,North,Haryana,4,13429.06,0.1,48344.62,31711.79,16632.83,Credit Card,2025,10,October,Q4,34.40471762938668
O02725,2025-10-09,C0814,Vijay Rao,P2376,Dining Table,Furniture,West,Madhya Pradesh,2,18929.96,0.0,37859.92,29423.25,8436.67,Net Banking,2025,10,October,Q4,22.28390868232157
O02726,2025-10-10,C0086,Divya Singh,P9685,Laptop,Electronics,South,Andhra Pradesh,5,77938.79,0.1,350724.56,272231.41,78493.15,Credit Card,2025,10,October,Q4,22.380283262740424
O02727,2026-01-04,C0761,Arun Sharma,P0790,Face Cream,Beauty,East,West Bengal,1,641.23,0.2,512.98,357.98,155.0,UPI,2026,1,January,Q1,30.215602947483333
O02728,2025-05-18,C0741,Ananya Sharma,P7050,Makeup Kit,Beauty,South,Tamil Nadu,3,4203.95,0.1,11350.66,9027.3,2323.36,Net Banking,2025,5,May,Q2,20.46894189412774
O02729,2026-02-23,C1182,Divya Nair,P1101,T-Shirt,Clothing,West,Goa,2,1120.69,0.15,1905.17,1479.43,425.74,Credit Card,2026,2,February,Q1,22.346562249038143
O02730,2025-11-21,C1057,Ananya Kumar,P1796,Mouse,Electronics,South,Karnataka,1,1535.87,0.1,1382.28,811.91,570.37,UPI,2025,11,November,Q4,41.26298579159071
O02731,2025-12-14,C0032,Arun Patel,P3727,Monitor,Electronics,West,Madhya Pradesh,1,11253.11,0.1,10127.8,7872.81,2254.99,Credit Card,2025,12,December,Q4,22.26534884180177
O02732,2025-08-06,C0917,Rahul Das,P8699,Coffee Maker,Home & Kitchen,North,Haryana,1,9807.86,0.15,8336.68,6821.43,1515.25,Debit Card,2025,8,August,Q3,18.17570063862353
O02733,2025-06-20,C0832,Rahul Verma,P0899,Perfume,Beauty,West,Gujarat,4,1621.69,0.2,5189.41,3845.54,1343.87,Debit Card,2025,6,June,Q2,25.89639284620024
O02734,2025-02-26,C0538,Meena Das,P6266,Bookshelf,Furniture,North,Punjab,3,5311.47,0.05,15137.69,10667.54,4470.15,Credit Card,2025,2,February,Q1,29.529934884384602
O02735,2025-10-16,C0974,Karthik Nair,P3067,Cookware Set,Home & Kitchen,East,Bihar,2,3200.67,0.0,6401.34,4303.43,2097.91,UPI,2025,10,October,Q4,32.77298190691324
O02736,2025-08-18,C1078,Vijay Reddy,P8566,Dress,Clothing,South,Kerala,7,2082.08,0.0,14574.56,11944.96,2629.6,Debit Card,2025,8,August,Q3,18.042397163276284
O02737,2025-01-16,C1181,Ravi Singh,P3727,Monitor,Electronics,West,Goa,6,18411.34,0.1,99421.24,67765.92,31655.32,Credit Card,2025,1,January,Q1,31.83959483909072
O02738,2026-03-05,C1108,Ananya Nair,P6993,Air Fryer,Home & Kitchen,North,Uttar Pradesh,5,6330.82,0.2,25323.28,19379.24,5944.04,Credit Card,2026,3,March,Q1,23.472630717663748
O02739,2025-08-15,C0811,Vijay Sharma,P1796,Mouse,Electronics,South,Andhra Pradesh,4,2541.27,0.0,10165.08,6046.63,4118.45,Credit Card,2025,8,August,Q3,40.5156673631688
O02740,2025-11-01,C0291,Ravi Das,P5057,Headphones,Electronics,South,Karnataka,4,1221.19,0.0,4884.76,3375.61,1509.15,Cash,2025,11,November,Q4,30.89506956329482
O02741,2025-11-02,C0471,Sneha Patel,P4333,Desk,Furniture,North,Punjab,5,10383.13,0.1,46724.08,37896.35,8827.73,Credit Card,2025,11,November,Q4,18.893320103895032
O02742,2025-03-11,C0378,Vijay Sharma,P0649,Sofa,Furniture,West,Madhya Pradesh,5,26738.69,0.1,120324.1,98035.73,22288.37,Cash,2025,3,March,Q1,18.523612476636018
O02743,2025-09-07,C1004,Arun Reddy,P0899,Perfume,Beauty,East,Odisha,6,730.41,0.05,4163.34,3151.6,1011.74,Credit Card,2025,9,September,Q3,24.301162047778945
O02744,2025-03-29,C0704,Priya Das,P9685,Laptop,Electronics,North,Punjab,6,61029.27,0.1,329558.06,232215.83,97342.23,Cash,2025,3,March,Q1,29.537202033535454
O02745,2025-09-08,C0200,Priya Patel,P3693,Keyboard,Electronics,North,Delhi,2,2996.79,0.1,5394.22,3250.43,2143.79,Debit Card,2025,9,September,Q3,39.742353852827655
O02746,2025-08-11,C0265,Vijay Iyer,P1796,Mouse,Electronics,North,Punjab,4,2362.24,0.1,8504.06,6588.49,1915.57,Cash,2025,8,August,Q3,22.525358475833894
O02747,2025-01-09,C1186,Divya Singh,P8699,Coffee Maker,Home & Kitchen,North,Rajasthan,5,6856.24,0.15,29139.02,19086.71,10052.31,Credit Card,2025,1,January,Q1,34.49776279366979
O02748,2026-05-10,C0423,Ananya Nair,P0649,Sofa,Furniture,South,Karnataka,5,36202.94,0.15,153862.5,113794.81,40067.69,Cash,2026,5,May,Q2,26.04123161914047
O02749,2025-07-29,C0835,Vijay Kumar,P8699,Coffee Maker,Home & Kitchen,South,Karnataka,7,6399.37,0.2,35836.47,27545.11,8291.36,Credit Card,2025,7,July,Q3,23.13665380546689
O02750,2026-01-05,C0018,Priya Nair,P9685,Laptop,Electronics,South,Tamil Nadu,5,76004.61,0.1,342020.74,207988.78,134031.96,Net Banking,2026,1,January,Q1,39.18825507482382
O02751,2026-01-06,C0273,Ananya Reddy,P0790,Face Cream,Beauty,South,Tamil Nadu,4,1510.05,0.1,5436.18,3387.16,2049.02,Credit Card,2026,1,January,Q1,37.69227656185041
O02752,2025-09-15,C0503,Meena Verma,P1600,Office Chair,Furniture,North,Punjab,4,15633.72,0.05,59408.14,37114.76,22293.38,Debit Card,2025,9,September,Q3,37.525800336452214
O02753,2025-02-27,C0601,Arun Reddy,P9667,Mixer Grinder,Home & Kitchen,East,Odisha,7,2600.39,0.15,15472.32,11486.3,3986.02,Cash,2025,2,February,Q1,25.76226448263738
O02754,2026-05-03,C1094,Meena Rao,P4870,Smartwatch,Electronics,South,Telangana,1,14178.15,0.0,14178.15,11123.25,3054.9,Debit Card,2026,5,May,Q2,21.546534632515527
O02755,2026-04-07,C0201,Vijay Singh,P9007,Jeans,Clothing,West,Madhya Pradesh,6,1909.53,0.0,11457.18,8084.53,3372.65,Cash,2026,4,April,Q2,29.436999331423614
O02756,2025-08-10,C0394,Arun Sharma,P7780,Vacuum Cleaner,Home & Kitchen,South,Karnataka,2,12030.15,0.15,20451.25,11954.94,8496.31,UPI,2025,8,August,Q3,41.54420878919381
O02757,2025-08-02,C0973,Sneha Verma,P0790,Face Cream,Beauty,South,Karnataka,4,579.54,0.1,2086.34,1603.7,482.64,Credit Card,2025,8,August,Q3,23.133333972411013
O02758,2025-11-26,C1171,Divya Singh,P4870,Smartwatch,Electronics,West,Goa,4,9092.23,0.1,32732.03,25430.51,7301.52,Net Banking,2025,11,November,Q4,22.306957435881614
O02759,2026-03-14,C0146,Vijay Patel,P4636,Smartphone,Electronics,West,Gujarat,3,58045.78,0.05,165430.47,110584.78,54845.69,Debit Card,2026,3,March,Q1,33.15331812815378
O02760,2026-02-06,C0005,Vijay Sharma,P5057,Headphones,Electronics,West,Goa,2,11984.77,0.1,21572.59,13763.66,7808.93,UPI,2026,2,February,Q1,36.19838878873608
O02761,2025-10-05,C0366,Divya Nair,P3693,Keyboard,Electronics,South,Tamil Nadu,1,3403.17,0.0,3403.17,1990.7,1412.47,Debit Card,2025,10,October,Q4,41.50453841565364
O02762,2025-07-12,C1069,Rahul Sharma,P6266,Bookshelf,Furniture,South,Karnataka,1,4649.65,0.05,4417.17,2743.12,1674.05,Credit Card,2025,7,July,Q3,37.89869984628167
O02763,2025-12-07,C0575,Arun Das,P3067,Cookware Set,Home & Kitchen,South,Tamil Nadu,5,2918.42,0.1,13132.89,8195.58,4937.31,Net Banking,2025,12,December,Q4,37.59500003426512
O02764,2025-12-18,C0294,Arun Rao,P5533,Shampoo,Beauty,North,Rajasthan,3,1103.44,0.0,3310.32,2570.64,739.68,Net Banking,2025,12,December,Q4,22.344667585006885
O02765,2025-03-03,C0362,Karthik Sharma,P6547,Shoes,Clothing,East,Bihar,3,5763.22,0.05,16425.18,10161.8,6263.38,Debit Card,2025,3,March,Q1,38.132793674102814
O02766,2025-03-22,C0921,Karthik Das,P4636,Smartphone,Electronics,South,Telangana,1,22290.88,0.2,17832.7,11389.99,6442.71,UPI,2025,3,March,Q1,36.12862886719341
O02767,2026-02-18,C0155,Meena Verma,P8699,Coffee Maker,Home & Kitchen,East,West Bengal,2,4857.44,0.2,7771.9,4871.64,2900.26,Credit Card,2026,2,February,Q1,37.31725832807937
O02768,2026-01-10,C0361,Divya Patel,P0899,Perfume,Beauty,South,Andhra Pradesh,3,4185.1,0.15,10672.0,6885.12,3786.88,Cash,2026,1,January,Q1,35.484257871064464
O02769,2026-03-20,C1066,Priya Reddy,P4333,Desk,Furniture,West,Madhya Pradesh,3,10526.79,0.1,28422.33,17284.1,11138.23,Cash,2026,3,March,Q1,39.18830722182171
O02770,2025-02-15,C0435,Ananya Singh,P0790,Face Cream,Beauty,West,Madhya Pradesh,7,1449.21,0.05,9637.25,6801.31,2835.94,Credit Card,2025,2,February,Q1,29.426859321901993
O02771,2026-02-27,C0169,Vijay Kumar,P8566,Dress,Clothing,North,Haryana,3,4003.7,0.2,9608.88,5594.69,4014.19,Net Banking,2026,2,February,Q1,41.775836517887626
O02772,2025-01-31,C1049,Sneha Das,P2376,Dining Table,Furniture,West,Maharashtra,5,13877.1,0.05,65916.22,40567.32,25348.9,UPI,2025,1,January,Q1,38.45624036087021
O02773,2025-07-17,C0070,Ravi Verma,P3727,Monitor,Electronics,North,Uttar Pradesh,7,25926.6,0.05,172411.89,122449.19,49962.7,Net Banking,2025,7,July,Q3,28.978685866734594
O02774,2025-04-21,C0931,Meena Verma,P0899,Perfume,Beauty,South,Kerala,4,980.4,0.05,3725.52,2573.68,1151.84,UPI,2025,4,April,Q2,30.917563185810298
O02775,2025-10-17,C1149,Ananya Das,P3727,Monitor,Electronics,South,Telangana,4,22012.62,0.1,79245.43,59202.16,20043.27,Debit Card,2025,10,October,Q4,25.292650945297417
O02776,2026-04-10,C1165,Karthik Nair,P7780,Vacuum Cleaner,Home & Kitchen,South,Andhra Pradesh,3,15009.64,0.1,40526.03,29896.66,10629.37,Credit Card,2026,4,April,Q2,26.22850054643892
O02777,2026-01-23,C1071,Karthik Patel,P8699,Coffee Maker,Home & Kitchen,North,Delhi,1,5014.72,0.05,4763.98,2764.78,1999.2,Net Banking,2026,1,January,Q1,41.96491169148486
O02778,2026-02-24,C0471,Ananya Rao,P7291,Jacket,Clothing,South,Karnataka,2,5866.14,0.0,11732.28,7029.55,4702.73,Credit Card,2026,2,February,Q1,40.08368364887302
O02779,2026-04-10,C0008,Sneha Singh,P1796,Mouse,Electronics,South,Andhra Pradesh,4,1662.96,0.05,6319.25,3961.22,2358.03,Debit Card,2026,4,April,Q2,37.31502947343435
O02780,2026-06-24,C0825,Ravi Iyer,P1101,T-Shirt,Clothing,East,Jharkhand,2,351.52,0.05,667.89,523.01,144.88,Credit Card,2026,6,June,Q2,21.69219482250071
O02781,2025-01-10,C0784,Meena Verma,P0649,Sofa,Furniture,West,Madhya Pradesh,3,39674.25,0.05,113071.61,86877.35,26194.26,UPI,2025,1,January,Q1,23.16608032732531
O02782,2025-04-08,C0239,Sneha Verma,P3067,Cookware Set,Home & Kitchen,East,Odisha,1,5151.95,0.1,4636.76,3176.79,1459.97,Credit Card,2025,4,April,Q2,31.48685720201175
O02783,2025-09-25,C0451,Priya Das,P4870,Smartwatch,Electronics,East,Bihar,6,16323.9,0.0,97943.4,74561.86,23381.54,Debit Card,2025,9,September,Q3,23.87250187353104
O02784,2025-04-20,C0297,Divya Iyer,P0649,Sofa,Furniture,West,Maharashtra,7,30937.0,0.1,194903.1,131602.66,63300.44,Cash,2025,4,April,Q2,32.477903122115556
O02785,2025-09-07,C0920,Rahul Rao,P4870,Smartwatch,Electronics,South,Tamil Nadu,1,5282.49,0.0,5282.49,3808.48,1474.01,Credit Card,2025,9,September,Q3,27.903696930803466
O02786,2026-01-30,C0403,Ananya Singh,P3693,Keyboard,Electronics,West,Gujarat,5,4580.46,0.05,21757.18,17380.15,4377.03,Cash,2026,1,January,Q1,20.117634730236176
O02787,2026-06-10,C0848,Ravi Iyer,P6547,Shoes,Clothing,West,Gujarat,2,2308.97,0.2,3694.35,2728.06,966.29,Debit Card,2026,6,June,Q2,26.15588669184024
O02788,2026-06-13,C1108,Vijay Das,P8699,Coffee Maker,Home & Kitchen,West,Goa,1,9593.27,0.05,9113.61,5626.16,3487.45,Debit Card,2026,6,June,Q2,38.26639498508275
O02789,2026-01-29,C0324,Karthik Das,P5057,Headphones,Electronics,South,Karnataka,7,5874.3,0.1,37008.09,29856.05,7152.04,Cash,2026,1,January,Q1,19.32561231882002
O02790,2026-03-01,C0812,Vijay Kumar,P4870,Smartwatch,Electronics,North,Haryana,7,13734.32,0.0,96140.24,72403.73,23736.51,Net Banking,2026,3,March,Q1,24.689464057922052
O02791,2026-01-20,C0031,Meena Rao,P8699,Coffee Maker,Home & Kitchen,East,Odisha,6,9906.01,0.05,56464.26,42041.74,14422.52,Net Banking,2026,1,January,Q1,25.542741550141628
O02792,2026-03-03,C0423,Ravi Sharma,P1600,Office Chair,Furniture,South,Karnataka,7,15662.69,0.0,109638.83,89355.24,20283.59,Net Banking,2026,3,March,Q1,18.50037071719937
O02793,2025-10-16,C0028,Rahul Rao,P9667,Mixer Grinder,Home & Kitchen,South,Kerala,2,4774.93,0.0,9549.86,6753.9,2795.96,Credit Card,2025,10,October,Q4,29.27749726173996
O02794,2026-02-27,C0918,Vijay Kumar,P7780,Vacuum Cleaner,Home & Kitchen,West,Gujarat,6,7912.38,0.1,42726.85,33973.89,8752.96,Credit Card,2026,2,February,Q1,20.485853743021075
O02795,2025-02-22,C0770,Vijay Nair,P1077,Skin Care Set,Beauty,North,Haryana,6,4218.16,0.05,24043.51,18933.88,5109.63,Debit Card,2025,2,February,Q1,21.251597624473302
O02796,2025-07-17,C0393,Sneha Kumar,P2376,Dining Table,Furniture,West,Gujarat,1,26385.34,0.0,26385.34,19303.6,7081.74,Cash,2025,7,July,Q3,26.839676881177198
O02797,2026-05-24,C0699,Vijay Iyer,P1101,T-Shirt,Clothing,South,Kerala,4,1555.51,0.15,5288.73,3962.14,1326.59,Cash,2026,5,May,Q2,25.083337587662825
O02798,2025-04-05,C1008,Rahul Reddy,P4636,Smartphone,Electronics,South,Tamil Nadu,7,28958.43,0.1,182438.11,144529.25,37908.86,UPI,2025,4,April,Q2,20.779024733373966
O02799,2025-01-23,C0836,Meena Sharma,P8566,Dress,Clothing,North,Punjab,5,1388.1,0.0,6940.5,4837.71,2102.79,Debit Card,2025,1,January,Q1,30.297384914631508
O02800,2025-05-05,C0522,Ravi Rao,P6993,Air Fryer,Home & Kitchen,South,Kerala,1,7288.23,0.05,6923.82,5191.45,1732.37,Credit Card,2025,5,May,Q2,25.020436695350256
O02801,2025-03-05,C0247,Divya Verma,P7087,Tablet,Electronics,North,Haryana,6,19466.59,0.15,99279.61,73167.34,26112.27,Cash,2025,3,March,Q1,26.301745141827208
O02802,2025-05-06,C1146,Vijay Sharma,P1101,T-Shirt,Clothing,West,Gujarat,5,1044.0,0.0,5220.0,3870.49,1349.51,UPI,2025,5,May,Q2,25.85268199233716
O02803,2025-07-27,C0142,Meena Verma,P7087,Tablet,Electronics,South,Tamil Nadu,1,37328.89,0.0,37328.89,27782.71,9546.18,Net Banking,2025,7,July,Q3,25.573168663734712
O02804,2025-06-07,C0092,Ravi Iyer,P5533,Shampoo,Beauty,East,Odisha,6,500.44,0.05,2852.51,1717.95,1134.56,UPI,2025,6,June,Q2,39.77409369292307
O02805,2026-06-14,C0618,Priya Singh,P8699,Coffee Maker,Home & Kitchen,East,West Bengal,3,3644.33,0.0,10932.99,6782.56,4150.43,UPI,2026,6,June,Q2,37.96244211327368
O02806,2025-07-08,C0815,Priya Sharma,P0649,Sofa,Furniture,East,West Bengal,3,17198.14,0.1,46434.98,34650.75,11784.23,Net Banking,2025,7,July,Q3,25.377915528336608
O02807,2026-02-26,C0684,Sneha Kumar,P3727,Monitor,Electronics,West,Gujarat,7,15133.25,0.05,100636.11,66729.64,33906.47,Cash,2026,2,February,Q1,33.692150859169736
O02808,2025-11-26,C0925,Karthik Singh,P7780,Vacuum Cleaner,Home & Kitchen,West,Goa,3,7062.65,0.0,21187.95,15415.19,5772.76,Net Banking,2025,11,November,Q4,27.24548623156086
O02809,2025-03-03,C0547,Arun Iyer,P9685,Laptop,Electronics,West,Goa,2,80900.71,0.2,129441.14,98319.59,31121.55,Credit Card,2025,3,March,Q1,24.043012909187915
O02810,2025-11-01,C0723,Priya Iyer,P1796,Mouse,Electronics,South,Tamil Nadu,3,2723.24,0.05,7761.23,4583.24,3177.99,Cash,2025,11,November,Q4,40.94698907260834
O02811,2026-05-04,C0831,Sneha Rao,P0649,Sofa,Furniture,West,Maharashtra,6,46205.29,0.05,263370.15,167908.88,95461.27,Credit Card,2026,5,May,Q2,36.246047625366806
O02812,2025-03-05,C0189,Vijay Patel,P9667,Mixer Grinder,Home & Kitchen,South,Karnataka,4,3523.13,0.15,11978.64,8609.57,3369.07,Credit Card,2025,3,March,Q1,28.12564698496658
O02813,2025-02-03,C0222,Ananya Rao,P8566,Dress,Clothing,West,Goa,2,2231.31,0.0,4462.62,3092.3,1370.32,Debit Card,2025,2,February,Q1,30.706625256015524
O02814,2026-06-11,C0582,Sneha Iyer,P3727,Monitor,Electronics,East,West Bengal,6,29853.99,0.1,161211.55,119340.42,41871.13,Cash,2026,6,June,Q2,25.972785448685283
O02815,2025-12-15,C0154,Arun Rao,P9667,Mixer Grinder,Home & Kitchen,West,Madhya Pradesh,3,4450.6,0.1,12016.62,7629.22,4387.4,Credit Card,2025,12,December,Q4,36.51109879483581
O02816,2025-04-13,C0134,Meena Reddy,P9007,Jeans,Clothing,South,Andhra Pradesh,7,3051.6,0.1,19225.08,12366.55,6858.53,Credit Card,2025,4,April,Q2,35.67491006539374
O02817,2025-07-01,C1081,Ravi Patel,P5057,Headphones,Electronics,North,Uttar Pradesh,3,5636.68,0.2,13528.03,9015.14,4512.89,UPI,2025,7,July,Q3,33.35955050365796
O02818,2026-03-09,C0783,Priya Verma,P0899,Perfume,Beauty,West,Goa,4,3697.99,0.15,12573.17,8568.11,4005.06,Credit Card,2026,3,March,Q1,31.854019312552044
O02819,2025-01-28,C0190,Priya Reddy,P1600,Office Chair,Furniture,South,Andhra Pradesh,7,12425.76,0.2,69584.26,40939.0,28645.26,Debit Card,2025,1,January,Q1,41.16629249200897
O02820,2025-02-16,C0465,Ravi Das,P6547,Shoes,Clothing,North,Haryana,5,5126.52,0.0,25632.6,15398.77,10233.83,UPI,2025,2,February,Q1,39.92505637352434
O02821,2025-01-26,C0762,Vijay Kumar,P1101,T-Shirt,Clothing,East,West Bengal,2,1703.53,0.05,3236.71,2007.58,1229.13,Debit Card,2025,1,January,Q1,37.97467181180891
O02822,2025-11-25,C0720,Rahul Rao,P6266,Bookshelf,Furniture,South,Telangana,2,6245.74,0.0,12491.48,8982.9,3508.58,Debit Card,2025,11,November,Q4,28.08778463400654
O02823,2025-07-12,C0097,Sneha Rao,P9685,Laptop,Electronics,North,Haryana,7,83317.8,0.1,524902.14,343869.73,181032.41,Net Banking,2025,7,July,Q3,34.48879252044962
O02824,2025-02-07,C0488,Arun Rao,P0899,Perfume,Beauty,North,Rajasthan,1,2949.41,0.15,2507.0,1788.4,718.6,Cash,2025,2,February,Q1,28.66374152373355
O02825,2025-01-26,C0254,Vijay Singh,P6266,Bookshelf,Furniture,North,Rajasthan,4,5676.91,0.1,20436.88,13063.34,7373.54,Debit Card,2025,1,January,Q1,36.07957770462028
O02826,2025-04-23,C0896,Karthik Rao,P3693,Keyboard,Electronics,South,Karnataka,7,3244.99,0.0,22714.93,16007.93,6707.0,Cash,2025,4,April,Q2,29.52683543378738
O02827,2025-08-05,C0654,Divya Reddy,P1600,Office Chair,Furniture,South,Andhra Pradesh,7,5378.23,0.15,32000.47,22275.08,9725.39,Credit Card,2025,8,August,Q3,30.39139737635103
O02828,2025-07-20,C0983,Priya Nair,P2376,Dining Table,Furniture,West,Madhya Pradesh,2,9253.64,0.2,14805.82,11411.76,3394.06,Debit Card,2025,7,July,Q3,22.923823199255427
O02829,2026-06-24,C1082,Arun Patel,P0790,Face Cream,Beauty,North,Rajasthan,4,1241.23,0.05,4716.67,2759.7,1956.97,Net Banking,2026,6,June,Q2,41.49050071342706
O02830,2025-10-15,C0870,Ananya Singh,P6266,Bookshelf,Furniture,South,Andhra Pradesh,1,9749.22,0.15,8286.84,6518.0,1768.84,Net Banking,2025,10,October,Q4,21.345168966699006
O02831,2026-05-06,C0320,Priya Singh,P5057,Headphones,Electronics,South,Telangana,1,7700.29,0.1,6930.26,5635.62,1294.64,Credit Card,2026,5,May,Q2,18.680973008227685
O02832,2025-03-05,C0763,Meena Patel,P9007,Jeans,Clothing,South,Karnataka,6,3483.6,0.05,19856.52,14149.18,5707.34,Debit Card,2025,3,March,Q1,28.742901575905545
O02833,2025-02-08,C0020,Arun Patel,P0899,Perfume,Beauty,East,Jharkhand,4,2359.39,0.1,8493.8,6256.68,2237.12,Net Banking,2025,2,February,Q1,26.338270267724695
O02834,2026-05-22,C0492,Vijay Verma,P3727,Monitor,Electronics,South,Telangana,2,12167.68,0.2,19468.29,14022.6,5445.69,Cash,2026,5,May,Q2,27.972102326398463
O02835,2025-08-31,C0258,Ravi Patel,P0899,Perfume,Beauty,North,Uttar Pradesh,1,2596.21,0.2,2076.97,1433.29,643.68,Net Banking,2025,8,August,Q3,30.991299826189113
O02836,2025-05-22,C0661,Meena Reddy,P9007,Jeans,Clothing,North,Rajasthan,2,2428.4,0.15,4128.28,3041.5,1086.78,Credit Card,2025,5,May,Q2,26.325249256348894
O02837,2025-10-08,C0675,Vijay Rao,P3067,Cookware Set,Home & Kitchen,East,Bihar,4,6351.42,0.15,21594.83,15817.23,5777.6,Debit Card,2025,10,October,Q4,26.754551899690803
O02838,2025-08-06,C0043,Rahul Iyer,P8699,Coffee Maker,Home & Kitchen,East,Bihar,3,5318.57,0.1,14360.14,9563.82,4796.32,Cash,2025,8,August,Q3,33.40023147406641
O02839,2025-05-16,C0823,Rahul Nair,P1600,Office Chair,Furniture,North,Rajasthan,5,12253.78,0.2,49015.12,34866.2,14148.92,Debit Card,2025,5,May,Q2,28.866439580276452
O02840,2026-04-05,C0601,Meena Sharma,P9685,Laptop,Electronics,South,Andhra Pradesh,4,75939.6,0.15,258194.64,162106.62,96088.02,Net Banking,2026,4,April,Q2,37.21534265777167
O02841,2026-05-01,C0043,Ananya Singh,P9667,Mixer Grinder,Home & Kitchen,South,Tamil Nadu,2,2583.18,0.1,4649.72,3220.66,1429.06,Credit Card,2026,5,May,Q2,30.7343237872388
O02842,2025-09-17,C0922,Divya Das,P3727,Monitor,Electronics,West,Maharashtra,2,19817.3,0.0,39634.6,24397.59,15237.01,Net Banking,2025,9,September,Q3,38.44370827509297
O02843,2026-04-15,C0381,Divya Reddy,P1796,Mouse,Electronics,South,Kerala,1,864.47,0.1,778.02,613.98,164.04,Net Banking,2026,4,April,Q2,21.084290892264978
O02844,2025-04-09,C0627,Meena Singh,P5057,Headphones,Electronics,South,Andhra Pradesh,5,5234.27,0.05,24862.78,16267.02,8595.76,Credit Card,2025,4,April,Q2,34.57280320221633
O02845,2025-10-23,C0534,Sneha Singh,P0649,Sofa,Furniture,West,Goa,2,41614.82,0.05,79068.16,45994.79,33073.37,Net Banking,2025,10,October,Q4,41.82893594589782
O02846,2026-01-24,C1032,Priya Iyer,P4870,Smartwatch,Electronics,North,Punjab,7,7404.8,0.1,46650.24,34444.76,12205.48,Net Banking,2026,1,January,Q1,26.16380966100067
O02847,2025-01-21,C1089,Arun Nair,P2376,Dining Table,Furniture,South,Kerala,3,8487.35,0.15,21642.74,16479.56,5163.18,Cash,2025,1,January,Q1,23.856406351506322
O02848,2025-11-04,C0470,Sneha Iyer,P4333,Desk,Furniture,South,Karnataka,1,6871.18,0.0,6871.18,4476.93,2394.25,Net Banking,2025,11,November,Q4,34.84481559208171
O02849,2026-05-30,C0402,Vijay Kumar,P7050,Makeup Kit,Beauty,East,West Bengal,5,3943.9,0.1,17747.55,13152.43,4595.12,Net Banking,2026,5,May,Q2,25.891573766519887
O02850,2026-06-02,C0704,Vijay Sharma,P1796,Mouse,Electronics,South,Karnataka,2,1390.11,0.0,2780.22,1934.98,845.24,UPI,2026,6,June,Q2,30.40191064016517
O02851,2025-04-09,C0028,Priya Das,P5057,Headphones,Electronics,South,Karnataka,6,9992.61,0.0,59955.66,37996.87,21958.79,Cash,2025,4,April,Q2,36.62504924472518
O02852,2025-09-04,C0125,Ravi Das,P1600,Office Chair,Furniture,East,Jharkhand,2,5736.11,0.1,10325.0,6053.76,4271.24,Debit Card,2025,9,September,Q3,41.36794188861985
O02853,2026-06-15,C0351,Meena Iyer,P1101,T-Shirt,Clothing,West,Maharashtra,5,1120.99,0.1,5044.46,4105.17,939.29,Net Banking,2026,6,June,Q2,18.6202289244042
O02854,2025-07-03,C0691,Ravi Singh,P2376,Dining Table,Furniture,South,Karnataka,7,9349.83,0.2,52359.05,32339.46,20019.59,Cash,2025,7,July,Q3,38.235204802226164
O02855,2025-03-20,C1049,Sneha Das,P8566,Dress,Clothing,North,Rajasthan,5,1407.37,0.05,6685.01,4543.45,2141.56,Debit Card,2025,3,March,Q1,32.03525499587884
O02856,2026-02-26,C0462,Vijay Sharma,P4333,Desk,Furniture,South,Karnataka,1,14867.66,0.1,13380.89,9630.54,3750.35,Debit Card,2026,2,February,Q1,28.027657353135705
O02857,2026-03-29,C0649,Rahul Singh,P9685,Laptop,Electronics,South,Tamil Nadu,2,65549.83,0.1,117989.69,90446.65,27543.04,Net Banking,2026,3,March,Q1,23.343598919532717
O02858,2025-05-23,C0279,Vijay Kumar,P5057,Headphones,Electronics,North,Rajasthan,1,6387.6,0.05,6068.22,4136.06,1932.16,UPI,2025,5,May,Q2,31.840638605719633
O02859,2026-01-28,C0835,Arun Sharma,P7780,Vacuum Cleaner,Home & Kitchen,South,Karnataka,7,11690.63,0.0,81834.41,52952.53,28881.88,UPI,2026,1,January,Q1,35.29307537012853
O02860,2025-08-20,C0264,Ravi Iyer,P2376,Dining Table,Furniture,East,West Bengal,7,32613.11,0.05,216877.18,129420.99,87456.19,Credit Card,2025,8,August,Q3,40.32521540532757
O02861,2025-02-05,C0259,Ravi Kumar,P4636,Smartphone,Electronics,North,Delhi,5,40728.86,0.05,193462.08,116300.51,77161.57,Net Banking,2025,2,February,Q1,39.8845965059406
O02862,2025-10-20,C0234,Sneha Verma,P4333,Desk,Furniture,East,West Bengal,3,5400.47,0.0,16201.41,11441.4,4760.01,Credit Card,2025,10,October,Q4,29.380220610428353
O02863,2026-05-23,C0228,Ravi Verma,P6547,Shoes,Clothing,West,Goa,4,2276.63,0.0,9106.52,5285.75,3820.77,Debit Card,2026,5,May,Q2,41.956422431400796
O02864,2025-02-28,C0560,Vijay Verma,P1600,Office Chair,Furniture,East,Odisha,4,6738.19,0.15,22909.85,17131.98,5777.87,Cash,2025,2,February,Q1,25.220025447569494
O02865,2026-02-19,C1177,Sneha Nair,P1101,T-Shirt,Clothing,South,Karnataka,2,1637.38,0.15,2783.55,1883.68,899.87,Cash,2026,2,February,Q1,32.328142120673235
O02866,2026-06-15,C0098,Vijay Kumar,P7050,Makeup Kit,Beauty,South,Kerala,6,3567.93,0.2,17126.06,11896.43,5229.63,UPI,2026,6,June,Q2,30.536095284029134
O02867,2026-05-16,C0990,Arun Rao,P6547,Shoes,Clothing,West,Madhya Pradesh,1,4711.67,0.0,4711.67,3238.51,1473.16,Net Banking,2026,5,May,Q2,31.266196486596048
O02868,2026-05-23,C1027,Vijay Singh,P4333,Desk,Furniture,East,West Bengal,1,8491.56,0.1,7642.4,5864.62,1777.78,Debit Card,2026,5,May,Q2,23.262064273003247
O02869,2026-01-07,C0406,Divya Patel,P8699,Coffee Maker,Home & Kitchen,West,Madhya Pradesh,5,8590.03,0.05,40802.64,28011.81,12790.83,Cash,2026,1,January,Q1,31.348045126491815
O02870,2025-11-16,C1089,Arun Reddy,P7087,Tablet,Electronics,South,Telangana,4,21378.23,0.0,85512.92,69011.21,16501.71,Cash,2025,11,November,Q4,19.297329573121814
O02871,2026-02-25,C0547,Priya Singh,P4870,Smartwatch,Electronics,East,Bihar,1,2654.41,0.15,2256.25,1786.38,469.87,Cash,2026,2,February,Q1,20.82526315789474
O02872,2025-08-09,C0467,Meena Iyer,P0790,Face Cream,Beauty,North,Haryana,5,1220.96,0.1,5494.32,4025.23,1469.09,UPI,2025,8,August,Q3,26.738340686381573
O02873,2025-09-01,C1000,Sneha Rao,P6266,Bookshelf,Furniture,West,Maharashtra,2,5863.58,0.1,10554.44,7015.11,3539.33,Credit Card,2025,9,September,Q3,33.53403875525371
O02874,2025-07-07,C0324,Divya Sharma,P4870,Smartwatch,Electronics,West,Maharashtra,3,3264.72,0.0,9794.16,7329.29,2464.87,UPI,2025,7,July,Q3,25.166732011729437
O02875,2025-10-11,C0963,Ananya Patel,P3693,Keyboard,Electronics,South,Telangana,3,3149.55,0.1,8503.79,6628.68,1875.11,Debit Card,2025,10,October,Q4,22.050285813737165
O02876,2026-06-06,C0266,Ananya Das,P6266,Bookshelf,Furniture,North,Uttar Pradesh,7,10492.13,0.2,58755.93,39923.85,18832.08,Debit Card,2026,6,June,Q2,32.05136911287082
O02877,2025-11-30,C0351,Meena Nair,P4870,Smartwatch,Electronics,West,Maharashtra,3,4606.73,0.0,13820.19,10628.86,3191.33,UPI,2025,11,November,Q4,23.091795409469768
O02878,2025-04-28,C0814,Ravi Sharma,P3727,Monitor,Electronics,East,Bihar,6,12954.65,0.1,69955.11,41133.73,28821.38,Net Banking,2025,4,April,Q2,41.19982085654644
O02879,2026-04-15,C0347,Meena Nair,P3067,Cookware Set,Home & Kitchen,West,Madhya Pradesh,6,7001.8,0.05,39910.26,24429.41,15480.85,Cash,2026,4,April,Q2,38.7891484545578
O02880,2025-01-11,C0747,Rahul Reddy,P7291,Jacket,Clothing,West,Madhya Pradesh,1,4626.67,0.05,4395.34,3407.91,987.43,Debit Card,2025,1,January,Q1,22.465383792835137
O02881,2025-02-17,C1182,Vijay Rao,P1077,Skin Care Set,Beauty,North,Rajasthan,6,2628.75,0.1,14195.25,10752.3,3442.95,Debit Card,2025,2,February,Q1,24.254239974639404
O02882,2025-12-12,C1142,Ravi Singh,P8566,Dress,Clothing,West,Madhya Pradesh,4,2110.07,0.0,8440.28,6512.46,1927.82,Credit Card,2025,12,December,Q4,22.84071144559185
O02883,2025-04-07,C0021,Ravi Kumar,P6266,Bookshelf,Furniture,South,Kerala,3,3576.74,0.0,10730.22,8772.73,1957.49,Cash,2025,4,April,Q2,18.242776010184322
O02884,2026-05-16,C1168,Rahul Reddy,P3727,Monitor,Electronics,West,Gujarat,5,11155.86,0.05,52990.34,31154.45,21835.89,Debit Card,2026,5,May,Q2,41.207303066936355
O02885,2025-06-24,C0788,Meena Patel,P7780,Vacuum Cleaner,Home & Kitchen,West,Goa,2,7847.28,0.05,14909.83,9784.57,5125.26,Cash,2025,6,June,Q2,34.375039822720986
O02886,2026-06-23,C0289,Sneha Sharma,P3727,Monitor,Electronics,North,Delhi,7,20155.7,0.05,134035.4,108458.9,25576.5,UPI,2026,6,June,Q2,19.08189925944937
O02887,2025-08-29,C0148,Ravi Das,P7050,Makeup Kit,Beauty,West,Maharashtra,7,704.01,0.0,4928.07,3396.14,1531.93,Debit Card,2025,8,August,Q3,31.0858003234532
O02888,2025-12-22,C0753,Rahul Verma,P6547,Shoes,Clothing,West,Goa,4,5772.46,0.05,21935.35,14055.36,7879.99,UPI,2025,12,December,Q4,35.92370306377605
O02889,2026-02-21,C0916,Karthik Patel,P0649,Sofa,Furniture,North,Haryana,7,26642.72,0.15,158524.18,111591.07,46933.11,Credit Card,2026,2,February,Q1,29.60627836081537
O02890,2025-05-22,C0907,Divya Singh,P3693,Keyboard,Electronics,South,Kerala,6,2038.45,0.1,11007.63,7071.85,3935.78,Net Banking,2025,5,May,Q2,35.75501720170464
O02891,2025-03-05,C0727,Rahul Rao,P0649,Sofa,Furniture,South,Andhra Pradesh,3,20927.05,0.05,59642.09,40038.03,19604.06,Cash,2025,3,March,Q1,32.86950541136302
O02892,2025-09-02,C0442,Karthik Nair,P0899,Perfume,Beauty,East,West Bengal,5,4316.94,0.2,17267.76,14130.67,3137.09,UPI,2025,9,September,Q3,18.167324540067735
O02893,2025-08-22,C0477,Divya Nair,P1796,Mouse,Electronics,North,Punjab,6,627.45,0.2,3011.76,2205.86,805.9,Credit Card,2025,8,August,Q3,26.758440247562888
O02894,2026-02-21,C0057,Arun Iyer,P6547,Shoes,Clothing,South,Kerala,1,4295.05,0.0,4295.05,2949.42,1345.63,UPI,2026,2,February,Q1,31.329786614824044
O02895,2025-03-31,C0248,Arun Nair,P6266,Bookshelf,Furniture,South,Andhra Pradesh,1,4472.15,0.1,4024.94,3041.73,983.21,Net Banking,2025,3,March,Q1,24.4279417829831
O02896,2025-03-22,C0491,Divya Iyer,P2376,Dining Table,Furniture,West,Madhya Pradesh,3,30747.48,0.15,78406.07,48747.34,29658.73,UPI,2025,3,March,Q1,37.827084051017984
O02897,2025-09-15,C0396,Divya Rao,P3693,Keyboard,Electronics,West,Maharashtra,7,2407.3,0.0,16851.1,12227.13,4623.97,Cash,2025,9,September,Q3,27.440167110752416
O02898,2026-01-02,C0061,Vijay Verma,P7780,Vacuum Cleaner,Home & Kitchen,South,Telangana,3,9664.33,0.0,28992.99,21136.83,7856.16,Net Banking,2026,1,January,Q1,27.096756836738813
O02899,2026-05-25,C1083,Ravi Patel,P9685,Laptop,Electronics,South,Karnataka,3,60359.9,0.05,172025.72,139048.97,32976.75,Net Banking,2026,5,May,Q2,19.169662536509076
O02900,2026-05-25,C0607,Priya Das,P3693,Keyboard,Electronics,South,Tamil Nadu,6,2729.8,0.05,15559.86,11843.2,3716.66,UPI,2026,5,May,Q2,23.886204631661208
O02901,2025-04-19,C0149,Karthik Iyer,P9007,Jeans,Clothing,North,Punjab,4,3284.05,0.1,11822.58,8813.83,3008.75,Debit Card,2025,4,April,Q2,25.449182834880375
O02902,2025-01-25,C0938,Vijay Rao,P8566,Dress,Clothing,West,Goa,4,4432.11,0.15,15069.17,8759.88,6309.29,UPI,2025,1,January,Q1,41.86886205411446
O02903,2026-03-18,C0871,Arun Rao,P4870,Smartwatch,Electronics,North,Uttar Pradesh,1,12144.69,0.1,10930.22,6544.22,4386.0,UPI,2026,3,March,Q1,40.127280146236764
O02904,2026-02-11,C0990,Divya Sharma,P3727,Monitor,Electronics,South,Telangana,5,29120.58,0.15,123762.47,96174.44,27588.03,Credit Card,2026,2,February,Q1,22.29111135225404
O02905,2025-07-24,C1063,Ananya Rao,P2376,Dining Table,Furniture,South,Kerala,4,28132.51,0.05,106903.54,75028.74,31874.8,Debit Card,2025,7,July,Q3,29.816412066429233
O02906,2026-03-24,C0739,Ananya Reddy,P6547,Shoes,Clothing,West,Maharashtra,1,5377.33,0.15,4570.73,3149.13,1421.6,Debit Card,2026,3,March,Q1,31.10225281300799
O02907,2025-03-24,C0368,Vijay Rao,P3727,Monitor,Electronics,South,Tamil Nadu,1,21167.11,0.2,16933.69,10962.09,5971.6,Cash,2025,3,March,Q1,35.26461155247321
O02908,2025-03-08,C0552,Divya Das,P9007,Jeans,Clothing,West,Maharashtra,7,3274.2,0.0,22919.4,17036.79,5882.61,Net Banking,2025,3,March,Q1,25.666509594492
O02909,2025-11-16,C0203,Karthik Reddy,P0899,Perfume,Beauty,East,West Bengal,5,4779.12,0.0,23895.6,18847.16,5048.44,Net Banking,2025,11,November,Q4,21.12706941863774
O02910,2026-05-01,C0405,Meena Kumar,P4636,Smartphone,Electronics,West,Maharashtra,4,52879.23,0.0,211516.92,128416.54,83100.38,UPI,2026,5,May,Q2,39.28781678553186
O02911,2026-02-01,C0211,Karthik Das,P0790,Face Cream,Beauty,West,Maharashtra,2,896.03,0.15,1523.25,1238.0,285.25,Net Banking,2026,2,February,Q1,18.72640735269982
O02912,2026-04-07,C1075,Ravi Iyer,P4333,Desk,Furniture,North,Delhi,6,22458.55,0.15,114538.6,84362.88,30175.72,Credit Card,2026,4,April,Q2,26.345459085408763
O02913,2025-04-05,C0152,Divya Iyer,P4870,Smartwatch,Electronics,North,Punjab,7,12824.79,0.0,89773.53,65590.97,24182.56,Cash,2025,4,April,Q2,26.937294322725197
O02914,2025-02-22,C0219,Vijay Patel,P4333,Desk,Furniture,South,Andhra Pradesh,4,20718.82,0.1,74587.75,47874.59,26713.16,Credit Card,2025,2,February,Q1,35.81440652117808
O02915,2026-06-27,C0878,Karthik Rao,P5533,Shampoo,Beauty,South,Karnataka,6,305.59,0.05,1741.86,1209.33,532.53,Debit Card,2026,6,June,Q2,30.57249147463057
O02916,2026-04-04,C0300,Ananya Iyer,P3727,Monitor,Electronics,South,Andhra Pradesh,1,24300.56,0.0,24300.56,18966.25,5334.31,Debit Card,2026,4,April,Q2,21.95138712852708
O02917,2025-01-02,C0225,Sneha Patel,P6266,Bookshelf,Furniture,North,Delhi,6,7738.53,0.2,37144.94,23850.31,13294.63,Net Banking,2025,1,January,Q1,35.791227553470264
O02918,2025-09-27,C1070,Meena Nair,P7050,Makeup Kit,Beauty,South,Andhra Pradesh,3,2494.31,0.0,7482.93,4539.31,2943.62,Cash,2025,9,September,Q3,39.33779949832485
O02919,2025-02-06,C0612,Priya Das,P0649,Sofa,Furniture,West,Gujarat,3,29472.24,0.1,79575.05,47855.49,31719.56,Debit Card,2025,2,February,Q1,39.861187646127775
O02920,2025-02-24,C1007,Ananya Reddy,P6266,Bookshelf,Furniture,South,Karnataka,4,9904.71,0.1,35656.96,22788.78,12868.18,Credit Card,2025,2,February,Q1,36.08883090426105
O02921,2025-05-21,C0920,Rahul Sharma,P3727,Monitor,Electronics,North,Uttar Pradesh,4,27216.4,0.0,108865.6,71118.12,37747.48,Debit Card,2025,5,May,Q2,34.6734689378463
O02922,2025-02-15,C0830,Rahul Kumar,P6547,Shoes,Clothing,East,Bihar,5,3230.86,0.0,16154.3,12424.47,3729.83,Net Banking,2025,2,February,Q1,23.08877512488935
O02923,2025-09-11,C0981,Meena Verma,P1101,T-Shirt,Clothing,East,West Bengal,5,807.93,0.0,4039.65,3300.62,739.03,Cash,2025,9,September,Q3,18.2944066936492
O02924,2026-06-26,C0208,Divya Patel,P0790,Face Cream,Beauty,West,Maharashtra,5,571.09,0.0,2855.45,2151.99,703.46,Cash,2026,6,June,Q2,24.635696650265285
O02925,2025-12-05,C1111,Divya Rao,P2376,Dining Table,Furniture,North,Rajasthan,1,20363.57,0.1,18327.21,14025.27,4301.94,Cash,2025,12,December,Q4,23.472967243786698
O02926,2026-01-08,C0418,Arun Reddy,P4636,Smartphone,Electronics,East,Jharkhand,4,40534.2,0.0,162136.8,101173.03,60963.77,Net Banking,2026,1,January,Q1,37.600205505474385
O02927,2025-11-22,C1012,Priya Das,P0899,Perfume,Beauty,East,Odisha,3,2412.15,0.15,6150.98,3783.29,2367.69,Credit Card,2025,11,November,Q4,38.49289056378009
O02928,2025-01-03,C0004,Sneha Iyer,P0790,Face Cream,Beauty,South,Karnataka,1,517.38,0.0,517.38,397.39,119.99,Credit Card,2025,1,January,Q1,23.191851250531524
O02929,2026-03-11,C0126,Rahul Sharma,P3727,Monitor,Electronics,East,Bihar,5,9690.57,0.05,46030.21,33277.64,12752.57,Net Banking,2026,3,March,Q1,27.704783445480697
O02930,2025-05-21,C0631,Ravi Reddy,P3727,Monitor,Electronics,North,Punjab,1,10328.42,0.0,10328.42,8136.12,2192.3,Credit Card,2025,5,May,Q2,21.225899024245724
O02931,2025-07-03,C1187,Ravi Kumar,P8566,Dress,Clothing,West,Maharashtra,3,3522.61,0.1,9511.05,6706.8,2804.25,Credit Card,2025,7,July,Q3,29.48412635828852
O02932,2025-03-26,C0790,Divya Patel,P6266,Bookshelf,Furniture,East,Odisha,4,6188.56,0.15,21041.1,16803.7,4237.4,Credit Card,2025,3,March,Q1,20.138680962497208
O02933,2025-10-13,C0204,Sneha Nair,P2376,Dining Table,Furniture,South,Andhra Pradesh,7,18258.77,0.1,115030.25,85261.49,29768.76,Net Banking,2025,10,October,Q4,25.879070940035337
O02934,2025-07-11,C0696,Ravi Reddy,P7050,Makeup Kit,Beauty,North,Uttar Pradesh,7,4390.03,0.2,24584.17,15779.26,8804.91,Cash,2025,7,July,Q3,35.815364114387435
O02935,2025-05-12,C0976,Rahul Reddy,P6266,Bookshelf,Furniture,North,Uttar Pradesh,2,9318.5,0.15,15841.45,11316.16,4525.29,Net Banking,2025,5,May,Q2,28.566135044456153
O02936,2025-12-06,C0658,Ananya Singh,P4333,Desk,Furniture,East,Jharkhand,1,13863.17,0.0,13863.17,8491.41,5371.76,Net Banking,2025,12,December,Q4,38.74842478307631
O02937,2025-04-02,C0909,Ravi Sharma,P0649,Sofa,Furniture,North,Rajasthan,1,48138.48,0.15,40917.71,25752.78,15164.93,Credit Card,2025,4,April,Q2,37.06202033300495
O02938,2026-03-31,C0035,Priya Das,P3693,Keyboard,Electronics,West,Gujarat,5,2880.14,0.05,13680.66,8156.4,5524.26,Credit Card,2026,3,March,Q1,40.380069382617506
O02939,2025-02-14,C0683,Priya Kumar,P5057,Headphones,Electronics,West,Madhya Pradesh,2,3709.71,0.05,7048.45,5296.05,1752.4,Credit Card,2025,2,February,Q1,24.862203746923083
O02940,2025-07-10,C1170,Meena Rao,P3067,Cookware Set,Home & Kitchen,East,Jharkhand,4,7314.18,0.1,26331.05,15447.29,10883.76,UPI,2025,7,July,Q3,41.33431822885908
O02941,2026-02-14,C1169,Sneha Singh,P2376,Dining Table,Furniture,South,Karnataka,2,10750.78,0.15,18276.33,13338.65,4937.68,Cash,2026,2,February,Q1,27.01680260752569
O02942,2026-05-03,C0161,Ravi Verma,P4870,Smartwatch,Electronics,North,Rajasthan,7,8839.52,0.0,61876.64,50430.4,11446.24,Net Banking,2026,5,May,Q2,18.49848343413605
O02943,2025-07-04,C0492,Ananya Sharma,P1796,Mouse,Electronics,South,Telangana,2,2690.93,0.1,4843.67,3887.31,956.36,Cash,2025,7,July,Q3,19.74453255486026
O02944,2025-11-10,C0936,Vijay Das,P3693,Keyboard,Electronics,North,Rajasthan,2,1250.24,0.05,2375.46,1881.19,494.27,Net Banking,2025,11,November,Q4,20.807338368147644
O02945,2025-05-29,C1078,Ravi Rao,P7291,Jacket,Clothing,South,Telangana,5,2776.8,0.05,13189.8,8914.95,4274.85,Credit Card,2025,5,May,Q2,32.41027157348861
O02946,2025-08-13,C0910,Meena Patel,P5057,Headphones,Electronics,West,Maharashtra,5,4823.36,0.1,21705.12,13539.64,8165.48,Net Banking,2025,8,August,Q3,37.62006383747245
O02947,2026-03-18,C0166,Meena Kumar,P2376,Dining Table,Furniture,West,Gujarat,7,33617.87,0.0,235325.09,160103.19,75221.9,UPI,2026,3,March,Q1,31.96509985399347
O02948,2025-04-08,C0226,Divya Singh,P0899,Perfume,Beauty,North,Uttar Pradesh,2,2295.08,0.1,4131.14,3228.59,902.55,Net Banking,2025,4,April,Q2,21.84748035651176
O02949,2026-01-13,C0855,Karthik Singh,P4636,Smartphone,Electronics,West,Goa,3,52057.3,0.1,140554.71,111710.72,28843.99,Debit Card,2026,1,January,Q1,20.52153926396348
O02950,2025-03-04,C0619,Arun Sharma,P3727,Monitor,Electronics,East,Odisha,1,28812.72,0.15,24490.81,19706.03,4784.78,Net Banking,2025,3,March,Q1,19.537042670291427
O02951,2026-02-08,C0328,Meena Patel,P2376,Dining Table,Furniture,East,Jharkhand,2,33314.28,0.0,66628.56,51730.24,14898.32,UPI,2026,2,February,Q1,22.3602611252592
O02952,2025-06-16,C0469,Sneha Sharma,P7087,Tablet,Electronics,South,Andhra Pradesh,3,37766.86,0.05,107635.55,74362.46,33273.09,Debit Card,2025,6,June,Q2,30.912732828512507
O02953,2026-06-05,C0291,Rahul Reddy,P1796,Mouse,Electronics,South,Tamil Nadu,7,2533.04,0.1,15958.15,13040.2,2917.95,UPI,2026,6,June,Q2,18.285014240372472
O02954,2026-05-31,C0350,Rahul Rao,P5533,Shampoo,Beauty,North,Punjab,1,867.95,0.0,867.95,596.74,271.21,Cash,2026,5,May,Q2,31.24719165850567
O02955,2025-04-29,C0966,Vijay Patel,P6266,Bookshelf,Furniture,North,Rajasthan,5,9552.9,0.0,47764.5,32104.8,15659.7,Credit Card,2025,4,April,Q2,32.78522752253243
O02956,2026-01-05,C0299,Sneha Patel,P3067,Cookware Set,Home & Kitchen,South,Telangana,2,1917.41,0.1,3451.34,2543.34,908.0,UPI,2026,1,January,Q1,26.308622158350087
O02957,2025-09-15,C1125,Vijay Patel,P3693,Keyboard,Electronics,South,Karnataka,4,3780.4,0.15,12853.36,9276.58,3576.78,UPI,2025,9,September,Q3,27.827587494631757
O02958,2025-11-10,C1144,Ananya Nair,P2376,Dining Table,Furniture,East,West Bengal,5,29098.74,0.15,123669.64,72536.58,51133.06,UPI,2025,11,November,Q4,41.346493771632225
O02959,2025-05-28,C0522,Rahul Sharma,P2376,Dining Table,Furniture,West,Gujarat,2,33218.19,0.0,66436.38,47768.21,18668.17,Credit Card,2025,5,May,Q2,28.099318475810993
O02960,2025-10-24,C0114,Ravi Verma,P9685,Laptop,Electronics,North,Uttar Pradesh,3,77103.01,0.15,196612.68,124474.56,72138.12,Net Banking,2025,10,October,Q4,36.69047184545778
O02961,2025-10-11,C0488,Vijay Rao,P7291,Jacket,Clothing,East,Jharkhand,1,3295.38,0.05,3130.61,1865.61,1265.0,UPI,2025,10,October,Q4,40.407460526862174
O02962,2025-04-11,C0158,Ravi Iyer,P9007,Jeans,Clothing,South,Tamil Nadu,1,1409.37,0.1,1268.43,837.94,430.49,Credit Card,2025,4,April,Q2,33.93880624078585
O02963,2025-07-22,C1185,Karthik Sharma,P1796,Mouse,Electronics,North,Haryana,1,1772.72,0.0,1772.72,1183.53,589.19,Net Banking,2025,7,July,Q3,33.23649532921161
O02964,2026-01-08,C0086,Sneha Iyer,P3693,Keyboard,Electronics,South,Telangana,7,2883.16,0.15,17154.8,10783.18,6371.62,Credit Card,2026,1,January,Q1,37.141907804229724
O02965,2025-02-03,C0428,Priya Das,P1101,T-Shirt,Clothing,West,Gujarat,7,1280.55,0.2,7171.08,4985.38,2185.7,Debit Card,2025,2,February,Q1,30.47936991359739
O02966,2025-09-09,C0426,Ananya Reddy,P6547,Shoes,Clothing,South,Andhra Pradesh,7,1851.88,0.1,11666.84,8699.27,2967.57,UPI,2025,9,September,Q3,25.435936380373782
O02967,2025-07-04,C0964,Rahul Patel,P6547,Shoes,Clothing,South,Tamil Nadu,2,3020.25,0.1,5436.45,3341.37,2095.08,UPI,2025,7,July,Q3,38.53764864939437
O02968,2025-05-23,C0801,Sneha Iyer,P3067,Cookware Set,Home & Kitchen,South,Karnataka,2,6995.9,0.1,12592.62,7448.64,5143.98,Cash,2025,5,May,Q2,40.84916403417239
O02969,2025-10-06,C0178,Ravi Kumar,P4636,Smartphone,Electronics,North,Punjab,4,47486.49,0.1,170951.36,110704.33,60247.03,Debit Card,2025,10,October,Q4,35.24220573618134
O02970,2025-02-08,C0628,Sneha Kumar,P7291,Jacket,Clothing,South,Kerala,1,5921.69,0.15,5033.44,3385.84,1647.6,Debit Card,2025,2,February,Q1,32.733081153247085
O02971,2025-06-23,C0637,Sneha Kumar,P0790,Face Cream,Beauty,South,Telangana,1,1314.38,0.2,1051.5,644.67,406.83,Cash,2025,6,June,Q2,38.690442225392296
O02972,2025-10-31,C0951,Ananya Sharma,P7050,Makeup Kit,Beauty,East,West Bengal,1,2436.04,0.1,2192.44,1313.32,879.12,Net Banking,2025,10,October,Q4,40.09779058948021
O02973,2025-11-22,C1014,Ravi Rao,P9007,Jeans,Clothing,East,Jharkhand,6,2074.44,0.2,9957.31,6504.31,3453.0,Debit Card,2025,11,November,Q4,34.678040555129854
O02974,2025-07-04,C0893,Meena Patel,P0899,Perfume,Beauty,South,Karnataka,5,1164.04,0.1,5238.18,3160.23,2077.95,Cash,2025,7,July,Q3,39.66931262385026
O02975,2026-03-19,C0514,Arun Verma,P1077,Skin Care Set,Beauty,West,Madhya Pradesh,2,2859.42,0.0,5718.84,4603.14,1115.7,Cash,2026,3,March,Q1,19.509201166670167
O02976,2026-02-06,C0863,Divya Kumar,P1796,Mouse,Electronics,North,Uttar Pradesh,7,1723.89,0.05,11463.87,8955.84,2508.03,Credit Card,2026,2,February,Q1,21.87769051812346
O02977,2025-09-27,C1091,Karthik Patel,P4636,Smartphone,Electronics,East,West Bengal,6,44154.77,0.15,225189.33,161009.64,64179.69,UPI,2025,9,September,Q3,28.500324593532035
O02978,2025-10-07,C0072,Meena Nair,P9685,Laptop,Electronics,North,Rajasthan,1,62174.65,0.0,62174.65,50054.69,12119.96,Credit Card,2025,10,October,Q4,19.493410899779892
O02979,2025-10-20,C0172,Ananya Nair,P1077,Skin Care Set,Beauty,West,Goa,5,1880.29,0.05,8931.38,5413.38,3518.0,Credit Card,2025,10,October,Q4,39.389209730187275
O02980,2026-01-26,C0456,Vijay Das,P9685,Laptop,Electronics,South,Kerala,4,61626.09,0.05,234179.14,142791.84,91387.3,Net Banking,2026,1,January,Q1,39.02452626651545
O02981,2025-01-25,C0100,Divya Sharma,P6993,Air Fryer,Home & Kitchen,West,Maharashtra,3,9621.5,0.05,27421.28,16843.25,10578.03,Net Banking,2025,1,January,Q1,38.575989158784715
O02982,2026-02-22,C0817,Ravi Sharma,P6547,Shoes,Clothing,West,Gujarat,3,5347.24,0.05,15239.63,9199.31,6040.32,Net Banking,2026,2,February,Q1,39.63560795111167
O02983,2025-06-13,C0696,Sneha Nair,P8699,Coffee Maker,Home & Kitchen,South,Karnataka,5,3022.68,0.05,14357.73,9053.56,5304.17,Credit Card,2025,6,June,Q2,36.94295686017219
O02984,2025-01-14,C0380,Divya Rao,P1101,T-Shirt,Clothing,South,Karnataka,1,1529.74,0.05,1453.25,950.56,502.69,UPI,2025,1,January,Q1,34.59074488216067
O02985,2026-01-01,C0737,Karthik Sharma,P4333,Desk,Furniture,North,Uttar Pradesh,1,10906.84,0.05,10361.5,8406.98,1954.52,UPI,2026,1,January,Q1,18.863291994402353
O02986,2026-04-30,C0986,Rahul Nair,P3067,Cookware Set,Home & Kitchen,South,Kerala,5,7115.87,0.2,28463.48,18853.97,9609.51,Net Banking,2026,4,April,Q2,33.76084020646808
O02987,2025-11-17,C0510,Divya Kumar,P5057,Headphones,Electronics,East,Bihar,5,5703.07,0.15,24238.05,14631.1,9606.95,UPI,2025,11,November,Q4,39.63582053836839
O02988,2026-01-23,C1199,Sneha Rao,P5533,Shampoo,Beauty,South,Tamil Nadu,5,917.22,0.0,4586.1,2782.18,1803.92,Net Banking,2026,1,January,Q1,39.334510804387165
O02989,2025-04-03,C0807,Arun Das,P7050,Makeup Kit,Beauty,East,Odisha,4,1265.95,0.0,5063.8,3252.9,1810.9,Credit Card,2025,4,April,Q2,35.76168095106442
O02990,2025-01-18,C0417,Sneha Rao,P7291,Jacket,Clothing,North,Punjab,7,4946.65,0.15,29432.57,20021.12,9411.45,Net Banking,2025,1,January,Q1,31.976310597409608
O02991,2026-03-03,C0728,Vijay Iyer,P4333,Desk,Furniture,West,Madhya Pradesh,4,24542.04,0.0,98168.16,74014.78,24153.38,Debit Card,2026,3,March,Q1,24.604087516767148
O02992,2025-07-06,C0753,Rahul Reddy,P4870,Smartwatch,Electronics,South,Tamil Nadu,5,15998.01,0.0,79990.05,47767.38,32222.67,Cash,2025,7,July,Q3,40.28334774137533
O02993,2026-05-23,C0781,Rahul Das,P6547,Shoes,Clothing,South,Kerala,6,1900.63,0.1,10263.4,6757.41,3505.99,Credit Card,2026,5,May,Q2,34.16012237660034
O02994,2025-12-09,C0321,Arun Rao,P1796,Mouse,Electronics,West,Goa,3,1255.64,0.15,3201.88,1941.72,1260.16,Cash,2025,12,December,Q4,39.35687783427236
O02995,2025-01-11,C0629,Sneha Singh,P6547,Shoes,Clothing,East,Odisha,4,1537.11,0.15,5226.17,4111.43,1114.74,Credit Card,2025,1,January,Q1,21.3299605638546
O02996,2025-03-01,C0557,Meena Iyer,P0899,Perfume,Beauty,South,Karnataka,4,4599.02,0.2,14716.86,11547.45,3169.41,Credit Card,2025,3,March,Q1,21.535911872505412
O02997,2026-01-23,C0431,Vijay Nair,P9667,Mixer Grinder,Home & Kitchen,South,Karnataka,5,4100.06,0.05,19475.29,15819.41,3655.88,Credit Card,2026,1,January,Q1,18.771889917942172
O02998,2025-02-28,C0768,Divya Rao,P0649,Sofa,Furniture,North,Punjab,5,43454.32,0.05,206408.02,136978.8,69429.22,UPI,2025,2,February,Q1,33.63688097003208
O02999,2026-06-28,C0242,Arun Patel,P4870,Smartwatch,Electronics,West,Gujarat,7,17716.73,0.0,124017.11,84963.56,39053.55,Debit Card,2026,6,June,Q2,31.490453212463994
O03000,2025-09-04,C0129,Meena Nair,P3693,Keyboard,Electronics,North,Punjab,6,3135.65,0.0,18813.9,15298.89,3515.01,Cash,2025,9,September,Q3,18.683048171830404
O03001,2025-03-31,C0809,Arun Reddy,P3727,Monitor,Electronics,West,Gujarat,3,15803.84,0.1,42670.37,34920.61,7749.76,Debit Card,2025,3,March,Q1,18.161923601787375
O03002,2026-05-01,C0006,Rahul Verma,P1101,T-Shirt,Clothing,South,Telangana,5,1702.66,0.1,7661.97,5333.39,2328.58,Cash,2026,5,May,Q2,30.39140064500383
O03003,2025-12-25,C0657,Sneha Singh,P4870,Smartwatch,Electronics,West,Maharashtra,5,17036.05,0.05,80921.24,54294.3,26626.94,Credit Card,2025,12,December,Q4,32.90476023353077
O03004,2026-01-29,C0725,Sneha Singh,P7291,Jacket,Clothing,South,Kerala,5,2425.2,0.1,10913.4,8100.87,2812.53,UPI,2026,1,January,Q1,25.771345318599153
O03005,2025-02-09,C1086,Rahul Reddy,P4636,Smartphone,Electronics,South,Karnataka,5,27311.06,0.0,136555.3,107308.32,29246.98,Net Banking,2025,2,February,Q1,21.41768206726506
O03006,2025-08-22,C0032,Sneha Singh,P6547,Shoes,Clothing,North,Rajasthan,7,2476.54,0.0,17335.78,11760.26,5575.52,UPI,2025,8,August,Q3,32.16192175950549
O03007,2026-06-14,C0002,Arun Nair,P4870,Smartwatch,Electronics,East,West Bengal,4,7427.17,0.05,28223.25,19515.63,8707.62,Net Banking,2026,6,June,Q2,30.85264808269778
O03008,2025-10-10,C0259,Ravi Sharma,P9685,Laptop,Electronics,West,Gujarat,4,83471.31,0.0,333885.24,250557.04,83328.2,Credit Card,2025,10,October,Q4,24.95713796752441
O03009,2025-02-11,C1123,Divya Kumar,P0790,Face Cream,Beauty,South,Andhra Pradesh,1,406.09,0.05,385.79,225.83,159.96,Net Banking,2025,2,February,Q1,41.46297208325773
O03010,2026-03-29,C1016,Rahul Iyer,P7780,Vacuum Cleaner,Home & Kitchen,North,Haryana,5,14308.66,0.1,64388.97,44960.05,19428.92,Cash,2026,3,March,Q1,30.174298486215882
O03011,2025-08-29,C1160,Ravi Verma,P4870,Smartwatch,Electronics,South,Telangana,6,13587.08,0.2,65217.98,45067.08,20150.9,Credit Card,2025,8,August,Q3,30.89776776281633
O03012,2025-12-14,C0088,Karthik Kumar,P2376,Dining Table,Furniture,North,Haryana,1,34759.14,0.05,33021.18,25421.41,7599.77,Credit Card,2025,12,December,Q4,23.014834721230436
O03013,2025-11-07,C0412,Karthik Verma,P7291,Jacket,Clothing,South,Karnataka,6,3889.61,0.1,21003.89,13153.76,7850.13,Credit Card,2025,11,November,Q4,37.37464821992498
O03014,2025-10-25,C0711,Priya Reddy,P1101,T-Shirt,Clothing,South,Tamil Nadu,3,668.63,0.1,1805.3,1085.11,720.19,UPI,2025,10,October,Q4,39.89309256079323
O03015,2025-08-04,C0850,Meena Kumar,P6993,Air Fryer,Home & Kitchen,South,Andhra Pradesh,2,8829.92,0.15,15010.86,11004.53,4006.33,Credit Card,2025,8,August,Q3,26.68954343721812
O03016,2025-06-08,C0627,Arun Singh,P1796,Mouse,Electronics,West,Goa,4,2607.07,0.0,10428.28,8224.02,2204.26,UPI,2025,6,June,Q2,21.137330413069076
O03017,2025-12-26,C0428,Rahul Rao,P0790,Face Cream,Beauty,South,Telangana,2,1118.68,0.1,2013.62,1207.17,806.45,Cash,2025,12,December,Q4,40.049761126727
O03018,2025-03-31,C0730,Ananya Kumar,P1101,T-Shirt,Clothing,East,Jharkhand,5,1112.49,0.05,5284.33,3309.11,1975.22,Cash,2025,3,March,Q1,37.37881623592774
O03019,2025-12-25,C0298,Karthik Rao,P9685,Laptop,Electronics,West,Goa,5,57555.91,0.05,273390.57,187255.31,86135.26,Cash,2025,12,December,Q4,31.506302503411142
O03020,2025-03-12,C0349,Ananya Iyer,P9685,Laptop,Electronics,East,Bihar,5,77991.17,0.05,370458.06,293731.08,76726.98,Net Banking,2025,3,March,Q1,20.71138093202777
O03021,2025-05-04,C0603,Sneha Das,P5533,Shampoo,Beauty,North,Haryana,6,280.61,0.1,1515.29,1195.09,320.2,Net Banking,2025,5,May,Q2,21.131268602049772
O03022,2025-03-25,C0749,Vijay Iyer,P0899,Perfume,Beauty,South,Telangana,5,1969.63,0.05,9355.74,6373.13,2982.61,Credit Card,2025,3,March,Q1,31.880000940599036
O03023,2025-03-03,C0679,Divya Singh,P7291,Jacket,Clothing,South,Telangana,3,2798.18,0.1,7555.09,5611.91,1943.18,Credit Card,2025,3,March,Q1,25.720143638262417
O03024,2025-01-04,C0287,Ravi Das,P7291,Jacket,Clothing,West,Maharashtra,4,5750.74,0.0,23002.96,14306.85,8696.11,Cash,2025,1,January,Q1,37.80430866288513
O03025,2025-03-18,C0157,Divya Rao,P0649,Sofa,Furniture,West,Madhya Pradesh,6,44942.23,0.05,256170.71,205925.04,50245.67,Cash,2025,3,March,Q1,19.614135433360044
O03026,2026-05-22,C0977,Divya Das,P7291,Jacket,Clothing,South,Andhra Pradesh,6,1948.57,0.05,11106.85,7088.59,4018.26,Credit Card,2026,5,May,Q2,36.17821434520139
O03027,2026-06-05,C0705,Rahul Nair,P6547,Shoes,Clothing,South,Kerala,7,1707.53,0.0,11952.71,9322.05,2630.66,Net Banking,2026,6,June,Q2,22.008900073707135
O03028,2026-05-16,C0052,Karthik Kumar,P4333,Desk,Furniture,North,Rajasthan,6,20418.74,0.0,122512.44,93973.69,28538.75,UPI,2026,5,May,Q2,23.294573187833006
O03029,2026-01-24,C0496,Ravi Verma,P1600,Office Chair,Furniture,East,Odisha,5,16474.83,0.15,70018.03,56304.31,13713.72,Debit Card,2026,1,January,Q1,19.585983781605965
O03030,2026-03-20,C0302,Rahul Rao,P6993,Air Fryer,Home & Kitchen,North,Uttar Pradesh,1,8392.86,0.1,7553.57,4496.07,3057.5,UPI,2026,3,March,Q1,40.47754902648681
O03031,2026-03-10,C0707,Divya Iyer,P7780,Vacuum Cleaner,Home & Kitchen,North,Delhi,6,16647.03,0.1,89893.96,65160.28,24733.68,Cash,2026,3,March,Q1,27.514284608220617
O03032,2025-03-29,C0551,Priya Das,P9007,Jeans,Clothing,East,Jharkhand,4,1675.34,0.05,6366.29,4798.46,1567.83,Debit Card,2025,3,March,Q1,24.627059087788965
O03033,2025-12-25,C0930,Karthik Kumar,P4333,Desk,Furniture,South,Kerala,5,10797.56,0.0,53987.8,44220.26,9767.54,Credit Card,2025,12,December,Q4,18.092124517020515
O03034,2025-07-13,C1023,Sneha Singh,P7050,Makeup Kit,Beauty,West,Madhya Pradesh,7,4172.13,0.05,27744.66,19851.18,7893.48,UPI,2025,7,July,Q3,28.450447761839577
O03035,2026-01-06,C0039,Arun Kumar,P3727,Monitor,Electronics,South,Telangana,2,14597.89,0.0,29195.78,17330.35,11865.43,Net Banking,2026,1,January,Q1,40.6409076928241
O03036,2026-02-24,C0898,Ravi Singh,P3067,Cookware Set,Home & Kitchen,East,Bihar,2,7998.81,0.0,15997.62,12323.58,3674.04,Cash,2026,2,February,Q1,22.966166217224814
O03037,2025-11-17,C0570,Ravi Singh,P8699,Coffee Maker,Home & Kitchen,North,Delhi,6,7964.59,0.05,45398.16,31331.34,14066.82,Cash,2025,11,November,Q4,30.98544081962793
O03038,2026-06-12,C0989,Ananya Singh,P9007,Jeans,Clothing,West,Maharashtra,1,1128.43,0.15,959.17,770.57,188.6,Debit Card,2026,6,June,Q2,19.662833491456155
O03039,2025-01-28,C0108,Vijay Verma,P6993,Air Fryer,Home & Kitchen,East,Bihar,6,6519.68,0.1,35206.27,25887.57,9318.7,Debit Card,2025,1,January,Q1,26.46886477891581
O03040,2025-04-13,C0643,Arun Reddy,P4333,Desk,Furniture,North,Uttar Pradesh,5,6428.56,0.0,32142.8,22316.02,9826.78,Debit Card,2025,4,April,Q2,30.57225879512675
O03041,2026-05-26,C0733,Ravi Iyer,P1796,Mouse,Electronics,South,Tamil Nadu,1,2645.66,0.05,2513.38,1478.23,1035.15,Debit Card,2026,5,May,Q2,41.185574803650866
O03042,2025-04-29,C0578,Meena Das,P4870,Smartwatch,Electronics,South,Tamil Nadu,1,13011.57,0.2,10409.26,7122.59,3286.67,Debit Card,2025,4,April,Q2,31.574482720193366
O03043,2025-09-28,C0070,Rahul Reddy,P1796,Mouse,Electronics,West,Madhya Pradesh,7,476.37,0.05,3167.86,1857.91,1309.95,Credit Card,2025,9,September,Q3,41.3512592096873
O03044,2025-03-12,C0108,Karthik Sharma,P9667,Mixer Grinder,Home & Kitchen,North,Uttar Pradesh,6,3899.93,0.05,22229.6,15969.02,6260.58,Net Banking,2025,3,March,Q1,28.16325979774715
O03045,2026-06-08,C0296,Priya Singh,P0790,Face Cream,Beauty,East,Jharkhand,4,1250.35,0.0,5001.4,3300.54,1700.86,Cash,2026,6,June,Q2,34.007677850201944
O03046,2025-04-08,C1175,Vijay Patel,P3067,Cookware Set,Home & Kitchen,North,Punjab,6,6902.89,0.1,37275.61,27922.14,9353.47,Credit Card,2025,4,April,Q2,25.092734900917783
O03047,2025-02-11,C1076,Meena Singh,P5057,Headphones,Electronics,West,Goa,3,6230.87,0.05,17757.98,12632.85,5125.13,Credit Card,2025,2,February,Q1,28.860996577313415
O03048,2025-05-03,C0887,Rahul Verma,P2376,Dining Table,Furniture,South,Karnataka,2,30421.21,0.05,57800.3,44542.18,13258.12,UPI,2025,5,May,Q2,22.937804821082246
O03049,2025-11-23,C0669,Vijay Patel,P8566,Dress,Clothing,North,Delhi,7,2794.45,0.1,17605.04,11325.27,6279.77,Debit Card,2025,11,November,Q4,35.67029668776669
O03050,2026-01-08,C1160,Arun Patel,P1101,T-Shirt,Clothing,East,Jharkhand,5,579.81,0.0,2899.05,2241.22,657.83,UPI,2026,1,January,Q1,22.691226436246357
O03051,2026-03-04,C0497,Rahul Das,P1600,Office Chair,Furniture,West,Gujarat,6,8967.97,0.05,51117.43,31661.44,19455.99,UPI,2026,3,March,Q1,38.06136184859059
O03052,2025-07-07,C0838,Priya Nair,P8566,Dress,Clothing,South,Karnataka,5,4618.16,0.0,23090.8,13628.48,9462.32,Net Banking,2025,7,July,Q3,40.97874478147141
O03053,2025-01-16,C0221,Arun Nair,P0649,Sofa,Furniture,South,Telangana,5,33937.03,0.0,169685.15,107403.05,62282.1,Debit Card,2025,1,January,Q1,36.704508320262555
O03054,2025-01-09,C0272,Divya Singh,P0790,Face Cream,Beauty,South,Telangana,5,1031.81,0.2,4127.24,2492.75,1634.49,Net Banking,2025,1,January,Q1,39.602494645331994
O03055,2025-02-21,C1151,Ravi Sharma,P4333,Desk,Furniture,West,Goa,5,9634.86,0.2,38539.44,22404.07,16135.37,Cash,2025,2,February,Q1,41.867162574235635
O03056,2025-01-29,C0688,Ravi Nair,P6547,Shoes,Clothing,West,Madhya Pradesh,3,2323.8,0.1,6274.26,3919.96,2354.3,UPI,2025,1,January,Q1,37.52315014041497
O03057,2025-08-13,C0238,Ravi Reddy,P9007,Jeans,Clothing,South,Telangana,3,3133.56,0.05,8930.65,5892.5,3038.15,Net Banking,2025,8,August,Q3,34.019360292923814
O03058,2026-03-12,C0270,Ananya Sharma,P3693,Keyboard,Electronics,South,Karnataka,4,4172.05,0.0,16688.2,12775.11,3913.09,Debit Card,2026,3,March,Q1,23.448244867631022
O03059,2025-01-02,C0994,Ravi Patel,P2376,Dining Table,Furniture,South,Karnataka,5,13097.27,0.1,58937.72,45536.68,13401.04,UPI,2025,1,January,Q1,22.737628805457692
O03060,2026-04-24,C0343,Karthik Patel,P3067,Cookware Set,Home & Kitchen,East,Odisha,5,6208.17,0.1,27936.76,22489.39,5447.37,Credit Card,2026,4,April,Q2,19.498932589176412
O03061,2025-06-17,C0309,Ravi Iyer,P7780,Vacuum Cleaner,Home & Kitchen,South,Telangana,1,8055.32,0.2,6444.26,5087.64,1356.62,Net Banking,2025,6,June,Q2,21.05160251138222
O03062,2025-12-06,C0813,Divya Patel,P1600,Office Chair,Furniture,North,Punjab,7,8737.44,0.0,61162.08,43928.65,17233.43,Net Banking,2025,12,December,Q4,28.176657824586737
O03063,2025-10-26,C0906,Ananya Reddy,P4636,Smartphone,Electronics,North,Uttar Pradesh,4,51100.29,0.1,183961.04,123164.72,60796.32,Debit Card,2025,10,October,Q4,33.048475916422305
O03064,2026-06-11,C0394,Karthik Iyer,P3067,Cookware Set,Home & Kitchen,South,Andhra Pradesh,3,7110.16,0.0,21330.48,17180.98,4149.5,Credit Card,2026,6,June,Q2,19.453383139994976
O03065,2026-03-19,C0130,Sneha Patel,P5057,Headphones,Electronics,North,Punjab,1,7949.55,0.1,7154.6,4789.44,2365.16,Credit Card,2026,3,March,Q1,33.05789282419702
O03066,2026-01-08,C1173,Divya Rao,P0649,Sofa,Furniture,South,Andhra Pradesh,2,17471.99,0.1,31449.58,20001.01,11448.57,Net Banking,2026,1,January,Q1,36.40293447480062
O03067,2025-11-13,C0391,Karthik Kumar,P0790,Face Cream,Beauty,West,Gujarat,7,917.11,0.1,5777.79,3915.85,1861.94,Credit Card,2025,11,November,Q4,32.22581644538829
O03068,2025-07-07,C0413,Priya Rao,P0790,Face Cream,Beauty,South,Karnataka,3,405.34,0.0,1216.02,753.93,462.09,Credit Card,2025,7,July,Q3,38.00019736517491
O03069,2025-09-05,C0429,Divya Sharma,P4333,Desk,Furniture,North,Uttar Pradesh,3,18295.99,0.0,54887.97,42597.89,12290.08,Cash,2025,9,September,Q3,22.391208856877014
O03070,2025-02-04,C0031,Arun Reddy,P0649,Sofa,Furniture,South,Kerala,6,20780.77,0.0,124684.62,80970.54,43714.08,Credit Card,2025,2,February,Q1,35.05972107867033
O03071,2025-07-15,C0790,Ananya Patel,P4636,Smartphone,Electronics,North,Punjab,1,62059.49,0.0,62059.49,47305.71,14753.78,Debit Card,2025,7,July,Q3,23.773608194330958
O03072,2025-09-14,C0849,Ravi Singh,P4870,Smartwatch,Electronics,North,Haryana,7,14375.21,0.0,100626.47,62153.82,38472.65,Debit Card,2025,9,September,Q3,38.23313090482057
O03073,2025-10-19,C0181,Ravi Patel,P2376,Dining Table,Furniture,West,Goa,2,10213.94,0.05,19406.49,12742.55,6663.94,Credit Card,2025,10,October,Q4,34.33871864515427
O03074,2026-05-06,C0296,Ravi Verma,P5057,Headphones,Electronics,South,Andhra Pradesh,1,2871.11,0.05,2727.55,1818.29,909.26,Debit Card,2026,5,May,Q2,33.3361441586772
O03075,2026-01-27,C0860,Rahul Patel,P5057,Headphones,Electronics,South,Telangana,3,3801.64,0.0,11404.92,8810.36,2594.56,Net Banking,2026,1,January,Q1,22.749480048961324
O03076,2025-06-24,C0010,Karthik Patel,P3727,Monitor,Electronics,North,Haryana,5,19366.25,0.0,96831.25,62712.4,34118.85,Credit Card,2025,6,June,Q2,35.23537081262506
O03077,2025-01-25,C0149,Ravi Patel,P0790,Face Cream,Beauty,North,Uttar Pradesh,3,1006.68,0.0,3020.04,1766.86,1253.18,UPI,2025,1,January,Q1,41.49547688110092
O03078,2025-06-03,C0563,Divya Das,P9007,Jeans,Clothing,South,Tamil Nadu,3,3276.91,0.05,9339.19,7262.48,2076.71,Net Banking,2025,6,June,Q2,22.236510875140134
O03079,2025-11-20,C0861,Ravi Nair,P3067,Cookware Set,Home & Kitchen,East,Bihar,5,3322.6,0.0,16613.0,11587.96,5025.04,Debit Card,2025,11,November,Q4,30.247637392403536
O03080,2025-05-24,C0053,Vijay Singh,P4636,Smartphone,Electronics,North,Haryana,6,18945.76,0.05,107990.83,88193.86,19796.97,Net Banking,2025,5,May,Q2,18.332084307528703
O03081,2025-07-08,C0878,Ravi Sharma,P1600,Office Chair,Furniture,West,Goa,1,11989.23,0.15,10190.85,6546.11,3644.74,Credit Card,2025,7,July,Q3,35.7648282527954
O03082,2026-04-13,C1019,Vijay Das,P9685,Laptop,Electronics,East,Bihar,1,65971.99,0.05,62673.39,46017.35,16656.04,Credit Card,2026,4,April,Q2,26.575935975379668
O03083,2026-06-02,C0335,Ananya Singh,P6547,Shoes,Clothing,West,Goa,1,1219.52,0.1,1097.57,774.65,322.92,Credit Card,2026,6,June,Q2,29.421358091055698
O03084,2025-06-30,C0682,Vijay Das,P3693,Keyboard,Electronics,North,Uttar Pradesh,2,817.0,0.1,1470.6,1090.55,380.05,Debit Card,2025,6,June,Q2,25.843193254453965
O03085,2025-01-05,C0245,Ravi Kumar,P6547,Shoes,Clothing,South,Kerala,3,1206.0,0.1,3256.2,2445.57,810.63,UPI,2025,1,January,Q1,24.894969596462136
O03086,2025-06-30,C0858,Divya Iyer,P0649,Sofa,Furniture,West,Madhya Pradesh,7,32803.76,0.1,206663.69,163931.29,42732.4,Cash,2025,6,June,Q2,20.677265561260423
O03087,2025-07-18,C0805,Vijay Iyer,P1101,T-Shirt,Clothing,North,Rajasthan,2,710.19,0.0,1420.38,988.45,431.93,UPI,2025,7,July,Q3,30.409467888874808
O03088,2026-06-14,C0510,Sneha Reddy,P4870,Smartwatch,Electronics,South,Tamil Nadu,2,6867.16,0.1,12360.89,7943.6,4417.29,Net Banking,2026,6,June,Q2,35.736019008340016
O03089,2026-06-03,C1139,Arun Iyer,P7050,Makeup Kit,Beauty,South,Tamil Nadu,1,2573.48,0.05,2444.81,1660.09,784.72,UPI,2026,6,June,Q2,32.09738180063073
O03090,2025-04-07,C0083,Meena Kumar,P4870,Smartwatch,Electronics,South,Tamil Nadu,3,4125.19,0.05,11756.79,8707.07,3049.72,UPI,2025,4,April,Q2,25.940073778641953
O03091,2025-03-22,C0636,Ananya Das,P1077,Skin Care Set,Beauty,South,Kerala,2,4129.78,0.05,7846.58,5260.46,2586.12,Net Banking,2025,3,March,Q1,32.958562838841885
O03092,2026-03-02,C0772,Sneha Singh,P8699,Coffee Maker,Home & Kitchen,East,Bihar,7,2815.96,0.05,18726.13,13520.17,5205.96,Credit Card,2026,3,March,Q1,27.800511905022553
O03093,2025-04-30,C0124,Priya Iyer,P6266,Bookshelf,Furniture,South,Karnataka,6,9832.34,0.1,53094.64,42415.35,10679.29,Cash,2025,4,April,Q2,20.113687558668826
O03094,2025-08-30,C0944,Divya Das,P1600,Office Chair,Furniture,West,Gujarat,1,14189.45,0.0,14189.45,8434.87,5754.58,UPI,2025,8,August,Q3,40.55534217323434
O03095,2025-09-04,C0024,Priya Reddy,P3727,Monitor,Electronics,North,Haryana,6,10821.05,0.15,55187.36,35404.06,19783.3,Net Banking,2025,9,September,Q3,35.84752015678953
O03096,2025-07-22,C0035,Divya Sharma,P6547,Shoes,Clothing,South,Andhra Pradesh,4,1859.68,0.1,6694.85,5286.92,1407.93,Net Banking,2025,7,July,Q3,21.030045482721793
O03097,2025-03-25,C0379,Meena Kumar,P3693,Keyboard,Electronics,West,Maharashtra,4,1047.77,0.0,4191.08,3300.43,890.65,Credit Card,2025,3,March,Q1,21.25108563902383
O03098,2025-04-30,C0047,Karthik Iyer,P4636,Smartphone,Electronics,North,Haryana,5,61791.9,0.1,278063.55,195437.11,82626.44,Debit Card,2025,4,April,Q2,29.714948255533674
O03099,2025-10-17,C0696,Priya Sharma,P9007,Jeans,Clothing,East,West Bengal,2,1047.26,0.0,2094.52,1671.35,423.17,Credit Card,2025,10,October,Q4,20.20367435020912
O03100,2025-12-20,C0306,Meena Singh,P3693,Keyboard,Electronics,North,Haryana,5,2749.76,0.0,13748.8,8325.71,5423.09,Credit Card,2025,12,December,Q4,39.44409693936925
O03101,2026-03-04,C1136,Sneha Nair,P5057,Headphones,Electronics,South,Tamil Nadu,7,8295.94,0.0,58071.58,44623.83,13447.75,UPI,2026,3,March,Q1,23.15719668726079
O03102,2026-02-15,C1155,Vijay Sharma,P8699,Coffee Maker,Home & Kitchen,South,Karnataka,2,3796.18,0.1,6833.12,5103.08,1730.04,Cash,2026,2,February,Q1,25.318448966211626
O03103,2025-07-18,C0904,Priya Das,P7780,Vacuum Cleaner,Home & Kitchen,West,Gujarat,7,13239.99,0.1,83411.94,52069.04,31342.9,UPI,2025,7,July,Q3,37.576035277443495
O03104,2025-05-07,C0171,Divya Kumar,P3067,Cookware Set,Home & Kitchen,North,Punjab,5,5622.66,0.05,26707.64,20645.69,6061.95,UPI,2025,5,May,Q2,22.697437886687105
O03105,2026-02-05,C0329,Vijay Singh,P7087,Tablet,Electronics,West,Madhya Pradesh,4,32713.55,0.0,130854.2,76566.35,54287.85,Credit Card,2026,2,February,Q1,41.48728126418564
O03106,2025-03-01,C1163,Ananya Patel,P3727,Monitor,Electronics,South,Andhra Pradesh,2,27192.16,0.1,48945.89,35982.77,12963.12,UPI,2025,3,March,Q1,26.48459349702294
O03107,2025-11-09,C0048,Ananya Iyer,P8699,Coffee Maker,Home & Kitchen,South,Karnataka,4,9262.1,0.15,31491.14,19531.54,11959.6,Credit Card,2025,11,November,Q4,37.97766609909962
O03108,2026-02-28,C0258,Sneha Patel,P8566,Dress,Clothing,West,Madhya Pradesh,7,2037.09,0.05,13546.65,8345.25,5201.4,Credit Card,2026,2,February,Q1,38.396208656752776
O03109,2026-02-25,C0954,Meena Singh,P9685,Laptop,Electronics,South,Andhra Pradesh,7,75643.77,0.1,476555.75,337289.46,139266.29,UPI,2026,2,February,Q1,29.223504280454073
O03110,2026-03-07,C0400,Priya Sharma,P9007,Jeans,Clothing,West,Madhya Pradesh,5,3439.04,0.0,17195.2,13786.25,3408.95,Debit Card,2026,3,March,Q1,19.825009304922304
O03111,2026-05-09,C0651,Sneha Verma,P8566,Dress,Clothing,East,West Bengal,3,2792.86,0.05,7959.65,5417.04,2542.61,Net Banking,2026,5,May,Q2,31.94374124490399
O03112,2025-01-12,C0769,Vijay Iyer,P0649,Sofa,Furniture,East,Jharkhand,5,30760.63,0.0,153803.15,102814.5,50988.65,Cash,2025,1,January,Q1,33.15188928185151
O03113,2026-03-21,C0947,Divya Singh,P3067,Cookware Set,Home & Kitchen,West,Maharashtra,6,3438.22,0.15,17534.92,14115.68,3419.24,Debit Card,2026,3,March,Q1,19.49960421832549
O03114,2026-03-02,C0524,Sneha Das,P5057,Headphones,Electronics,West,Madhya Pradesh,5,3532.99,0.1,15898.45,10250.74,5647.71,Debit Card,2026,3,March,Q1,35.52365167673578
O03115,2025-06-17,C0896,Vijay Das,P1101,T-Shirt,Clothing,West,Gujarat,7,1593.56,0.15,9481.68,5987.0,3494.68,UPI,2025,6,June,Q2,36.857181427763855
O03116,2026-01-01,C0083,Karthik Iyer,P6547,Shoes,Clothing,North,Rajasthan,1,5582.88,0.0,5582.88,3318.13,2264.75,Net Banking,2026,1,January,Q1,40.56598028257817
O03117,2025-01-15,C1059,Arun Das,P6547,Shoes,Clothing,North,Uttar Pradesh,4,4771.83,0.1,17178.59,11447.88,5730.71,Net Banking,2025,1,January,Q1,33.35960634720312
O03118,2025-11-18,C0590,Rahul Rao,P9685,Laptop,Electronics,South,Kerala,1,73184.4,0.1,65865.96,52961.82,12904.14,Cash,2025,11,November,Q4,19.591515860392832
O03119,2025-11-08,C0203,Sneha Sharma,P4870,Smartwatch,Electronics,West,Madhya Pradesh,4,11926.93,0.1,42936.95,29502.36,13434.59,Cash,2025,11,November,Q4,31.289111126896536
O03120,2025-07-17,C0816,Arun Verma,P2376,Dining Table,Furniture,West,Goa,2,28099.82,0.1,50579.68,34702.94,15876.74,Cash,2025,7,July,Q3,31.389561974294818
O03121,2026-03-18,C0981,Ravi Kumar,P1600,Office Chair,Furniture,North,Rajasthan,3,15214.82,0.1,41080.01,24925.4,16154.61,Credit Card,2026,3,March,Q1,39.32474699981816
O03122,2026-03-15,C0611,Sneha Reddy,P9685,Laptop,Electronics,North,Haryana,5,69814.75,0.05,331620.06,265817.29,65802.77,Credit Card,2026,3,March,Q1,19.842819520628517
O03123,2025-11-28,C0082,Meena Nair,P7780,Vacuum Cleaner,Home & Kitchen,South,Karnataka,6,11132.31,0.05,63454.17,40771.17,22683.0,Credit Card,2025,11,November,Q4,35.74705964950767
O03124,2025-03-15,C0462,Ananya Singh,P6547,Shoes,Clothing,West,Gujarat,7,1296.15,0.0,9073.05,5957.83,3115.22,Credit Card,2025,3,March,Q1,34.334870853792275
O03125,2025-03-25,C0251,Rahul Das,P4333,Desk,Furniture,West,Gujarat,4,11135.15,0.0,44540.6,30537.99,14002.61,Net Banking,2025,3,March,Q1,31.437856697035965
O03126,2025-12-17,C0864,Meena Iyer,P5057,Headphones,Electronics,North,Uttar Pradesh,7,3737.61,0.1,23546.94,13864.94,9682.0,Cash,2025,12,December,Q4,41.1178692433072
O03127,2026-01-02,C0689,Ananya Singh,P8566,Dress,Clothing,North,Uttar Pradesh,5,2968.8,0.05,14101.8,8535.94,5565.86,Debit Card,2026,1,January,Q1,39.46914578280787
O03128,2025-10-14,C0103,Rahul Patel,P7291,Jacket,Clothing,East,Bihar,2,2279.27,0.05,4330.61,2904.19,1426.42,Debit Card,2025,10,October,Q4,32.938084934916795
O03129,2026-03-29,C0492,Priya Iyer,P0899,Perfume,Beauty,North,Delhi,1,3561.77,0.1,3205.59,2260.6,944.99,Cash,2026,3,March,Q1,29.479440602198032
O03130,2025-03-20,C1055,Arun Rao,P3693,Keyboard,Electronics,East,Jharkhand,6,4209.63,0.05,23994.89,17619.82,6375.07,Cash,2025,3,March,Q1,26.568448532166638
O03131,2025-02-18,C0261,Meena Das,P5057,Headphones,Electronics,South,Karnataka,6,4546.5,0.1,24551.1,15390.4,9160.7,Debit Card,2025,2,February,Q1,37.3127884290317
O03132,2025-09-16,C0744,Vijay Singh,P8566,Dress,Clothing,West,Madhya Pradesh,3,2108.3,0.05,6008.66,3832.76,2175.9,UPI,2025,9,September,Q3,36.212732955434326
O03133,2025-02-14,C0275,Vijay Patel,P1101,T-Shirt,Clothing,West,Goa,5,1724.05,0.0,8620.25,5495.62,3124.63,Debit Card,2025,2,February,Q1,36.247556625387894
O03134,2025-11-14,C0541,Ananya Reddy,P4636,Smartphone,Electronics,South,Karnataka,2,21794.51,0.05,41409.57,28450.41,12959.16,Cash,2025,11,November,Q4,31.29508468694555
O03135,2026-03-15,C0481,Divya Das,P3727,Monitor,Electronics,East,Odisha,6,23846.96,0.1,128773.58,90227.34,38546.24,UPI,2026,3,March,Q1,29.933345023101786
O03136,2025-11-04,C1069,Sneha Verma,P5057,Headphones,Electronics,South,Karnataka,5,7490.63,0.05,35580.49,22975.9,12604.59,Cash,2025,11,November,Q4,35.42556608973064
O03137,2025-12-16,C0628,Priya Kumar,P7780,Vacuum Cleaner,Home & Kitchen,West,Goa,1,15536.93,0.0,15536.93,10715.67,4821.26,Debit Card,2025,12,December,Q4,31.030969438621405
O03138,2026-06-12,C1184,Karthik Patel,P4333,Desk,Furniture,North,Punjab,3,14797.02,0.2,35512.85,23013.81,12499.04,UPI,2026,6,June,Q2,35.19582348361227
O03139,2025-08-07,C0486,Ravi Nair,P9007,Jeans,Clothing,South,Karnataka,4,2793.61,0.15,9498.27,6404.55,3093.72,UPI,2025,8,August,Q3,32.57140510850923
O03140,2025-12-13,C0407,Vijay Verma,P8566,Dress,Clothing,East,Bihar,2,4454.97,0.1,8018.95,5917.64,2101.31,Debit Card,2025,12,December,Q4,26.204303555951842
O03141,2025-06-13,C0582,Ananya Reddy,P5057,Headphones,Electronics,West,Goa,4,1335.63,0.05,5075.39,3108.99,1966.4,Credit Card,2025,6,June,Q2,38.743820671908956
O03142,2026-06-12,C0669,Sneha Patel,P1600,Office Chair,Furniture,South,Kerala,2,17489.4,0.2,27983.04,22629.92,5353.12,Cash,2026,6,June,Q2,19.129872951616406
O03143,2025-03-14,C0401,Arun Nair,P6993,Air Fryer,Home & Kitchen,East,Odisha,3,7413.95,0.1,20017.66,15335.67,4681.99,Credit Card,2025,3,March,Q1,23.389297250527783
O03144,2025-06-28,C0379,Rahul Sharma,P0649,Sofa,Furniture,West,Maharashtra,5,27177.54,0.05,129093.32,80101.18,48992.14,UPI,2025,6,June,Q2,37.950948972417784
O03145,2026-02-09,C0147,Priya Rao,P8566,Dress,Clothing,South,Kerala,3,2939.6,0.1,7936.92,4806.31,3130.61,Credit Card,2026,2,February,Q1,39.443638086310564
O03146,2025-11-03,C0182,Ananya Sharma,P0790,Face Cream,Beauty,West,Maharashtra,2,1710.92,0.05,3250.75,2244.75,1006.0,Debit Card,2025,11,November,Q4,30.94670460662924
O03147,2025-11-17,C0670,Meena Rao,P7291,Jacket,Clothing,North,Rajasthan,6,2848.48,0.0,17090.88,12078.54,5012.34,Cash,2025,11,November,Q4,29.327571195865865
O03148,2025-12-22,C0584,Karthik Sharma,P8699,Coffee Maker,Home & Kitchen,North,Uttar Pradesh,7,4027.54,0.1,25373.5,18637.58,6735.92,Debit Card,2025,12,December,Q4,26.54706682168404
O03149,2026-03-22,C0950,Ananya Rao,P0649,Sofa,Furniture,South,Andhra Pradesh,4,43189.15,0.1,155480.94,106608.32,48872.62,Credit Card,2026,3,March,Q1,31.433190460515615
O03150,2026-01-22,C0352,Priya Das,P9685,Laptop,Electronics,North,Punjab,6,68979.25,0.0,413875.5,257739.24,156136.26,Debit Card,2026,1,January,Q1,37.725417426255
O03151,2025-08-21,C0217,Priya Patel,P4636,Smartphone,Electronics,North,Punjab,7,23598.98,0.05,156933.22,115394.14,41539.08,Debit Card,2025,8,August,Q3,26.46927145189527
O03152,2025-06-15,C1176,Ravi Sharma,P7050,Makeup Kit,Beauty,West,Madhya Pradesh,1,1789.54,0.05,1700.06,1098.33,601.73,Cash,2025,6,June,Q2,35.394633130595395
O03153,2026-01-14,C1192,Divya Sharma,P9685,Laptop,Electronics,West,Gujarat,1,74721.21,0.0,74721.21,57875.18,16846.03,Net Banking,2026,1,January,Q1,22.54517826999857
O03154,2025-04-07,C0759,Meena Verma,P4636,Smartphone,Electronics,West,Gujarat,2,24653.91,0.0,49307.82,38857.73,10450.09,Credit Card,2025,4,April,Q2,21.1935753801324
O03155,2026-05-18,C0968,Ravi Sharma,P3693,Keyboard,Electronics,North,Punjab,5,2679.83,0.2,10719.32,7150.33,3568.99,Cash,2026,5,May,Q2,33.29492915595392
O03156,2025-03-15,C0463,Arun Sharma,P1796,Mouse,Electronics,West,Goa,7,998.81,0.05,6642.09,3933.9,2708.19,Net Banking,2025,3,March,Q1,40.77316025528109
O03157,2026-04-06,C0914,Sneha Singh,P4870,Smartwatch,Electronics,North,Rajasthan,1,12236.22,0.0,12236.22,9611.32,2624.9,Credit Card,2026,4,April,Q2,21.45188628514362
O03158,2025-04-08,C0138,Ananya Rao,P3067,Cookware Set,Home & Kitchen,East,Bihar,4,6745.81,0.05,25634.08,21000.13,4633.95,Net Banking,2025,4,April,Q2,18.07730177950603
O03159,2026-01-01,C0469,Ananya Iyer,P5533,Shampoo,Beauty,West,Goa,3,1036.57,0.1,2798.74,2053.15,745.59,UPI,2026,1,January,Q1,26.64020237678384
O03160,2025-09-30,C0623,Rahul Rao,P8699,Coffee Maker,Home & Kitchen,South,Telangana,5,8370.19,0.0,41850.95,31292.36,10558.59,Cash,2025,9,September,Q3,25.229033032702965
O03161,2025-12-09,C1061,Ravi Reddy,P1600,Office Chair,Furniture,North,Haryana,7,8195.03,0.05,54496.95,43127.51,11369.44,Debit Card,2025,12,December,Q4,20.862525333986586
O03162,2025-10-05,C1057,Karthik Nair,P7050,Makeup Kit,Beauty,East,Bihar,3,3481.83,0.1,9400.94,5779.17,3621.77,Cash,2025,10,October,Q4,38.52561552355402
O03163,2026-05-26,C0007,Meena Patel,P1600,Office Chair,Furniture,South,Tamil Nadu,1,15180.98,0.1,13662.88,10527.68,3135.2,Credit Card,2026,5,May,Q2,22.946845760191117
O03164,2025-01-09,C0723,Sneha Reddy,P7291,Jacket,Clothing,East,Odisha,1,5106.75,0.0,5106.75,4097.77,1008.98,Cash,2025,1,January,Q1,19.757771576834582
O03165,2026-06-28,C0991,Rahul Das,P9667,Mixer Grinder,Home & Kitchen,South,Telangana,7,6776.74,0.15,40321.6,32662.2,7659.4,Debit Card,2026,6,June,Q2,18.995773977223127
O03166,2025-08-11,C0576,Meena Kumar,P8699,Coffee Maker,Home & Kitchen,East,West Bengal,3,5510.24,0.05,15704.18,12611.68,3092.5,Credit Card,2025,8,August,Q3,19.69220933534893
O03167,2025-03-17,C0415,Meena Reddy,P8566,Dress,Clothing,North,Rajasthan,2,3590.22,0.2,5744.35,3707.09,2037.26,Net Banking,2025,3,March,Q1,35.465457362451794
O03168,2026-01-20,C0950,Ravi Kumar,P9685,Laptop,Electronics,West,Gujarat,7,65023.58,0.05,432406.81,266973.65,165433.16,UPI,2026,1,January,Q1,38.258685148830104
O03169,2026-03-11,C1039,Ananya Kumar,P9007,Jeans,Clothing,North,Rajasthan,1,1448.08,0.0,1448.08,890.52,557.56,UPI,2026,3,March,Q1,38.50339760234241
O03170,2026-04-06,C0473,Karthik Reddy,P6993,Air Fryer,Home & Kitchen,North,Haryana,5,10027.26,0.1,45122.67,28467.41,16655.26,Net Banking,2026,4,April,Q2,36.91106931393909
O03171,2025-03-04,C0081,Vijay Sharma,P3727,Monitor,Electronics,South,Tamil Nadu,1,22293.07,0.15,18949.11,13830.77,5118.34,Net Banking,2025,3,March,Q1,27.010978352017588
O03172,2026-06-18,C1080,Karthik Iyer,P3067,Cookware Set,Home & Kitchen,East,Odisha,3,2094.6,0.1,5655.42,3329.26,2326.16,UPI,2026,6,June,Q2,41.131516315322294
O03173,2025-09-21,C0231,Arun Nair,P1101,T-Shirt,Clothing,North,Haryana,6,1123.86,0.1,6068.84,4642.12,1426.72,Net Banking,2025,9,September,Q3,23.508940753092848
O03174,2025-11-11,C0612,Arun Verma,P9007,Jeans,Clothing,South,Kerala,1,979.31,0.05,930.34,599.01,331.33,Net Banking,2025,11,November,Q4,35.61386159898532
O03175,2025-02-19,C0914,Ananya Sharma,P0649,Sofa,Furniture,South,Telangana,5,42638.87,0.1,191874.92,146255.4,45619.52,Net Banking,2025,2,February,Q1,23.775655515582752
O03176,2025-09-12,C0516,Arun Nair,P9685,Laptop,Electronics,West,Goa,4,77358.49,0.05,293962.26,172198.44,121763.82,UPI,2025,9,September,Q3,41.421582484772024
O03177,2025-07-14,C1113,Divya Sharma,P5057,Headphones,Electronics,East,Bihar,3,10181.55,0.05,29017.42,20116.74,8900.68,Debit Card,2025,7,July,Q3,30.67357470098996
O03178,2026-02-26,C0720,Meena Reddy,P9007,Jeans,Clothing,West,Madhya Pradesh,5,3110.87,0.0,15554.35,10721.96,4832.39,Net Banking,2026,2,February,Q1,31.067772038047238
O03179,2026-02-02,C0596,Ananya Iyer,P0649,Sofa,Furniture,West,Gujarat,4,44141.45,0.1,158909.22,116720.51,42188.71,Credit Card,2026,2,February,Q1,26.548937814936096
O03180,2025-09-19,C1183,Sneha Patel,P0649,Sofa,Furniture,North,Punjab,7,20240.72,0.15,120432.28,84731.23,35701.05,Credit Card,2025,9,September,Q3,29.644087116842766
O03181,2025-04-06,C1169,Ananya Das,P5533,Shampoo,Beauty,West,Goa,6,231.46,0.05,1319.32,912.95,406.37,Net Banking,2025,4,April,Q2,30.80147348634145
O03182,2025-02-21,C0655,Ananya Verma,P4333,Desk,Furniture,South,Tamil Nadu,2,9517.16,0.0,19034.32,14695.95,4338.37,UPI,2025,2,February,Q1,22.79235612304511
O03183,2025-07-30,C0479,Vijay Iyer,P3727,Monitor,Electronics,West,Goa,6,10755.63,0.05,61307.09,36245.98,25061.11,Credit Card,2025,7,July,Q3,40.87799632962517
O03184,2026-01-29,C1145,Divya Kumar,P3693,Keyboard,Electronics,West,Gujarat,6,3381.19,0.0,20287.14,15788.32,4498.82,Credit Card,2026,1,January,Q1,22.17572314283827
O03185,2026-05-30,C0171,Ravi Iyer,P2376,Dining Table,Furniture,West,Maharashtra,5,34802.44,0.05,165311.59,131535.94,33775.65,UPI,2026,5,May,Q2,20.431507554914933
O03186,2026-02-06,C0559,Ananya Kumar,P7050,Makeup Kit,Beauty,South,Tamil Nadu,5,3143.51,0.0,15717.55,11872.45,3845.1,Credit Card,2026,2,February,Q1,24.463736396575804
O03187,2025-07-25,C0697,Karthik Singh,P3727,Monitor,Electronics,North,Delhi,7,21310.89,0.05,141717.42,92260.09,49457.33,Credit Card,2025,7,July,Q3,34.89855375577681
O03188,2025-12-11,C0187,Divya Sharma,P6993,Air Fryer,Home & Kitchen,South,Andhra Pradesh,5,10470.86,0.15,44501.16,35766.73,8734.43,Credit Card,2025,12,December,Q4,19.627420948128094
O03189,2026-02-10,C0176,Vijay Patel,P8699,Coffee Maker,Home & Kitchen,South,Karnataka,2,7432.27,0.0,14864.54,9133.67,5730.87,Cash,2026,2,February,Q1,38.553968033992305
O03190,2026-06-22,C0888,Ananya Sharma,P4870,Smartwatch,Electronics,East,Bihar,5,17542.21,0.0,87711.05,69567.73,18143.32,Credit Card,2026,6,June,Q2,20.685329841565
O03191,2026-02-21,C0746,Priya Kumar,P4333,Desk,Furniture,East,Bihar,1,17783.45,0.0,17783.45,10645.32,7138.13,Cash,2026,2,February,Q1,40.13917434468565
O03192,2025-09-24,C0485,Sneha Rao,P7087,Tablet,Electronics,East,Odisha,6,12011.49,0.05,68465.49,50871.23,17594.26,Credit Card,2025,9,September,Q3,25.697997633552315
O03193,2025-01-13,C1087,Ravi Rao,P6993,Air Fryer,Home & Kitchen,North,Delhi,3,7737.76,0.1,20891.95,14468.0,6423.95,Net Banking,2025,1,January,Q1,30.74844617185088
O03194,2025-08-23,C0737,Rahul Iyer,P6547,Shoes,Clothing,East,Jharkhand,7,4212.35,0.1,26537.81,20055.73,6482.08,Net Banking,2025,8,August,Q3,24.42582865730066
O03195,2025-10-12,C0764,Ravi Patel,P9685,Laptop,Electronics,West,Goa,3,71517.75,0.1,193097.92,129460.85,63637.07,Credit Card,2025,10,October,Q4,32.95585472904109
O03196,2025-11-29,C0744,Ananya Rao,P0790,Face Cream,Beauty,North,Rajasthan,2,1019.62,0.0,2039.24,1472.17,567.07,UPI,2025,11,November,Q4,27.807908828779354
O03197,2026-06-23,C1019,Priya Patel,P1796,Mouse,Electronics,East,Odisha,5,2847.74,0.1,12814.83,10170.6,2644.23,Net Banking,2026,6,June,Q2,20.634140289024515
O03198,2025-07-16,C0449,Vijay Patel,P5057,Headphones,Electronics,North,Haryana,5,6027.66,0.1,27124.47,19051.3,8073.17,Net Banking,2025,7,July,Q3,29.76342026222079
O03199,2026-03-11,C0785,Ravi Rao,P5057,Headphones,Electronics,East,West Bengal,6,6928.62,0.05,39493.13,31677.75,7815.38,Credit Card,2026,3,March,Q1,19.789213972151614
O03200,2026-03-18,C0146,Vijay Das,P4333,Desk,Furniture,South,Telangana,5,18754.18,0.1,84393.81,68202.89,16190.92,Net Banking,2026,3,March,Q1,19.184961551090062
O03201,2026-05-31,C0834,Priya Sharma,P4333,Desk,Furniture,North,Haryana,6,8154.84,0.05,46482.59,28085.83,18396.76,UPI,2026,5,May,Q2,39.57774297860769
O03202,2025-02-13,C0750,Ananya Singh,P6266,Bookshelf,Furniture,North,Punjab,7,2528.19,0.0,17697.33,14182.39,3514.94,Debit Card,2025,2,February,Q1,19.861414122921364
O03203,2026-03-19,C0261,Arun Nair,P4636,Smartphone,Electronics,South,Telangana,6,55957.19,0.0,335743.14,195175.93,140567.21,Cash,2026,3,March,Q1,41.86748536396008
O03204,2026-03-21,C0238,Divya Kumar,P6266,Bookshelf,Furniture,West,Madhya Pradesh,1,6132.43,0.1,5519.19,3287.99,2231.2,Cash,2026,3,March,Q1,40.426221963730185
O03205,2026-02-25,C0765,Divya Das,P4333,Desk,Furniture,South,Tamil Nadu,5,8967.58,0.15,38112.22,23580.3,14531.92,UPI,2026,2,February,Q1,38.12929291445106
O03206,2025-02-14,C0575,Vijay Sharma,P4333,Desk,Furniture,North,Uttar Pradesh,2,13922.12,0.1,25059.82,19146.86,5912.96,Debit Card,2025,2,February,Q1,23.59538097240922
O03207,2026-02-19,C0714,Divya Nair,P4870,Smartwatch,Electronics,South,Tamil Nadu,1,7795.7,0.1,7016.13,5315.14,1700.99,Credit Card,2026,2,February,Q1,24.243992058299945
O03208,2025-08-17,C1002,Rahul Verma,P6993,Air Fryer,Home & Kitchen,North,Delhi,6,7087.9,0.0,42527.4,31003.79,11523.61,Debit Card,2025,8,August,Q3,27.09690693529348
O03209,2025-07-09,C0291,Karthik Rao,P7780,Vacuum Cleaner,Home & Kitchen,North,Rajasthan,3,8428.89,0.2,20229.34,12890.72,7338.62,Credit Card,2025,7,July,Q3,36.27711037532613
O03210,2025-04-01,C0635,Arun Nair,P5057,Headphones,Electronics,West,Gujarat,5,4165.86,0.2,16663.44,11826.66,4836.78,Debit Card,2025,4,April,Q2,29.026299491581568
O03211,2025-03-13,C1130,Karthik Nair,P7291,Jacket,Clothing,North,Rajasthan,6,6098.46,0.05,34761.22,22231.94,12529.28,Cash,2025,3,March,Q1,36.043844260932154
O03212,2025-08-14,C0895,Sneha Patel,P9667,Mixer Grinder,Home & Kitchen,West,Gujarat,1,3383.42,0.0,3383.42,2706.5,676.92,Debit Card,2025,8,August,Q3,20.006975190783287
O03213,2025-03-28,C0392,Karthik Kumar,P0790,Face Cream,Beauty,North,Delhi,7,748.13,0.0,5236.91,3534.92,1701.99,Credit Card,2025,3,March,Q1,32.49989020242853
O03214,2025-01-14,C0004,Sneha Patel,P0649,Sofa,Furniture,North,Uttar Pradesh,7,38564.87,0.0,269954.09,219253.74,50700.35,UPI,2025,1,January,Q1,18.781100890155063
O03215,2026-04-11,C1105,Ananya Das,P7087,Tablet,Electronics,South,Karnataka,2,26523.93,0.1,47743.07,39089.72,8653.35,Debit Card,2026,4,April,Q2,18.124829425506153
O03216,2025-08-26,C0794,Sneha Patel,P3693,Keyboard,Electronics,South,Andhra Pradesh,7,4480.55,0.1,28227.47,19996.13,8231.34,Net Banking,2025,8,August,Q3,29.160743063405963
O03217,2025-05-19,C0333,Sneha Iyer,P9007,Jeans,Clothing,South,Kerala,1,1168.75,0.1,1051.88,730.52,321.36,UPI,2025,5,May,Q2,30.55101342358444
O03218,2026-02-25,C1151,Sneha Rao,P7087,Tablet,Electronics,West,Maharashtra,6,18109.93,0.1,97793.62,61755.74,36037.88,Credit Card,2026,2,February,Q1,36.85095203552133
O03219,2026-05-07,C0592,Sneha Das,P0790,Face Cream,Beauty,West,Maharashtra,4,836.86,0.0,3347.44,2101.25,1246.19,Cash,2026,5,May,Q2,37.22815046722271
O03220,2025-03-11,C0433,Vijay Verma,P1077,Skin Care Set,Beauty,East,West Bengal,1,2013.17,0.0,2013.17,1502.25,510.92,Cash,2025,3,March,Q1,25.37888007470805
O03221,2026-05-19,C0599,Rahul Sharma,P8566,Dress,Clothing,East,Jharkhand,3,3975.68,0.1,10734.34,7148.7,3585.64,Debit Card,2026,5,May,Q2,33.40345098068442
O03222,2026-06-20,C0839,Ravi Iyer,P1600,Office Chair,Furniture,North,Uttar Pradesh,4,8648.57,0.05,32864.57,22451.27,10413.3,Net Banking,2026,6,June,Q2,31.685489875571164
O03223,2025-11-12,C0343,Karthik Das,P0790,Face Cream,Beauty,East,Jharkhand,1,738.91,0.1,665.02,420.82,244.2,Credit Card,2025,11,November,Q4,36.72070012931942
O03224,2025-12-19,C0642,Karthik Verma,P9667,Mixer Grinder,Home & Kitchen,South,Kerala,7,3476.82,0.15,20687.08,13692.05,6995.03,Cash,2025,12,December,Q4,33.81352032282951
O03225,2026-05-28,C0168,Karthik Nair,P9667,Mixer Grinder,Home & Kitchen,North,Delhi,7,4598.86,0.2,25753.62,19422.45,6331.17,Net Banking,2026,5,May,Q2,24.583611934943516
O03226,2025-09-23,C0877,Meena Patel,P6993,Air Fryer,Home & Kitchen,South,Karnataka,3,3846.74,0.1,10386.2,6268.67,4117.53,UPI,2025,9,September,Q3,39.644239471606554
O03227,2025-11-25,C1107,Arun Das,P4870,Smartwatch,Electronics,South,Tamil Nadu,7,2696.51,0.0,18875.57,13718.03,5157.54,Debit Card,2025,11,November,Q4,27.323890086498047
O03228,2026-01-25,C0012,Arun Patel,P7291,Jacket,Clothing,North,Haryana,1,2494.99,0.0,2494.99,1919.89,575.1,UPI,2026,1,January,Q1,23.05019258594223
O03229,2025-10-08,C0791,Sneha Singh,P4870,Smartwatch,Electronics,North,Haryana,3,2663.25,0.0,7989.75,5354.89,2634.86,Credit Card,2025,10,October,Q4,32.97800306642886
O03230,2026-01-12,C0873,Rahul Das,P4636,Smartphone,Electronics,North,Haryana,4,42629.39,0.0,170517.56,98921.56,71596.0,Credit Card,2026,1,January,Q1,41.987464516850935
O03231,2025-03-06,C1092,Meena Patel,P9685,Laptop,Electronics,South,Kerala,1,84428.58,0.1,75985.72,59766.7,16219.02,Debit Card,2025,3,March,Q1,21.344826370007418
O03232,2026-01-16,C1030,Meena Singh,P7291,Jacket,Clothing,East,West Bengal,2,2594.75,0.05,4930.02,3704.0,1226.02,Debit Card,2026,1,January,Q1,24.868458951484982
O03233,2026-03-07,C0105,Karthik Patel,P0790,Face Cream,Beauty,East,Bihar,2,1597.39,0.0,3194.78,2195.34,999.44,Cash,2026,3,March,Q1,31.283531260368473
O03234,2025-11-17,C0757,Divya Nair,P1077,Skin Care Set,Beauty,South,Tamil Nadu,1,4117.17,0.2,3293.74,2282.94,1010.8,Net Banking,2025,11,November,Q4,30.688518219410156
O03235,2025-07-09,C0488,Vijay Reddy,P9667,Mixer Grinder,Home & Kitchen,South,Karnataka,1,6443.17,0.15,5476.69,4425.45,1051.24,Cash,2025,7,July,Q3,19.19480562164373
O03236,2025-01-13,C1124,Sneha Das,P3693,Keyboard,Electronics,North,Uttar Pradesh,6,2603.29,0.05,14838.75,10228.41,4610.34,Net Banking,2025,1,January,Q1,31.069598180439726
O03237,2025-07-24,C0614,Sneha Singh,P5533,Shampoo,Beauty,East,Odisha,5,473.67,0.15,2013.1,1539.45,473.65,Debit Card,2025,7,July,Q3,23.52838905171129
O03238,2025-11-20,C0899,Sneha Reddy,P3693,Keyboard,Electronics,East,Jharkhand,1,1295.1,0.1,1165.59,953.98,211.61,Net Banking,2025,11,November,Q4,18.154754244631476
O03239,2025-06-15,C0128,Ananya Iyer,P6993,Air Fryer,Home & Kitchen,South,Kerala,5,8628.02,0.15,36669.09,24697.32,11971.77,Credit Card,2025,6,June,Q2,32.64812407398166
O03240,2026-06-10,C0391,Divya Sharma,P4636,Smartphone,Electronics,South,Karnataka,7,43043.77,0.15,256110.43,181885.19,74225.24,Cash,2026,6,June,Q2,28.98173260651665
O03241,2025-07-29,C0142,Divya Iyer,P1077,Skin Care Set,Beauty,West,Gujarat,4,4141.39,0.1,14909.0,9059.51,5849.49,Net Banking,2025,7,July,Q3,39.234623381849886
O03242,2025-12-26,C0077,Karthik Rao,P7291,Jacket,Clothing,South,Andhra Pradesh,3,3130.91,0.0,9392.73,6402.12,2990.61,UPI,2025,12,December,Q4,31.8396249013865
O03243,2026-03-01,C0767,Meena Iyer,P0649,Sofa,Furniture,South,Karnataka,2,18181.72,0.1,32727.1,20700.28,12026.82,Net Banking,2026,3,March,Q1,36.74881061872271
O03244,2026-02-12,C0910,Meena Das,P9007,Jeans,Clothing,East,Odisha,3,3295.44,0.1,8897.69,6575.72,2321.97,Credit Card,2026,2,February,Q1,26.096323877320966
O03245,2025-01-22,C0989,Meena Patel,P3693,Keyboard,Electronics,North,Punjab,5,2609.47,0.1,11742.62,8226.96,3515.66,Credit Card,2025,1,January,Q1,29.939315076192536
O03246,2026-03-10,C0070,Ananya Das,P7087,Tablet,Electronics,West,Gujarat,7,19459.21,0.15,115782.3,78595.25,37187.05,UPI,2026,3,March,Q1,32.11807849731782
O03247,2026-06-20,C0946,Sneha Patel,P6547,Shoes,Clothing,West,Gujarat,5,5760.11,0.2,23040.44,18720.39,4320.05,Credit Card,2026,6,June,Q2,18.74985894366601
O03248,2025-01-17,C0436,Sneha Das,P7291,Jacket,Clothing,East,Odisha,2,6664.93,0.15,11330.38,7539.89,3790.49,Credit Card,2025,1,January,Q1,33.454217775573284
O03249,2025-09-08,C0018,Karthik Sharma,P4333,Desk,Furniture,South,Telangana,6,24097.21,0.05,137354.1,105985.55,31368.55,Cash,2025,9,September,Q3,22.83772381021025
O03250,2025-02-08,C0562,Rahul Singh,P3693,Keyboard,Electronics,North,Punjab,3,3682.44,0.15,9390.22,5490.91,3899.31,Credit Card,2025,2,February,Q1,41.52522518109267
O03251,2025-12-03,C0768,Rahul Kumar,P6547,Shoes,Clothing,North,Haryana,2,2637.78,0.1,4748.0,3034.91,1713.09,Cash,2025,12,December,Q4,36.08024431339511
O03252,2025-02-27,C0870,Sneha Patel,P5533,Shampoo,Beauty,North,Rajasthan,1,1019.82,0.1,917.84,718.51,199.33,Credit Card,2025,2,February,Q1,21.717292774339754
O03253,2026-03-08,C0028,Rahul Iyer,P0649,Sofa,Furniture,South,Tamil Nadu,7,20625.56,0.05,137159.97,104265.96,32894.01,Credit Card,2026,3,March,Q1,23.98222309322465
O03254,2025-04-06,C0454,Rahul Patel,P4870,Smartwatch,Electronics,West,Gujarat,2,3603.67,0.05,6846.97,4555.72,2291.25,Cash,2025,4,April,Q2,33.46370730410678
O03255,2026-05-09,C0656,Divya Sharma,P3693,Keyboard,Electronics,South,Andhra Pradesh,1,2872.03,0.1,2584.83,2007.25,577.58,Cash,2026,5,May,Q2,22.344989805906
O03256,2026-06-19,C1048,Karthik Reddy,P1101,T-Shirt,Clothing,East,West Bengal,5,1754.74,0.0,8773.7,6725.16,2048.54,UPI,2026,6,June,Q2,23.34864424359164
O03257,2025-08-03,C1191,Sneha Rao,P4636,Smartphone,Electronics,West,Maharashtra,7,34533.28,0.1,217559.66,172426.03,45133.63,Net Banking,2025,8,August,Q3,20.745403812453098
O03258,2025-08-23,C1146,Arun Nair,P9007,Jeans,Clothing,South,Tamil Nadu,5,2406.3,0.15,10226.78,8107.16,2119.62,UPI,2025,8,August,Q3,20.726171874236073
O03259,2026-02-02,C1139,Priya Singh,P9007,Jeans,Clothing,West,Madhya Pradesh,4,1386.35,0.15,4713.59,3367.71,1345.88,Net Banking,2026,2,February,Q1,28.55318345464922
O03260,2026-05-15,C0003,Arun Nair,P7087,Tablet,Electronics,North,Punjab,5,32241.95,0.1,145088.78,87935.36,57153.42,Debit Card,2026,5,May,Q2,39.3920329332151
O03261,2025-10-16,C0253,Rahul Das,P3693,Keyboard,Electronics,North,Punjab,7,4296.28,0.05,28570.26,17099.89,11470.37,Net Banking,2025,10,October,Q4,40.14793705062537
O03262,2026-02-22,C0696,Rahul Sharma,P5057,Headphones,Electronics,West,Madhya Pradesh,3,6359.7,0.15,16217.23,10688.64,5528.59,UPI,2026,2,February,Q1,34.09084042095969
O03263,2026-05-16,C0781,Sneha Das,P1101,T-Shirt,Clothing,East,West Bengal,6,1433.66,0.1,7741.76,5704.01,2037.75,UPI,2026,5,May,Q2,26.321534121440088
O03264,2026-02-14,C0849,Arun Kumar,P1796,Mouse,Electronics,East,Bihar,2,2086.98,0.1,3756.56,2643.22,1113.34,Credit Card,2026,2,February,Q1,29.637221287560962
O03265,2026-01-12,C0696,Arun Reddy,P7780,Vacuum Cleaner,Home & Kitchen,West,Madhya Pradesh,7,9793.35,0.0,68553.45,50288.54,18264.91,UPI,2026,1,January,Q1,26.64331262686269
O03266,2025-03-03,C0349,Divya Reddy,P1600,Office Chair,Furniture,South,Tamil Nadu,5,11684.71,0.15,49660.02,32567.51,17092.51,Debit Card,2025,3,March,Q1,34.41905581189859
O03267,2025-05-19,C0423,Arun Patel,P8566,Dress,Clothing,North,Rajasthan,7,3485.36,0.1,21957.77,16633.41,5324.36,Cash,2025,5,May,Q2,24.248181850889228
O03268,2026-01-08,C0505,Ananya Das,P3727,Monitor,Electronics,South,Andhra Pradesh,7,14388.6,0.05,95684.19,76088.32,19595.87,Net Banking,2026,1,January,Q1,20.479736516555135
O03269,2025-12-11,C0640,Divya Iyer,P4636,Smartphone,Electronics,South,Andhra Pradesh,5,47746.72,0.15,202923.56,146632.7,56290.86,Cash,2025,12,December,Q4,27.739933204404654
O03270,2025-02-01,C1004,Meena Iyer,P4870,Smartwatch,Electronics,South,Telangana,6,16026.12,0.2,76925.38,54965.03,21960.35,Debit Card,2025,2,February,Q1,28.54760028484747
O03271,2026-01-29,C1002,Ananya Patel,P5533,Shampoo,Beauty,West,Maharashtra,7,710.72,0.1,4477.54,3091.21,1386.33,Net Banking,2026,1,January,Q1,30.961867454003762
O03272,2025-01-07,C0565,Priya Kumar,P3067,Cookware Set,Home & Kitchen,South,Tamil Nadu,5,2198.7,0.15,9344.48,6696.65,2647.83,Debit Card,2025,1,January,Q1,28.33576614215023
O03273,2025-07-14,C0618,Arun Iyer,P3693,Keyboard,Electronics,North,Delhi,1,827.95,0.05,786.55,641.26,145.29,Cash,2025,7,July,Q3,18.471807259551206
O03274,2025-09-01,C0633,Ananya Patel,P9685,Laptop,Electronics,East,Bihar,6,55754.81,0.1,301075.97,246798.31,54277.66,Debit Card,2025,9,September,Q3,18.02789508574863
O03275,2025-09-07,C1108,Meena Iyer,P2376,Dining Table,Furniture,North,Punjab,3,24104.08,0.0,72312.24,56488.12,15824.12,UPI,2025,9,September,Q3,21.883044972745967
O03276,2026-04-23,C0968,Sneha Reddy,P9007,Jeans,Clothing,South,Kerala,6,2742.01,0.1,14806.85,10574.36,4232.49,Net Banking,2026,4,April,Q2,28.58467533607756
O03277,2025-04-08,C0447,Priya Singh,P7291,Jacket,Clothing,South,Kerala,6,2306.13,0.0,13836.78,8900.29,4936.49,Debit Card,2025,4,April,Q2,35.67658082299494
O03278,2025-05-23,C1124,Karthik Kumar,P3727,Monitor,Electronics,South,Kerala,2,21260.69,0.0,42521.38,33874.07,8647.31,Credit Card,2025,5,May,Q2,20.336381368619737
O03279,2025-04-26,C0132,Divya Reddy,P4870,Smartwatch,Electronics,North,Haryana,2,7488.83,0.15,12731.01,7491.54,5239.47,UPI,2025,4,April,Q2,41.155179361260416
O03280,2025-12-20,C0837,Rahul Verma,P1600,Office Chair,Furniture,North,Delhi,4,17778.13,0.15,60445.64,37846.19,22599.45,Debit Card,2025,12,December,Q4,37.3880564421189
O03281,2025-11-12,C0811,Vijay Rao,P4636,Smartphone,Electronics,South,Karnataka,6,35623.14,0.05,203051.9,162560.23,40491.67,Cash,2025,11,November,Q4,19.94153711440277
O03282,2025-05-29,C0593,Karthik Kumar,P4333,Desk,Furniture,South,Telangana,4,13485.55,0.15,45850.87,37030.35,8820.52,Net Banking,2025,5,May,Q2,19.237410326129034
O03283,2026-06-18,C0379,Sneha Nair,P0790,Face Cream,Beauty,South,Andhra Pradesh,6,908.24,0.1,4904.5,3052.6,1851.9,Cash,2026,6,June,Q2,37.759200734019785
O03284,2026-03-22,C0167,Arun Nair,P1101,T-Shirt,Clothing,South,Telangana,5,538.29,0.1,2422.3,1846.37,575.93,Cash,2026,3,March,Q1,23.776163150724514
O03285,2025-02-28,C0083,Sneha Das,P8566,Dress,Clothing,South,Telangana,7,4912.59,0.2,27510.5,15997.58,11512.92,Debit Card,2025,2,February,Q1,41.84918485669108
O03286,2026-06-11,C0956,Ananya Iyer,P1077,Skin Care Set,Beauty,North,Uttar Pradesh,7,3751.49,0.1,23634.39,17137.31,6497.08,Cash,2026,6,June,Q2,27.489941563966745
O03287,2025-02-21,C0337,Rahul Singh,P0899,Perfume,Beauty,West,Goa,1,1381.69,0.05,1312.61,860.63,451.98,Net Banking,2025,2,February,Q1,34.43368555778183
O03288,2025-07-28,C0247,Rahul Sharma,P6266,Bookshelf,Furniture,East,Bihar,3,4436.56,0.1,11978.71,8374.67,3604.04,Debit Card,2025,7,July,Q3,30.087046100957448
O03289,2025-08-21,C0997,Ananya Kumar,P5057,Headphones,Electronics,South,Kerala,4,11625.43,0.05,44176.63,32548.72,11627.91,Credit Card,2025,8,August,Q3,26.32140568440825
O03290,2025-08-31,C0588,Sneha Rao,P9667,Mixer Grinder,Home & Kitchen,North,Haryana,5,8673.71,0.05,41200.12,31391.7,9808.42,Debit Card,2025,8,August,Q3,23.806775320071882
O03291,2026-03-25,C0156,Rahul Reddy,P9685,Laptop,Electronics,East,Bihar,6,64455.47,0.1,348059.54,247432.84,100626.7,Net Banking,2026,3,March,Q1,28.910771990332464
O03292,2026-01-23,C0731,Ananya Patel,P6547,Shoes,Clothing,South,Karnataka,5,1694.75,0.05,8050.06,4980.38,3069.68,Debit Card,2026,1,January,Q1,38.132386590907394
O03293,2025-09-19,C0742,Priya Iyer,P4870,Smartwatch,Electronics,North,Rajasthan,1,15758.6,0.1,14182.74,11004.31,3178.43,Debit Card,2025,9,September,Q3,22.410549724524316
O03294,2025-02-27,C1193,Ravi Reddy,P2376,Dining Table,Furniture,South,Karnataka,4,9658.87,0.1,34771.93,20403.11,14368.82,Net Banking,2025,2,February,Q1,41.32304419110472
O03295,2026-01-04,C1119,Sneha Singh,P3727,Monitor,Electronics,West,Gujarat,6,9759.91,0.0,58559.46,43869.55,14689.91,Debit Card,2026,1,January,Q1,25.08546014597812
O03296,2025-03-09,C0175,Sneha Reddy,P8699,Coffee Maker,Home & Kitchen,North,Haryana,4,7373.38,0.05,28018.84,21153.58,6865.26,UPI,2025,3,March,Q1,24.50229916727459
O03297,2026-01-22,C0594,Arun Das,P3727,Monitor,Electronics,North,Punjab,6,23181.54,0.05,132134.78,84095.96,48038.82,Debit Card,2026,1,January,Q1,36.355923852902315
O03298,2025-08-21,C0184,Rahul Das,P1101,T-Shirt,Clothing,South,Telangana,6,542.6,0.05,3092.82,2219.43,873.39,Cash,2025,8,August,Q3,28.239276776534034
O03299,2025-05-10,C0670,Ananya Reddy,P4870,Smartwatch,Electronics,South,Telangana,6,10452.99,0.0,62717.94,40050.76,22667.18,Credit Card,2025,5,May,Q2,36.14146127886216
O03300,2026-04-13,C0651,Sneha Rao,P1600,Office Chair,Furniture,South,Andhra Pradesh,2,7618.59,0.0,15237.18,11378.55,3858.63,Credit Card,2026,4,April,Q2,25.323780384559345
O03301,2025-07-15,C0620,Rahul Singh,P6547,Shoes,Clothing,North,Haryana,4,2370.08,0.05,9006.3,5386.26,3620.04,UPI,2025,7,July,Q3,40.194530495319945
O03302,2026-06-19,C0970,Ravi Reddy,P0899,Perfume,Beauty,South,Andhra Pradesh,2,998.3,0.05,1896.77,1548.03,348.74,UPI,2026,6,June,Q2,18.3859930302567
O03303,2025-05-13,C0012,Sneha Nair,P4870,Smartwatch,Electronics,West,Goa,7,17875.47,0.1,112615.46,86738.96,25876.5,Credit Card,2025,5,May,Q2,22.977751012161207
O03304,2026-05-15,C0905,Sneha Reddy,P7050,Makeup Kit,Beauty,West,Gujarat,2,866.45,0.05,1646.26,1109.5,536.76,Credit Card,2026,5,May,Q2,32.60481333446722
O03305,2026-06-20,C0351,Divya Sharma,P1077,Skin Care Set,Beauty,South,Karnataka,4,5754.76,0.0,23019.04,17859.17,5159.87,Debit Card,2026,6,June,Q2,22.41566112227095
O03306,2026-04-16,C1128,Meena Reddy,P5057,Headphones,Electronics,West,Gujarat,6,10170.12,0.05,57969.68,43179.92,14789.76,Cash,2026,4,April,Q2,25.51292330749454
O03307,2025-03-03,C1153,Rahul Verma,P7780,Vacuum Cleaner,Home & Kitchen,North,Uttar Pradesh,6,11914.89,0.1,64340.41,40006.53,24333.88,Cash,2025,3,March,Q1,37.82052368021901
O03308,2026-05-07,C0867,Divya Reddy,P1077,Skin Care Set,Beauty,West,Gujarat,2,2860.56,0.1,5149.01,3033.92,2115.09,Net Banking,2026,5,May,Q2,41.07760520954514
O03309,2026-01-04,C0135,Divya Kumar,P3727,Monitor,Electronics,North,Punjab,6,9600.53,0.1,51842.86,31091.38,20751.48,Cash,2026,1,January,Q1,40.027652795389756
O03310,2026-01-10,C0324,Rahul Nair,P6993,Air Fryer,Home & Kitchen,North,Rajasthan,2,5288.32,0.1,9518.98,7041.89,2477.09,Net Banking,2026,1,January,Q1,26.022641081292324
O03311,2026-01-29,C0181,Priya Iyer,P5533,Shampoo,Beauty,South,Telangana,6,426.51,0.0,2559.06,1965.92,593.14,UPI,2026,1,January,Q1,23.178041937273843
O03312,2026-03-23,C1105,Priya Patel,P5057,Headphones,Electronics,South,Tamil Nadu,4,3207.04,0.0,12828.16,8342.36,4485.8,Cash,2026,3,March,Q1,34.96838205946917
O03313,2026-03-23,C0093,Meena Das,P8699,Coffee Maker,Home & Kitchen,South,Kerala,1,4256.23,0.05,4043.42,2444.79,1598.63,Cash,2026,3,March,Q1,39.53658041954583
O03314,2025-05-19,C0179,Arun Rao,P6266,Bookshelf,Furniture,South,Karnataka,6,6316.74,0.1,34110.4,21992.0,12118.4,Credit Card,2025,5,May,Q2,35.526994699563765
O03315,2025-03-16,C0855,Ananya Nair,P9685,Laptop,Electronics,North,Uttar Pradesh,6,55908.53,0.0,335451.18,234773.35,100677.83,Cash,2025,3,March,Q1,30.012662349257504
O03316,2026-05-22,C0363,Ananya Nair,P0790,Face Cream,Beauty,South,Tamil Nadu,1,1632.42,0.1,1469.18,942.88,526.3,Net Banking,2026,5,May,Q2,35.82270382117916
O03317,2025-05-18,C0724,Ravi Singh,P3727,Monitor,Electronics,North,Punjab,1,17559.59,0.1,15803.63,11781.66,4021.97,Cash,2025,5,May,Q2,25.44965935041506
O03318,2026-03-13,C0096,Divya Kumar,P5057,Headphones,Electronics,East,Odisha,3,11704.56,0.1,31602.31,20466.71,11135.6,Net Banking,2026,3,March,Q1,35.23666466153898
O03319,2025-08-08,C0240,Karthik Rao,P6993,Air Fryer,Home & Kitchen,South,Karnataka,4,5435.87,0.15,18481.96,13239.51,5242.45,Cash,2025,8,August,Q3,28.3652274975165
O03320,2026-04-21,C0409,Ravi Verma,P7050,Makeup Kit,Beauty,West,Madhya Pradesh,3,1397.12,0.05,3981.79,2481.08,1500.71,Credit Card,2026,4,April,Q2,37.689330677911194
O03321,2025-04-21,C0669,Priya Kumar,P8566,Dress,Clothing,East,West Bengal,4,4598.34,0.2,14714.69,11037.39,3677.3,UPI,2025,4,April,Q2,24.99067258637457
O03322,2025-01-07,C0445,Divya Verma,P4870,Smartwatch,Electronics,South,Andhra Pradesh,5,14140.91,0.2,56563.64,41214.79,15348.85,Debit Card,2025,1,January,Q1,27.135541489196946
O03323,2025-02-14,C0737,Arun Nair,P1101,T-Shirt,Clothing,South,Karnataka,5,1149.23,0.1,5171.54,3260.15,1911.39,Credit Card,2025,2,February,Q1,36.95978373946639
O03324,2026-04-02,C0043,Priya Kumar,P5057,Headphones,Electronics,West,Gujarat,6,4713.99,0.1,25455.55,17887.35,7568.2,Credit Card,2026,4,April,Q2,29.731040971418803
O03325,2025-01-09,C0058,Ravi Patel,P9007,Jeans,Clothing,North,Uttar Pradesh,2,3498.1,0.0,6996.2,5011.71,1984.49,Net Banking,2025,1,January,Q1,28.36525542437323
O03326,2026-04-07,C1121,Sneha Verma,P5057,Headphones,Electronics,West,Madhya Pradesh,7,1662.81,0.05,11057.69,9001.92,2055.77,Cash,2026,4,April,Q2,18.591315184274475
O03327,2025-06-16,C0249,Divya Rao,P4870,Smartwatch,Electronics,West,Gujarat,5,11601.85,0.15,49307.86,33871.75,15436.11,Debit Card,2025,6,June,Q2,31.30557683906785
O03328,2025-04-14,C0632,Priya Reddy,P9007,Jeans,Clothing,South,Telangana,2,1706.25,0.05,3241.88,2046.84,1195.04,Cash,2025,4,April,Q2,36.86256122990363
O03329,2025-05-08,C0352,Rahul Kumar,P4636,Smartphone,Electronics,West,Madhya Pradesh,2,41918.4,0.1,75453.12,59633.8,15819.32,UPI,2025,5,May,Q2,20.96575993146473
O03330,2026-01-05,C0071,Ravi Rao,P0790,Face Cream,Beauty,South,Tamil Nadu,3,1559.78,0.0,4679.34,3757.49,921.85,Credit Card,2026,1,January,Q1,19.70042783811392
O03331,2025-03-19,C0769,Sneha Sharma,P1077,Skin Care Set,Beauty,South,Karnataka,2,4593.81,0.0,9187.62,5444.6,3743.02,Debit Card,2025,3,March,Q1,40.739821629540614
O03332,2025-04-02,C0021,Sneha Nair,P3693,Keyboard,Electronics,West,Gujarat,3,4949.79,0.0,14849.37,11496.43,3352.94,Credit Card,2025,4,April,Q2,22.579678464473577
O03333,2025-01-24,C1094,Vijay Iyer,P4870,Smartwatch,Electronics,North,Delhi,3,4651.63,0.1,12559.4,10025.35,2534.05,Debit Card,2025,1,January,Q1,20.176521171393542
O03334,2025-02-18,C0472,Meena Reddy,P9667,Mixer Grinder,Home & Kitchen,North,Rajasthan,6,2860.34,0.0,17162.04,10694.03,6468.01,Debit Card,2025,2,February,Q1,37.687885589358835
O03335,2026-06-11,C0424,Vijay Singh,P8699,Coffee Maker,Home & Kitchen,South,Karnataka,5,6670.81,0.05,31686.35,21761.77,9924.58,UPI,2026,6,June,Q2,31.321310280294195
O03336,2025-03-09,C0085,Vijay Sharma,P7780,Vacuum Cleaner,Home & Kitchen,West,Gujarat,4,5697.45,0.1,20510.82,14268.6,6242.22,Cash,2025,3,March,Q1,30.43379055542392
O03337,2025-12-30,C0060,Ravi Patel,P9667,Mixer Grinder,Home & Kitchen,South,Telangana,2,8825.34,0.0,17650.68,10800.86,6849.82,Net Banking,2025,12,December,Q4,38.80768333004734
O03338,2025-12-13,C0357,Vijay Sharma,P4870,Smartwatch,Electronics,West,Goa,3,10884.13,0.05,31019.77,20662.89,10356.88,Net Banking,2025,12,December,Q4,33.38799739649907
O03339,2026-03-26,C0104,Ravi Verma,P1796,Mouse,Electronics,South,Telangana,7,1365.98,0.1,8605.67,7042.08,1563.59,Net Banking,2026,3,March,Q1,18.16930000801797
O03340,2025-02-27,C0597,Karthik Das,P6547,Shoes,Clothing,West,Madhya Pradesh,4,3055.2,0.05,11609.76,8699.91,2909.85,Credit Card,2025,2,February,Q1,25.063825608798112
O03341,2026-05-05,C1188,Divya Rao,P7050,Makeup Kit,Beauty,North,Haryana,7,3459.61,0.0,24217.27,14568.31,9648.96,UPI,2026,5,May,Q2,39.84330190810111
O03342,2025-03-19,C0567,Vijay Sharma,P3727,Monitor,Electronics,West,Gujarat,6,16329.44,0.2,78381.31,47367.62,31013.69,Net Banking,2025,3,March,Q1,39.56771072083383
O03343,2025-09-05,C1130,Arun Reddy,P3067,Cookware Set,Home & Kitchen,South,Telangana,1,4466.64,0.0,4466.64,3206.18,1260.46,UPI,2025,9,September,Q3,28.2194222055057
O03344,2026-02-19,C0866,Arun Sharma,P4870,Smartwatch,Electronics,West,Maharashtra,3,5258.34,0.05,14986.27,12100.26,2886.01,Net Banking,2026,2,February,Q1,19.25769387579431
O03345,2026-06-02,C0406,Karthik Rao,P1600,Office Chair,Furniture,North,Haryana,1,4510.81,0.15,3834.19,2528.76,1305.43,Debit Card,2026,6,June,Q2,34.04708686841288
O03346,2025-08-08,C1012,Meena Sharma,P4636,Smartphone,Electronics,South,Tamil Nadu,5,52365.91,0.1,235646.6,186832.57,48814.03,Cash,2025,8,August,Q3,20.71493074799297
O03347,2025-10-06,C1144,Ananya Kumar,P4333,Desk,Furniture,South,Telangana,3,18359.39,0.15,46816.44,29010.71,17805.73,Cash,2025,10,October,Q4,38.03307128863279
O03348,2025-12-16,C0981,Ananya Das,P4870,Smartwatch,Electronics,South,Karnataka,5,7344.35,0.2,29377.4,22685.68,6691.72,Debit Card,2025,12,December,Q4,22.778462355416067
O03349,2026-06-23,C0858,Divya Singh,P1077,Skin Care Set,Beauty,West,Madhya Pradesh,5,5751.47,0.1,25881.62,17164.25,8717.37,Cash,2026,6,June,Q2,33.68170153182066
O03350,2026-01-10,C0666,Priya Iyer,P1796,Mouse,Electronics,East,West Bengal,4,2609.18,0.15,8871.21,7102.35,1768.86,Cash,2026,1,January,Q1,19.939331838610517
O03351,2025-08-15,C0661,Sneha Singh,P8566,Dress,Clothing,South,Andhra Pradesh,7,1751.29,0.1,11033.13,6515.12,4518.01,UPI,2025,8,August,Q3,40.94948577602186
O03352,2026-01-03,C1182,Vijay Sharma,P4333,Desk,Furniture,West,Gujarat,5,9949.02,0.0,49745.1,39078.21,10666.89,Net Banking,2026,1,January,Q1,21.443096908037173
O03353,2026-03-23,C1079,Arun Verma,P8566,Dress,Clothing,West,Gujarat,3,1709.89,0.1,4616.7,3658.9,957.8,UPI,2026,3,March,Q1,20.746420603461345
O03354,2025-01-23,C0373,Karthik Singh,P8566,Dress,Clothing,North,Delhi,5,3325.94,0.05,15798.22,11281.08,4517.14,Cash,2025,1,January,Q1,28.59271487547332
O03355,2026-05-03,C0864,Rahul Reddy,P7291,Jacket,Clothing,North,Haryana,2,5872.77,0.05,11158.26,6989.96,4168.3,Credit Card,2026,5,May,Q2,37.35618277401674
O03356,2025-01-14,C0210,Sneha Sharma,P1796,Mouse,Electronics,West,Madhya Pradesh,3,2387.91,0.1,6447.36,4214.24,2233.12,UPI,2025,1,January,Q1,34.636192177883665
O03357,2025-11-14,C0816,Vijay Verma,P8699,Coffee Maker,Home & Kitchen,West,Madhya Pradesh,7,6695.55,0.05,44525.41,27072.71,17452.7,Credit Card,2025,11,November,Q4,39.197168538144844
O03358,2025-05-22,C0811,Sneha Nair,P6993,Air Fryer,Home & Kitchen,South,Tamil Nadu,1,11378.84,0.1,10240.96,7903.64,2337.32,Debit Card,2025,5,May,Q2,22.82325094522389
O03359,2026-01-19,C0037,Sneha Patel,P0899,Perfume,Beauty,South,Andhra Pradesh,6,4796.8,0.15,24463.68,16791.46,7672.22,Debit Card,2026,1,January,Q1,31.361675757694673
O03360,2025-08-04,C0700,Sneha Iyer,P4870,Smartwatch,Electronics,South,Telangana,5,16878.12,0.0,84390.6,67968.24,16422.36,Cash,2025,8,August,Q3,19.459939851120858
O03361,2026-03-26,C0672,Arun Verma,P3693,Keyboard,Electronics,East,Odisha,1,1735.01,0.15,1474.76,959.86,514.9,UPI,2026,3,March,Q1,34.91415552361062
O03362,2025-07-08,C0977,Ananya Sharma,P9685,Laptop,Electronics,South,Tamil Nadu,2,66986.84,0.1,120576.31,75348.35,45227.96,Credit Card,2025,7,July,Q3,37.509822617726485
O03363,2025-12-15,C0893,Divya Rao,P8566,Dress,Clothing,South,Andhra Pradesh,6,3951.32,0.05,22522.52,17240.94,5281.58,Cash,2025,12,December,Q4,23.450217826424396
O03364,2025-02-14,C0341,Meena Patel,P9007,Jeans,Clothing,South,Tamil Nadu,1,2958.22,0.05,2810.31,2097.66,712.65,Debit Card,2025,2,February,Q1,25.35841241713548
O03365,2025-09-22,C0471,Divya Kumar,P0790,Face Cream,Beauty,South,Telangana,5,1647.92,0.0,8239.6,6374.39,1865.21,Cash,2025,9,September,Q3,22.63714257973688
O03366,2025-02-24,C0692,Vijay Das,P4333,Desk,Furniture,South,Karnataka,7,9146.36,0.05,60823.29,35467.3,25355.99,Credit Card,2025,2,February,Q1,41.68796196325454
O03367,2025-02-13,C0165,Meena Iyer,P1101,T-Shirt,Clothing,South,Tamil Nadu,4,1616.96,0.15,5497.66,3253.93,2243.73,UPI,2025,2,February,Q1,40.812454753476935
O03368,2026-06-17,C0468,Priya Nair,P2376,Dining Table,Furniture,South,Telangana,4,23001.34,0.1,82804.82,55416.73,27388.09,Debit Card,2026,6,June,Q2,33.07547797338367
O03369,2025-02-05,C0602,Divya Sharma,P9007,Jeans,Clothing,North,Rajasthan,5,3270.88,0.05,15536.68,10973.13,4563.55,UPI,2025,2,February,Q1,29.37274887556415
O03370,2026-05-09,C0790,Ravi Das,P5057,Headphones,Electronics,East,West Bengal,1,8400.47,0.0,8400.47,6441.49,1958.98,Credit Card,2026,5,May,Q2,23.319885673063535
O03371,2025-12-19,C0337,Arun Patel,P7291,Jacket,Clothing,South,Karnataka,1,5884.3,0.0,5884.3,4814.53,1069.77,Debit Card,2025,12,December,Q4,18.180072396036913
O03372,2025-09-26,C0928,Divya Nair,P8566,Dress,Clothing,West,Gujarat,5,2477.91,0.05,11770.07,9014.75,2755.32,Debit Card,2025,9,September,Q3,23.409546417311027
O03373,2025-11-01,C0883,Priya Reddy,P2376,Dining Table,Furniture,North,Uttar Pradesh,6,17248.78,0.0,103492.68,68562.09,34930.59,Debit Card,2025,11,November,Q4,33.751749399087934
O03374,2025-10-22,C0162,Vijay Singh,P1077,Skin Care Set,Beauty,North,Rajasthan,6,2482.95,0.05,14152.81,10917.99,3234.82,Net Banking,2025,10,October,Q4,22.85637975780075
O03375,2026-05-25,C0045,Vijay Sharma,P7291,Jacket,Clothing,South,Tamil Nadu,6,2973.57,0.0,17841.42,12932.23,4909.19,UPI,2026,5,May,Q2,27.51569101562544
O03376,2025-06-26,C0707,Arun Nair,P1796,Mouse,Electronics,North,Rajasthan,1,2776.68,0.15,2360.18,1805.35,554.83,UPI,2025,6,June,Q2,23.507952783262297
O03377,2026-03-27,C1062,Ananya Rao,P5533,Shampoo,Beauty,North,Rajasthan,5,267.19,0.05,1269.15,826.0,443.15,UPI,2026,3,March,Q1,34.91707048024268
O03378,2026-01-05,C0855,Sneha Nair,P7291,Jacket,Clothing,South,Andhra Pradesh,4,4761.5,0.05,18093.7,10502.65,7591.05,Net Banking,2026,1,January,Q1,41.95410557265789
O03379,2026-02-01,C1046,Divya Patel,P6993,Air Fryer,Home & Kitchen,South,Andhra Pradesh,3,6971.29,0.05,19868.18,13660.18,6208.0,Cash,2026,2,February,Q1,31.245942003746695
O03380,2025-09-29,C0489,Vijay Rao,P7050,Makeup Kit,Beauty,South,Kerala,3,1915.4,0.1,5171.58,3803.12,1368.46,Net Banking,2025,9,September,Q3,26.461158872143525
O03381,2025-09-24,C0188,Meena Sharma,P4636,Smartphone,Electronics,South,Telangana,1,64511.34,0.0,64511.34,50290.43,14220.91,Credit Card,2025,9,September,Q3,22.044046829596162
O03382,2025-09-14,C0760,Arun Reddy,P5533,Shampoo,Beauty,East,Bihar,4,1196.55,0.2,3828.96,2437.95,1391.01,Cash,2025,9,September,Q3,36.328663658016794
O03383,2026-04-25,C0642,Meena Patel,P1796,Mouse,Electronics,South,Andhra Pradesh,4,2565.41,0.05,9748.56,7963.93,1784.63,Cash,2026,4,April,Q2,18.306601180071723
O03384,2025-09-25,C0705,Ananya Singh,P2376,Dining Table,Furniture,North,Delhi,7,12338.3,0.15,73412.88,48944.75,24468.13,UPI,2025,9,September,Q3,33.32947842394958
O03385,2026-05-22,C0351,Rahul Singh,P1101,T-Shirt,Clothing,West,Maharashtra,2,630.41,0.05,1197.78,916.92,280.86,Debit Card,2026,5,May,Q2,23.448379502078847
O03386,2026-01-06,C0026,Arun Patel,P9685,Laptop,Electronics,South,Telangana,4,60139.94,0.1,216503.78,141990.36,74513.42,UPI,2026,1,January,Q1,34.416683163684255
O03387,2025-10-21,C0907,Ananya Sharma,P5533,Shampoo,Beauty,South,Kerala,7,667.83,0.1,4207.33,2467.06,1740.27,Cash,2025,10,October,Q4,41.36281204469343
O03388,2025-09-08,C1186,Arun Nair,P6547,Shoes,Clothing,West,Goa,3,4735.78,0.0,14207.34,9058.07,5149.27,Debit Card,2025,9,September,Q3,36.24373035346518
O03389,2025-01-03,C0185,Ananya Rao,P8699,Coffee Maker,Home & Kitchen,East,West Bengal,3,4162.18,0.1,11237.89,9088.85,2149.04,Credit Card,2025,1,January,Q1,19.12316280013419
O03390,2026-01-27,C0658,Divya Nair,P9007,Jeans,Clothing,North,Punjab,2,2276.31,0.1,4097.36,3064.76,1032.6,UPI,2026,1,January,Q1,25.20159322100084
O03391,2026-01-29,C0135,Rahul Reddy,P1101,T-Shirt,Clothing,North,Delhi,7,1353.19,0.1,8525.1,5880.28,2644.82,Debit Card,2026,1,January,Q1,31.0239176080046
O03392,2026-04-11,C0459,Ravi Rao,P3693,Keyboard,Electronics,South,Telangana,1,2390.65,0.1,2151.58,1388.71,762.87,Net Banking,2026,4,April,Q2,35.45626934624788
O03393,2025-10-27,C0421,Priya Rao,P4870,Smartwatch,Electronics,North,Uttar Pradesh,1,5012.44,0.05,4761.82,3110.75,1651.07,Credit Card,2025,10,October,Q4,34.673087180951825
O03394,2025-11-09,C0508,Vijay Kumar,P0649,Sofa,Furniture,West,Madhya Pradesh,1,44918.64,0.15,38180.84,26897.74,11283.1,Credit Card,2025,11,November,Q4,29.55173327773826
O03395,2026-05-24,C0634,Vijay Das,P8566,Dress,Clothing,South,Andhra Pradesh,1,2843.31,0.0,2843.31,1772.77,1070.54,Credit Card,2026,5,May,Q2,37.651188227804916
O03396,2025-01-29,C0408,Ravi Nair,P9667,Mixer Grinder,Home & Kitchen,South,Telangana,4,4542.27,0.05,17260.63,13808.53,3452.1,Net Banking,2025,1,January,Q1,19.999849368186442
O03397,2025-03-17,C0479,Vijay Das,P3067,Cookware Set,Home & Kitchen,West,Gujarat,4,4717.41,0.0,18869.64,11050.51,7819.13,UPI,2025,3,March,Q1,41.437621491453996
O03398,2025-09-24,C0639,Karthik Verma,P0649,Sofa,Furniture,South,Telangana,2,17482.87,0.2,27972.59,21397.74,6574.85,Credit Card,2025,9,September,Q3,23.504616483493308
O03399,2026-06-06,C0772,Karthik Das,P1077,Skin Care Set,Beauty,South,Kerala,4,4575.98,0.2,14643.14,9925.05,4718.09,Cash,2026,6,June,Q2,32.220480033653985
O03400,2026-06-25,C1194,Meena Reddy,P3693,Keyboard,Electronics,South,Andhra Pradesh,5,2686.45,0.1,12089.02,8815.14,3273.88,UPI,2026,6,June,Q2,27.08143422709202
O03401,2025-09-10,C0441,Divya Das,P9667,Mixer Grinder,Home & Kitchen,West,Madhya Pradesh,2,2949.16,0.05,5603.4,3689.07,1914.33,Cash,2025,9,September,Q3,34.16372202591284
O03402,2026-02-20,C0706,Meena Das,P1796,Mouse,Electronics,North,Haryana,1,1141.2,0.15,970.02,666.2,303.82,Net Banking,2026,2,February,Q1,31.321003690645554
O03403,2025-04-05,C0122,Vijay Verma,P4870,Smartwatch,Electronics,South,Karnataka,1,6861.34,0.1,6175.21,4733.71,1441.5,Debit Card,2025,4,April,Q2,23.34333569222747
O03404,2025-10-21,C0436,Arun Iyer,P1796,Mouse,Electronics,North,Punjab,7,2603.99,0.05,17316.53,10985.59,6330.94,Credit Card,2025,10,October,Q4,36.56009604695629
O03405,2025-01-13,C0257,Karthik Das,P8699,Coffee Maker,Home & Kitchen,East,Odisha,7,7415.82,0.1,46719.67,31270.35,15449.32,Debit Card,2025,1,January,Q1,33.068127407578004
O03406,2025-06-22,C0452,Vijay Kumar,P7087,Tablet,Electronics,North,Haryana,1,18663.73,0.0,18663.73,11331.32,7332.41,Credit Card,2025,6,June,Q2,39.286948536010755
O03407,2026-04-06,C0181,Meena Singh,P0649,Sofa,Furniture,West,Goa,4,14280.99,0.0,57123.96,41523.94,15600.02,Credit Card,2026,4,April,Q2,27.30906610816197
O03408,2025-11-06,C0585,Arun Reddy,P8566,Dress,Clothing,North,Uttar Pradesh,6,2903.22,0.15,14806.42,12058.2,2748.22,Net Banking,2025,11,November,Q4,18.56100259211882
O03409,2025-12-08,C1069,Vijay Patel,P7087,Tablet,Electronics,West,Maharashtra,6,32657.19,0.0,195943.14,139089.64,56853.5,Cash,2025,12,December,Q4,29.015305154342226
O03410,2025-03-23,C0112,Priya Iyer,P0649,Sofa,Furniture,East,Jharkhand,3,45474.04,0.0,136422.12,109122.16,27299.96,Cash,2025,3,March,Q1,20.011388182502955
O03411,2025-03-19,C0045,Ravi Nair,P7780,Vacuum Cleaner,Home & Kitchen,West,Madhya Pradesh,6,5018.11,0.1,27097.79,21340.18,5757.61,Debit Card,2025,3,March,Q1,21.24752608976599
O03412,2025-06-18,C0347,Rahul Sharma,P8566,Dress,Clothing,East,West Bengal,1,1165.55,0.0,1165.55,688.94,476.61,Net Banking,2025,6,June,Q2,40.8914246493072
O03413,2025-03-19,C0337,Divya Verma,P6547,Shoes,Clothing,South,Telangana,2,5460.2,0.15,9282.34,6107.68,3174.66,UPI,2025,3,March,Q1,34.2010742980757
O03414,2026-04-22,C0245,Karthik Patel,P6266,Bookshelf,Furniture,South,Karnataka,2,10666.31,0.1,19199.36,14066.61,5132.75,Credit Card,2026,4,April,Q2,26.733964048801628
O03415,2026-02-07,C0146,Arun Verma,P8566,Dress,Clothing,West,Maharashtra,5,4851.75,0.05,23045.81,16365.78,6680.03,Credit Card,2026,2,February,Q1,28.985876391413445
O03416,2025-07-19,C0944,Ananya Nair,P9667,Mixer Grinder,Home & Kitchen,West,Gujarat,3,2646.02,0.1,7144.25,4541.39,2602.86,Debit Card,2025,7,July,Q3,36.432935577562375
O03417,2025-11-04,C0964,Sneha Iyer,P0649,Sofa,Furniture,East,West Bengal,4,14203.03,0.1,51130.91,39255.71,11875.2,Credit Card,2025,11,November,Q4,23.22509026340427
O03418,2025-05-08,C0525,Ravi Das,P8566,Dress,Clothing,East,Jharkhand,2,2838.37,0.1,5109.07,3272.12,1836.95,Cash,2025,5,May,Q2,35.95468451205406
O03419,2025-07-20,C0132,Arun Singh,P8699,Coffee Maker,Home & Kitchen,South,Tamil Nadu,2,9190.86,0.15,15624.46,9224.92,6399.54,UPI,2025,7,July,Q3,40.958471524775895
O03420,2026-01-08,C1190,Priya Reddy,P1796,Mouse,Electronics,North,Punjab,5,2918.32,0.1,13132.44,9445.09,3687.35,Debit Card,2026,1,January,Q1,28.078178921814985
O03421,2025-11-04,C0076,Rahul Sharma,P2376,Dining Table,Furniture,South,Telangana,7,9089.59,0.05,60445.77,37430.86,23014.91,Debit Card,2025,11,November,Q4,38.0753028706558
O03422,2026-02-18,C0476,Sneha Verma,P0790,Face Cream,Beauty,West,Maharashtra,2,699.27,0.2,1118.83,734.95,383.88,Credit Card,2026,2,February,Q1,34.31084257662022
O03423,2026-04-17,C0428,Rahul Iyer,P1101,T-Shirt,Clothing,South,Tamil Nadu,1,306.16,0.05,290.85,182.36,108.49,Debit Card,2026,4,April,Q2,37.30101426852329
O03424,2025-10-02,C0427,Meena Sharma,P7780,Vacuum Cleaner,Home & Kitchen,South,Tamil Nadu,1,16728.09,0.1,15055.28,11847.35,3207.93,Net Banking,2025,10,October,Q4,21.307674118315965
O03425,2026-01-10,C0578,Rahul Rao,P6266,Bookshelf,Furniture,North,Punjab,7,11095.33,0.1,69900.58,41165.84,28734.74,Debit Card,2026,1,January,Q1,41.1080136960237
O03426,2026-05-07,C0659,Vijay Das,P1101,T-Shirt,Clothing,East,West Bengal,1,1558.05,0.1,1402.24,920.63,481.61,Credit Card,2026,5,May,Q2,34.34576106800547
O03427,2025-02-26,C0598,Ananya Patel,P1101,T-Shirt,Clothing,West,Gujarat,4,535.98,0.1,1929.53,1503.03,426.5,UPI,2025,2,February,Q1,22.103828393442964
O03428,2026-01-10,C0823,Meena Kumar,P7291,Jacket,Clothing,West,Goa,2,3558.81,0.1,6405.86,4726.51,1679.35,UPI,2026,1,January,Q1,26.215839871617554
O03429,2025-01-30,C1173,Ananya Nair,P6993,Air Fryer,Home & Kitchen,South,Telangana,4,9236.01,0.1,33249.64,19351.83,13897.81,Cash,2025,1,January,Q1,41.798377365890275
O03430,2025-10-03,C1170,Sneha Sharma,P7291,Jacket,Clothing,East,Bihar,1,6967.71,0.1,6270.94,3750.04,2520.9,UPI,2025,10,October,Q4,40.19971487528186
O03431,2025-02-25,C0020,Ananya Singh,P3067,Cookware Set,Home & Kitchen,South,Kerala,7,5612.38,0.0,39286.66,28161.66,11125.0,Net Banking,2025,2,February,Q1,28.317500138723933
O03432,2025-08-15,C0962,Ravi Iyer,P7291,Jacket,Clothing,East,Jharkhand,5,3806.42,0.1,17128.89,11207.25,5921.64,UPI,2025,8,August,Q3,34.57106677665628
O03433,2025-12-21,C0695,Priya Das,P4333,Desk,Furniture,East,Jharkhand,3,13701.8,0.05,39050.13,26289.9,12760.23,Credit Card,2025,12,December,Q4,32.676536544180514
O03434,2025-08-31,C0562,Divya Patel,P9007,Jeans,Clothing,South,Kerala,1,2969.1,0.1,2672.19,1694.56,977.63,UPI,2025,8,August,Q3,36.58534759878601
O03435,2026-03-07,C0034,Divya Iyer,P0790,Face Cream,Beauty,West,Maharashtra,1,699.06,0.15,594.2,431.43,162.77,Debit Card,2026,3,March,Q1,27.393133625042072
O03436,2025-03-01,C0813,Karthik Patel,P1101,T-Shirt,Clothing,North,Delhi,2,1590.68,0.0,3181.36,1867.35,1314.01,Cash,2025,3,March,Q1,41.30340483315311
O03437,2025-07-11,C1021,Meena Das,P0899,Perfume,Beauty,South,Tamil Nadu,1,2205.33,0.0,2205.33,1402.8,802.53,UPI,2025,7,July,Q3,36.39047217423243
O03438,2025-06-21,C0460,Ravi Rao,P3067,Cookware Set,Home & Kitchen,East,West Bengal,4,5682.0,0.0,22728.0,15024.07,7703.93,Net Banking,2025,6,June,Q2,33.896207321365715
O03439,2026-03-04,C0324,Sneha Kumar,P0649,Sofa,Furniture,East,West Bengal,2,13510.64,0.1,24319.15,15886.91,8432.24,Debit Card,2026,3,March,Q1,34.673251326629426
O03440,2025-10-25,C0075,Sneha Nair,P1077,Skin Care Set,Beauty,North,Haryana,6,3499.84,0.0,20999.04,12906.14,8092.9,UPI,2025,10,October,Q4,38.53938084788638
O03441,2025-03-30,C0178,Ravi Das,P7780,Vacuum Cleaner,Home & Kitchen,South,Kerala,3,9571.53,0.0,28714.59,22747.72,5966.87,UPI,2025,3,March,Q1,20.77992407344141
O03442,2026-04-08,C0382,Priya Patel,P5057,Headphones,Electronics,East,Jharkhand,5,10272.47,0.15,43658.0,28237.94,15420.06,Debit Card,2026,4,April,Q2,35.32012460488341
O03443,2026-03-06,C0563,Priya Rao,P4636,Smartphone,Electronics,North,Rajasthan,5,44894.3,0.1,202024.35,160722.81,41301.54,UPI,2026,3,March,Q1,20.443842536803114
O03444,2026-04-17,C0045,Ananya Nair,P5533,Shampoo,Beauty,East,Bihar,2,973.65,0.15,1655.2,1232.12,423.08,UPI,2026,4,April,Q2,25.56065732237796
O03445,2025-07-05,C0909,Karthik Sharma,P5057,Headphones,Electronics,South,Karnataka,3,10899.81,0.2,26159.54,20627.79,5531.75,Net Banking,2025,7,July,Q3,21.146205170274403
O03446,2025-10-07,C0317,Priya Rao,P4636,Smartphone,Electronics,East,Odisha,5,29524.43,0.05,140241.04,114346.59,25894.45,Cash,2025,10,October,Q4,18.464245558931964
O03447,2026-03-23,C0666,Priya Rao,P1101,T-Shirt,Clothing,South,Andhra Pradesh,4,1715.99,0.05,6520.76,3894.37,2626.39,Net Banking,2026,3,March,Q1,40.277360307694195
O03448,2025-03-23,C1160,Karthik Das,P9685,Laptop,Electronics,North,Uttar Pradesh,4,78151.67,0.0,312606.68,237231.51,75375.17,UPI,2025,3,March,Q1,24.111823202242512
O03449,2026-02-28,C0560,Divya Sharma,P3727,Monitor,Electronics,South,Kerala,4,29595.81,0.1,106544.92,64077.12,42467.8,UPI,2026,2,February,Q1,39.85905663076194
O03450,2025-02-01,C0619,Ravi Verma,P3067,Cookware Set,Home & Kitchen,South,Tamil Nadu,6,4533.76,0.0,27202.56,15835.84,11366.72,UPI,2025,2,February,Q1,41.78547901373988
O03451,2025-09-26,C1082,Priya Singh,P1796,Mouse,Electronics,South,Andhra Pradesh,1,2575.6,0.0,2575.6,1974.57,601.03,UPI,2025,9,September,Q3,23.335533467929803
O03452,2026-03-28,C0544,Arun Reddy,P8699,Coffee Maker,Home & Kitchen,West,Gujarat,2,6253.02,0.0,12506.04,10163.94,2342.1,Net Banking,2026,3,March,Q1,18.727750750837195
O03453,2025-05-31,C0168,Priya Reddy,P5057,Headphones,Electronics,West,Goa,5,10749.24,0.05,51058.89,33901.22,17157.67,Net Banking,2025,5,May,Q2,33.60368782008383
O03454,2025-11-29,C1123,Ananya Nair,P4636,Smartphone,Electronics,East,West Bengal,3,24750.44,0.1,66826.19,49128.02,17698.17,Cash,2025,11,November,Q4,26.483883040466615
O03455,2025-03-20,C0472,Rahul Sharma,P6993,Air Fryer,Home & Kitchen,North,Haryana,5,4276.06,0.0,21380.3,17490.84,3889.46,Cash,2025,3,March,Q1,18.19179337988709
O03456,2026-05-21,C0154,Karthik Das,P4870,Smartwatch,Electronics,North,Delhi,3,6587.21,0.0,19761.63,15680.56,4081.07,Credit Card,2026,5,May,Q2,20.651484720642983
O03457,2025-01-04,C0420,Sneha Kumar,P8699,Coffee Maker,Home & Kitchen,West,Maharashtra,5,3494.82,0.1,15726.69,11170.95,4555.74,Debit Card,2025,1,January,Q1,28.968206278625697
O03458,2025-03-27,C0138,Karthik Patel,P7087,Tablet,Electronics,West,Goa,2,21889.9,0.1,39401.82,24347.24,15054.58,Net Banking,2025,3,March,Q1,38.20782897845836
O03459,2026-03-03,C0206,Karthik Sharma,P8566,Dress,Clothing,South,Kerala,4,2668.25,0.0,10673.0,6215.59,4457.41,Debit Card,2026,3,March,Q1,41.76342171835473
O03460,2025-10-06,C1054,Rahul Das,P1101,T-Shirt,Clothing,South,Andhra Pradesh,5,1014.65,0.1,4565.92,3217.76,1348.16,Net Banking,2025,10,October,Q4,29.52657952833164
O03461,2026-01-31,C0144,Rahul Verma,P1600,Office Chair,Furniture,West,Madhya Pradesh,7,7506.59,0.1,47291.52,31007.0,16284.52,Cash,2026,1,January,Q1,34.434334104718985
O03462,2026-02-05,C0164,Sneha Patel,P0649,Sofa,Furniture,East,Odisha,3,14688.46,0.2,35252.3,26863.94,8388.36,Credit Card,2026,2,February,Q1,23.795213361965033
O03463,2025-05-10,C0927,Ananya Verma,P6547,Shoes,Clothing,North,Haryana,4,5179.99,0.1,18647.96,15236.32,3411.64,Credit Card,2025,5,May,Q2,18.294977037702782
O03464,2025-06-19,C0380,Divya Sharma,P5057,Headphones,Electronics,South,Kerala,3,5983.7,0.1,16155.99,10414.18,5741.81,Net Banking,2025,6,June,Q2,35.539821453219524
O03465,2025-05-09,C1051,Ravi Nair,P6266,Bookshelf,Furniture,South,Karnataka,1,6356.4,0.0,6356.4,3836.78,2519.62,Net Banking,2025,5,May,Q2,39.639103895286645
O03466,2026-05-15,C0386,Divya Rao,P2376,Dining Table,Furniture,South,Karnataka,7,23643.14,0.1,148951.78,87270.56,61681.22,Credit Card,2026,5,May,Q2,41.41019328537061
O03467,2025-09-15,C0595,Arun Singh,P6993,Air Fryer,Home & Kitchen,South,Tamil Nadu,5,7731.73,0.05,36725.72,29725.32,7000.4,Debit Card,2025,9,September,Q3,19.061300908464148
O03468,2026-04-20,C0460,Meena Verma,P6993,Air Fryer,Home & Kitchen,South,Andhra Pradesh,1,11621.08,0.05,11040.03,6464.2,4575.83,Credit Card,2026,4,April,Q2,41.44762287783638
O03469,2025-06-29,C0475,Rahul Das,P6266,Bookshelf,Furniture,East,West Bengal,3,10455.66,0.15,26661.93,16976.04,9685.89,Debit Card,2025,6,June,Q2,36.3285403569809
O03470,2025-05-21,C0689,Meena Kumar,P6993,Air Fryer,Home & Kitchen,South,Tamil Nadu,2,8108.57,0.05,15406.28,9155.55,6250.73,Net Banking,2025,5,May,Q2,40.572610649683114
O03471,2026-03-01,C0589,Sneha Das,P0649,Sofa,Furniture,North,Delhi,7,24660.85,0.15,146732.06,100843.31,45888.75,UPI,2026,3,March,Q1,31.273840222784305
O03472,2025-05-22,C0314,Arun Verma,P8699,Coffee Maker,Home & Kitchen,North,Rajasthan,3,9539.17,0.1,25755.76,21080.71,4675.05,Cash,2025,5,May,Q2,18.151473689768814
O03473,2025-03-22,C1076,Meena Reddy,P5057,Headphones,Electronics,North,Delhi,2,10330.45,0.0,20660.9,14808.58,5852.32,UPI,2025,3,March,Q1,28.325581170229754
O03474,2025-06-14,C1157,Ananya Singh,P9667,Mixer Grinder,Home & Kitchen,South,Andhra Pradesh,7,5695.16,0.05,37872.81,26752.28,11120.53,Credit Card,2025,6,June,Q2,29.362833124872438
O03475,2025-01-03,C0081,Divya Patel,P7050,Makeup Kit,Beauty,North,Rajasthan,4,2834.62,0.15,9637.71,6237.08,3400.63,Debit Card,2025,1,January,Q1,35.28462674224479
O03476,2025-09-05,C0509,Karthik Sharma,P1101,T-Shirt,Clothing,North,Haryana,3,1132.72,0.15,2888.44,2043.78,844.66,Debit Card,2025,9,September,Q3,29.242774646521998
O03477,2026-04-07,C0407,Arun Nair,P1077,Skin Care Set,Beauty,West,Madhya Pradesh,3,4193.18,0.05,11950.56,8962.93,2987.63,Net Banking,2026,4,April,Q2,24.99991632191295
O03478,2025-01-24,C1014,Ravi Verma,P9685,Laptop,Electronics,West,Madhya Pradesh,4,59949.46,0.0,239797.84,168569.27,71228.57,Cash,2025,1,January,Q1,29.703591158285665
O03479,2026-04-28,C0141,Meena Nair,P6993,Air Fryer,Home & Kitchen,North,Rajasthan,2,5060.97,0.1,9109.75,6612.73,2497.02,Net Banking,2026,4,April,Q2,27.41041192129312
O03480,2025-02-23,C1121,Sneha Kumar,P7780,Vacuum Cleaner,Home & Kitchen,North,Punjab,4,6549.35,0.05,24887.53,18816.35,6071.18,Cash,2025,2,February,Q1,24.39446582284381
O03481,2025-08-09,C0217,Ananya Patel,P1796,Mouse,Electronics,West,Gujarat,5,2933.67,0.1,13201.52,9079.92,4121.6,UPI,2025,8,August,Q3,31.220647319399585
O03482,2025-01-07,C0628,Rahul Singh,P4333,Desk,Furniture,South,Kerala,1,6130.07,0.15,5210.56,3293.58,1916.98,Net Banking,2025,1,January,Q1,36.79028741632377
O03483,2025-08-08,C0319,Ravi Nair,P6547,Shoes,Clothing,West,Maharashtra,2,5055.65,0.15,8594.6,6409.57,2185.03,Credit Card,2025,8,August,Q3,25.423289041956576
O03484,2025-03-01,C0416,Karthik Patel,P9007,Jeans,Clothing,South,Tamil Nadu,3,2668.01,0.05,7603.83,5917.71,1686.12,Credit Card,2025,3,March,Q1,22.174614634993155
O03485,2026-06-29,C0882,Priya Singh,P7050,Makeup Kit,Beauty,East,Odisha,3,3628.25,0.05,10340.51,6017.64,4322.87,Net Banking,2026,6,June,Q2,41.80519142672846
O03486,2026-04-20,C0729,Vijay Kumar,P7087,Tablet,Electronics,South,Tamil Nadu,1,22129.05,0.0,22129.05,14504.89,7624.16,UPI,2026,4,April,Q2,34.453173543373985
O03487,2026-05-04,C0134,Arun Nair,P9007,Jeans,Clothing,West,Madhya Pradesh,6,1794.26,0.1,9689.0,6257.49,3431.51,Debit Card,2026,5,May,Q2,35.416554856022294
O03488,2025-04-30,C0247,Divya Patel,P8566,Dress,Clothing,North,Rajasthan,6,2894.01,0.1,15627.65,11144.7,4482.95,Cash,2025,4,April,Q2,28.68601485188112
O03489,2025-10-29,C0585,Arun Verma,P0899,Perfume,Beauty,East,Bihar,2,3770.95,0.05,7164.8,5552.28,1612.52,Credit Card,2025,10,October,Q4,22.506141134435016
O03490,2026-06-18,C0211,Vijay Rao,P3727,Monitor,Electronics,North,Delhi,3,18493.13,0.05,52705.42,36564.11,16141.31,Debit Card,2026,6,June,Q2,30.625522005137235
O03491,2025-07-27,C0254,Rahul Sharma,P7050,Makeup Kit,Beauty,North,Delhi,4,1975.18,0.0,7900.72,5688.8,2211.92,Credit Card,2025,7,July,Q3,27.996435767879387
O03492,2025-06-19,C1148,Rahul Verma,P8566,Dress,Clothing,South,Tamil Nadu,7,2045.78,0.05,13604.44,10951.1,2653.34,Credit Card,2025,6,June,Q2,19.503485626751267
O03493,2025-06-23,C1144,Ananya Kumar,P1796,Mouse,Electronics,South,Kerala,6,2613.65,0.15,13329.62,10617.11,2712.51,UPI,2025,6,June,Q2,20.34949233361491
O03494,2026-06-23,C0896,Divya Singh,P1101,T-Shirt,Clothing,North,Uttar Pradesh,2,461.09,0.15,783.85,603.11,180.74,Debit Card,2026,6,June,Q2,23.057983032467945
O03495,2026-01-13,C1159,Meena Nair,P7050,Makeup Kit,Beauty,West,Madhya Pradesh,4,1176.41,0.1,4235.08,2921.88,1313.2,Net Banking,2026,1,January,Q1,31.00767872153537
O03496,2026-01-30,C0686,Rahul Patel,P0899,Perfume,Beauty,South,Tamil Nadu,4,1601.58,0.2,5125.06,4096.14,1028.92,UPI,2026,1,January,Q1,20.07625276582128
O03497,2025-05-22,C0208,Vijay Das,P9007,Jeans,Clothing,North,Haryana,2,1879.58,0.05,3571.2,2219.47,1351.73,Debit Card,2025,5,May,Q2,37.85086245519714
O03498,2025-04-14,C0461,Ravi Das,P3727,Monitor,Electronics,West,Madhya Pradesh,1,14147.77,0.1,12732.99,9677.11,3055.88,UPI,2025,4,April,Q2,23.99970470407972
O03499,2025-06-20,C1192,Ananya Das,P5533,Shampoo,Beauty,North,Delhi,2,936.24,0.1,1685.23,1191.27,493.96,Net Banking,2025,6,June,Q2,29.31113260504501
O03500,2025-12-22,C1020,Karthik Das,P0790,Face Cream,Beauty,West,Madhya Pradesh,4,954.14,0.0,3816.56,2870.82,945.74,Cash,2025,12,December,Q4,24.779906512671097
O03501,2026-03-12,C0357,Meena Nair,P4636,Smartphone,Electronics,West,Madhya Pradesh,7,57887.48,0.05,384951.74,269526.37,115425.37,Credit Card,2026,3,March,Q1,29.984374145185054
O03502,2025-10-21,C0971,Sneha Nair,P7050,Makeup Kit,Beauty,South,Kerala,6,2020.87,0.05,11518.96,8894.66,2624.3,Credit Card,2025,10,October,Q4,22.782438692381955
O03503,2026-05-19,C0413,Karthik Verma,P0649,Sofa,Furniture,North,Haryana,3,24975.83,0.0,74927.49,52777.97,22149.52,Credit Card,2026,5,May,Q2,29.561273172236252
O03504,2025-04-28,C0339,Rahul Patel,P5533,Shampoo,Beauty,South,Andhra Pradesh,3,443.84,0.15,1131.79,825.07,306.72,Credit Card,2025,4,April,Q2,27.100433826063142
O03505,2025-11-02,C0434,Karthik Rao,P5533,Shampoo,Beauty,North,Uttar Pradesh,1,621.7,0.1,559.53,418.96,140.57,UPI,2025,11,November,Q4,25.12287098100191
O03506,2026-04-06,C0257,Priya Verma,P7050,Makeup Kit,Beauty,North,Rajasthan,6,993.81,0.05,5664.72,4117.15,1547.57,Net Banking,2026,4,April,Q2,27.319443856007002
O03507,2025-04-11,C0139,Karthik Das,P9685,Laptop,Electronics,North,Rajasthan,1,62238.41,0.0,62238.41,40879.38,21359.03,Cash,2025,4,April,Q2,34.3180842826801
O03508,2025-05-23,C0573,Sneha Das,P1796,Mouse,Electronics,South,Tamil Nadu,6,717.01,0.1,3871.85,2266.8,1605.05,Debit Card,2025,5,May,Q2,41.45434353087026
O03509,2025-01-21,C0457,Sneha Reddy,P4870,Smartwatch,Electronics,West,Madhya Pradesh,7,5484.46,0.05,36471.66,28295.19,8176.47,Credit Card,2025,1,January,Q1,22.418694405464407
O03510,2026-01-19,C0984,Karthik Kumar,P5533,Shampoo,Beauty,East,Bihar,6,200.69,0.15,1023.52,811.37,212.15,UPI,2026,1,January,Q1,20.727489448178833
O03511,2025-07-08,C0603,Divya Nair,P4636,Smartphone,Electronics,North,Uttar Pradesh,6,25699.99,0.1,138779.95,99880.31,38899.64,Cash,2025,7,July,Q3,28.029726196039125
O03512,2026-01-05,C0072,Arun Rao,P4870,Smartwatch,Electronics,West,Goa,5,3171.58,0.05,15065.0,10654.76,4410.24,Debit Card,2026,1,January,Q1,29.274742781281116
O03513,2025-12-22,C0407,Ravi Sharma,P1077,Skin Care Set,Beauty,North,Haryana,7,3025.51,0.1,19060.71,15301.22,3759.49,UPI,2025,12,December,Q4,19.723766848139444
O03514,2026-01-01,C0935,Sneha Verma,P5533,Shampoo,Beauty,East,Jharkhand,7,810.43,0.15,4822.06,3396.37,1425.69,Cash,2026,1,January,Q1,29.56599461640875
O03515,2025-11-19,C0040,Ananya Patel,P1077,Skin Care Set,Beauty,North,Rajasthan,2,1765.15,0.0,3530.3,2557.16,973.14,UPI,2025,11,November,Q4,27.565362717049542
O03516,2025-09-04,C0985,Arun Rao,P3727,Monitor,Electronics,North,Delhi,7,22570.69,0.0,157994.83,127903.51,30091.32,Credit Card,2025,9,September,Q3,19.04576244678386
O03517,2025-08-07,C0103,Sneha Singh,P6993,Air Fryer,Home & Kitchen,North,Uttar Pradesh,6,11417.77,0.05,65081.29,43498.27,21583.02,Credit Card,2025,8,August,Q3,33.16317178101417
O03518,2025-04-06,C0544,Meena Iyer,P4636,Smartphone,Electronics,South,Kerala,1,18617.15,0.15,15824.58,10369.14,5455.44,Net Banking,2025,4,April,Q2,34.474469464592424
O03519,2025-11-14,C0160,Arun Singh,P4870,Smartwatch,Electronics,East,Jharkhand,7,3395.82,0.0,23770.74,19057.33,4713.41,Cash,2025,11,November,Q4,19.82862123770652
O03520,2025-10-15,C0214,Sneha Patel,P1600,Office Chair,Furniture,South,Karnataka,6,7013.46,0.05,39976.72,24466.64,15510.08,UPI,2025,10,October,Q4,38.79778030813934
O03521,2025-10-15,C0081,Sneha Reddy,P1101,T-Shirt,Clothing,East,Odisha,6,695.31,0.05,3963.27,2958.01,1005.26,UPI,2025,10,October,Q4,25.364408682729163
O03522,2026-06-09,C0555,Vijay Reddy,P1077,Skin Care Set,Beauty,South,Tamil Nadu,4,2417.22,0.15,8218.55,5638.28,2580.27,Cash,2026,6,June,Q2,31.395684153530734
O03523,2026-05-06,C0501,Arun Kumar,P8566,Dress,Clothing,South,Kerala,5,4905.02,0.2,19620.08,15276.96,4343.12,Debit Card,2026,5,May,Q2,22.13609730439427
O03524,2025-11-12,C0767,Rahul Verma,P0899,Perfume,Beauty,West,Gujarat,1,3482.69,0.0,3482.69,2241.67,1241.02,Credit Card,2025,11,November,Q4,35.633949619403396
O03525,2025-07-25,C0148,Rahul Patel,P0899,Perfume,Beauty,South,Karnataka,3,3801.59,0.0,11404.77,6639.81,4764.96,Credit Card,2025,7,July,Q3,41.780412932483515
O03526,2026-03-23,C1144,Vijay Kumar,P9685,Laptop,Electronics,West,Goa,2,62378.59,0.1,112281.46,81585.27,30696.19,Net Banking,2026,3,March,Q1,27.338609597702057
O03527,2025-01-03,C0139,Ananya Iyer,P7050,Makeup Kit,Beauty,West,Maharashtra,3,2998.95,0.05,8547.01,5931.78,2615.23,Net Banking,2025,1,January,Q1,30.598185798308414
O03528,2026-06-14,C1013,Ananya Das,P2376,Dining Table,Furniture,West,Maharashtra,1,16713.55,0.0,16713.55,11483.51,5230.04,Cash,2026,6,June,Q2,31.29221499920723
O03529,2025-02-11,C0077,Vijay Patel,P9007,Jeans,Clothing,North,Delhi,1,2351.37,0.0,2351.37,1768.98,582.39,Debit Card,2025,2,February,Q1,24.76811390806211
O03530,2025-09-09,C0295,Priya Singh,P7780,Vacuum Cleaner,Home & Kitchen,North,Punjab,6,17434.18,0.05,99374.83,58843.33,40531.5,Cash,2025,9,September,Q3,40.78648486744581
O03531,2025-09-17,C1024,Ravi Reddy,P4870,Smartwatch,Electronics,West,Gujarat,4,14498.83,0.0,57995.32,36240.26,21755.06,Net Banking,2025,9,September,Q3,37.51175094817996
O03532,2026-04-23,C0374,Ravi Rao,P1077,Skin Care Set,Beauty,South,Karnataka,3,3514.93,0.15,8963.07,6597.49,2365.58,Debit Card,2026,4,April,Q2,26.392519527349446
O03533,2025-05-03,C0656,Priya Iyer,P3067,Cookware Set,Home & Kitchen,West,Goa,5,3344.1,0.1,15048.45,11105.9,3942.55,UPI,2025,5,May,Q2,26.199043755336927
O03534,2026-03-29,C0863,Divya Reddy,P2376,Dining Table,Furniture,East,West Bengal,6,30199.33,0.0,181195.98,105320.71,75875.27,Debit Card,2026,3,March,Q1,41.87469832388114
O03535,2025-07-19,C0776,Karthik Verma,P4870,Smartwatch,Electronics,East,Bihar,1,10463.13,0.1,9416.82,6558.37,2858.45,UPI,2025,7,July,Q3,30.3547269672777
O03536,2026-05-16,C0813,Meena Kumar,P4636,Smartphone,Electronics,West,Gujarat,2,61661.04,0.2,98657.66,57226.25,41431.41,Cash,2026,5,May,Q2,41.995127393047845
O03537,2025-06-09,C0695,Vijay Rao,P9667,Mixer Grinder,Home & Kitchen,East,West Bengal,3,6039.29,0.05,17211.98,10286.31,6925.67,UPI,2025,6,June,Q2,40.23749737101717
O03538,2025-11-16,C0556,Divya Verma,P0649,Sofa,Furniture,South,Karnataka,4,20479.52,0.05,77822.18,51565.14,26257.04,Cash,2025,11,November,Q4,33.73978986453477
O03539,2025-02-08,C0025,Ananya Iyer,P3693,Keyboard,Electronics,South,Karnataka,1,3247.72,0.1,2922.95,2298.11,624.84,Credit Card,2025,2,February,Q1,21.377033476453587
O03540,2025-01-09,C0788,Karthik Reddy,P6547,Shoes,Clothing,West,Gujarat,1,5566.76,0.1,5010.08,2926.64,2083.44,Cash,2025,1,January,Q1,41.58496471114234
O03541,2025-08-29,C0520,Karthik Kumar,P6993,Air Fryer,Home & Kitchen,South,Telangana,1,6968.83,0.15,5923.51,4431.71,1491.8,Credit Card,2025,8,August,Q3,25.184392361961066
O03542,2025-07-02,C0931,Priya Singh,P7291,Jacket,Clothing,North,Rajasthan,3,5461.12,0.15,13925.86,10647.59,3278.27,Credit Card,2025,7,July,Q3,23.54088006054922
O03543,2026-02-16,C0393,Divya Reddy,P5533,Shampoo,Beauty,South,Tamil Nadu,3,879.21,0.05,2505.75,1576.78,928.97,Debit Card,2026,2,February,Q1,37.07353087897835
O03544,2025-03-01,C0084,Ravi Verma,P5533,Shampoo,Beauty,South,Kerala,6,225.72,0.1,1218.89,710.9,507.99,UPI,2025,3,March,Q1,41.676443321382564
O03545,2025-05-31,C0631,Arun Reddy,P9685,Laptop,Electronics,South,Telangana,6,72175.36,0.1,389746.94,300652.83,89094.11,Net Banking,2025,5,May,Q2,22.859476459263544
O03546,2026-01-22,C0948,Vijay Singh,P6993,Air Fryer,Home & Kitchen,North,Uttar Pradesh,3,11401.57,0.1,30784.24,22623.64,8160.6,Net Banking,2026,1,January,Q1,26.509018900580294
O03547,2025-09-14,C0256,Priya Patel,P6547,Shoes,Clothing,South,Telangana,5,1212.22,0.2,4848.88,3314.37,1534.51,Cash,2025,9,September,Q3,31.646689544802097
O03548,2025-02-23,C0630,Divya Reddy,P7291,Jacket,Clothing,North,Punjab,2,2013.2,0.1,3623.76,2929.48,694.28,Debit Card,2025,2,February,Q1,19.159105459522703
O03549,2025-08-09,C0581,Sneha Kumar,P0790,Face Cream,Beauty,South,Telangana,3,1719.13,0.0,5157.39,3554.34,1603.05,UPI,2025,8,August,Q3,31.082582469039572
O03550,2025-06-26,C0659,Karthik Reddy,P7780,Vacuum Cleaner,Home & Kitchen,West,Goa,5,12519.34,0.05,59466.86,46656.7,12810.16,Credit Card,2025,6,June,Q2,21.54167884431766
O03551,2025-03-04,C0643,Priya Nair,P7780,Vacuum Cleaner,Home & Kitchen,West,Goa,6,7420.61,0.1,40071.29,26125.42,13945.87,Cash,2025,3,March,Q1,34.802647980636515
O03552,2026-05-08,C0719,Karthik Patel,P5533,Shampoo,Beauty,East,Odisha,1,1121.64,0.1,1009.48,612.58,396.9,Credit Card,2026,5,May,Q2,39.31727225898482
O03553,2026-04-03,C0593,Priya Verma,P1600,Office Chair,Furniture,East,Bihar,2,11749.38,0.15,19973.95,12343.51,7630.44,Cash,2026,4,April,Q2,38.20195805036059
O03554,2025-12-02,C0804,Meena Verma,P4636,Smartphone,Electronics,South,Karnataka,5,23575.06,0.1,106087.77,86072.64,20015.13,Net Banking,2025,12,December,Q4,18.86657623211422
O03555,2026-04-01,C0575,Rahul Iyer,P4870,Smartwatch,Electronics,North,Rajasthan,1,15513.5,0.05,14737.82,11483.4,3254.42,Credit Card,2026,4,April,Q2,22.08209898071764
O03556,2025-05-25,C0439,Priya Nair,P6266,Bookshelf,Furniture,East,Jharkhand,5,9758.32,0.2,39033.28,26553.07,12480.21,Net Banking,2025,5,May,Q2,31.973254617598112
O03557,2025-09-18,C0370,Sneha Kumar,P6547,Shoes,Clothing,South,Telangana,6,4421.87,0.0,26531.22,20293.61,6237.61,UPI,2025,9,September,Q3,23.510452968238926
O03558,2026-04-19,C1078,Meena Iyer,P5057,Headphones,Electronics,East,West Bengal,2,1381.75,0.1,2487.15,1661.54,825.61,Credit Card,2026,4,April,Q2,33.1950224152142
O03559,2025-04-25,C0264,Meena Iyer,P0899,Perfume,Beauty,West,Maharashtra,7,4058.15,0.0,28407.05,18561.11,9845.94,Net Banking,2025,4,April,Q2,34.66019878868098
O03560,2025-09-06,C0819,Ravi Verma,P1101,T-Shirt,Clothing,South,Tamil Nadu,5,1386.94,0.05,6587.96,4121.58,2466.38,Net Banking,2025,9,September,Q3,37.43768936059114
O03561,2025-04-04,C0813,Ananya Patel,P7780,Vacuum Cleaner,Home & Kitchen,East,Jharkhand,4,16152.38,0.05,61379.04,42699.8,18679.24,Debit Card,2025,4,April,Q2,30.432603703153394
O03562,2025-04-09,C0273,Meena Singh,P1796,Mouse,Electronics,North,Rajasthan,1,2421.05,0.05,2300.0,1454.74,845.26,Credit Card,2025,4,April,Q2,36.75043478260869
O03563,2025-05-25,C0244,Vijay Sharma,P9667,Mixer Grinder,Home & Kitchen,South,Kerala,6,7543.05,0.05,42995.38,29893.82,13101.56,Net Banking,2025,5,May,Q2,30.47201815636936
O03564,2026-05-03,C0742,Ananya Kumar,P9685,Laptop,Electronics,South,Kerala,5,57412.87,0.2,229651.48,143966.27,85685.21,Debit Card,2026,5,May,Q2,37.31097661552192
O03565,2025-08-22,C0293,Divya Kumar,P3727,Monitor,Electronics,East,West Bengal,7,13755.25,0.0,96286.75,59463.7,36823.05,UPI,2025,8,August,Q3,38.24311237008208
O03566,2026-05-10,C1160,Arun Das,P6547,Shoes,Clothing,South,Telangana,3,3551.12,0.05,10120.69,5902.67,4218.02,Credit Card,2026,5,May,Q2,41.677197898562255
O03567,2025-08-24,C0345,Meena Patel,P6547,Shoes,Clothing,North,Rajasthan,5,4009.46,0.0,20047.3,12212.5,7834.8,UPI,2025,8,August,Q3,39.081572082026014
O03568,2025-06-09,C0585,Meena Sharma,P9007,Jeans,Clothing,South,Andhra Pradesh,7,1174.13,0.05,7807.96,4868.63,2939.33,UPI,2025,6,June,Q2,37.64530043698994
O03569,2026-03-21,C1092,Meena Kumar,P0899,Perfume,Beauty,East,Bihar,4,4061.08,0.05,15432.1,12378.62,3053.48,Credit Card,2026,3,March,Q1,19.786548817076095
O03570,2025-12-05,C0894,Sneha Singh,P1796,Mouse,Electronics,East,Jharkhand,1,1346.8,0.1,1212.12,955.29,256.83,Debit Card,2025,12,December,Q4,21.188496188496188
O03571,2025-12-19,C0871,Arun Iyer,P1101,T-Shirt,Clothing,South,Telangana,6,1569.13,0.05,8944.04,5272.74,3671.3,UPI,2025,12,December,Q4,41.047446120545075
O03572,2025-02-01,C0070,Ravi Sharma,P3727,Monitor,Electronics,South,Kerala,7,16281.53,0.1,102573.64,72554.83,30018.81,Credit Card,2025,2,February,Q1,29.26561834015055
O03573,2025-01-14,C0568,Karthik Kumar,P3693,Keyboard,Electronics,West,Gujarat,7,2311.82,0.1,14564.47,11755.55,2808.92,Credit Card,2025,1,January,Q1,19.286112024673745
O03574,2025-11-06,C0466,Karthik Sharma,P8699,Coffee Maker,Home & Kitchen,South,Kerala,1,3649.81,0.05,3467.32,2395.77,1071.55,Net Banking,2025,11,November,Q4,30.904271887221253
O03575,2025-06-18,C0441,Ananya Rao,P1796,Mouse,Electronics,North,Punjab,2,1713.4,0.0,3426.8,2503.21,923.59,Cash,2025,6,June,Q2,26.951966849538927
O03576,2026-06-07,C0890,Vijay Reddy,P7780,Vacuum Cleaner,Home & Kitchen,South,Andhra Pradesh,1,7505.06,0.15,6379.3,3725.99,2653.31,Net Banking,2026,6,June,Q2,41.59249447431536
O03577,2025-09-29,C0659,Meena Sharma,P6547,Shoes,Clothing,South,Tamil Nadu,5,3420.46,0.1,15392.07,12299.7,3092.37,Credit Card,2025,9,September,Q3,20.09067006581961
O03578,2026-05-14,C1177,Ravi Sharma,P9667,Mixer Grinder,Home & Kitchen,East,West Bengal,7,5007.47,0.1,31547.06,21562.98,9984.08,Debit Card,2026,5,May,Q2,31.648210641498764
O03579,2025-10-21,C0508,Vijay Patel,P6266,Bookshelf,Furniture,South,Tamil Nadu,6,10829.27,0.05,61726.84,45625.41,16101.43,Debit Card,2025,10,October,Q4,26.084973732658273
O03580,2026-03-14,C0550,Ananya Nair,P5057,Headphones,Electronics,West,Madhya Pradesh,6,6384.39,0.1,34475.71,25388.13,9087.58,Debit Card,2026,3,March,Q1,26.359370118845995
O03581,2025-12-31,C0320,Priya Reddy,P4870,Smartwatch,Electronics,South,Tamil Nadu,3,11237.6,0.15,28655.88,18601.92,10053.96,Cash,2025,12,December,Q4,35.08515529797025
O03582,2025-10-19,C0687,Karthik Singh,P4870,Smartwatch,Electronics,East,Bihar,2,5296.68,0.15,9004.36,5547.37,3456.99,Net Banking,2025,10,October,Q4,38.39240101461958
O03583,2025-11-25,C0711,Ravi Rao,P6266,Bookshelf,Furniture,North,Haryana,4,3506.45,0.2,11220.64,6521.43,4699.21,Net Banking,2025,11,November,Q4,41.88005318769696
O03584,2026-01-09,C0029,Karthik Kumar,P9007,Jeans,Clothing,South,Kerala,3,2896.55,0.05,8255.17,4872.21,3382.96,Debit Card,2026,1,January,Q1,40.97989502336112
O03585,2025-12-21,C0071,Arun Verma,P9685,Laptop,Electronics,South,Kerala,1,83132.7,0.1,74819.43,43751.91,31067.52,Debit Card,2025,12,December,Q4,41.52333157309539
O03586,2025-10-05,C1161,Rahul Iyer,P8699,Coffee Maker,Home & Kitchen,South,Karnataka,7,4999.83,0.05,33248.87,19758.57,13490.3,Debit Card,2025,10,October,Q4,40.573709723067275
O03587,2026-04-26,C1157,Meena Patel,P8699,Coffee Maker,Home & Kitchen,North,Delhi,3,8408.33,0.1,22702.49,16546.01,6156.48,UPI,2026,4,April,Q2,27.11808264203618
O03588,2025-12-10,C0301,Rahul Kumar,P7087,Tablet,Electronics,North,Punjab,5,21896.05,0.0,109480.25,88679.97,20800.28,Credit Card,2025,12,December,Q4,18.999116278963555
O03589,2026-06-16,C0502,Vijay Patel,P9007,Jeans,Clothing,North,Delhi,3,3324.12,0.1,8975.12,5214.36,3760.76,Debit Card,2026,6,June,Q2,41.90205813404166
O03590,2025-07-22,C0694,Arun Verma,P5057,Headphones,Electronics,East,West Bengal,3,5223.88,0.0,15671.64,9324.72,6346.92,Net Banking,2025,7,July,Q3,40.499398914217025
O03591,2025-03-23,C0916,Sneha Patel,P4333,Desk,Furniture,North,Delhi,6,18652.05,0.1,100721.07,81925.35,18795.72,Debit Card,2025,3,March,Q1,18.661159973777085
O03592,2025-08-02,C0996,Rahul Verma,P1796,Mouse,Electronics,East,West Bengal,5,2878.39,0.1,12952.76,9914.32,3038.44,Cash,2025,8,August,Q3,23.457857630342875
O03593,2025-02-06,C0636,Meena Verma,P4636,Smartphone,Electronics,North,Haryana,1,18370.93,0.0,18370.93,14080.42,4290.51,Credit Card,2025,2,February,Q1,23.354887313815905
O03594,2025-06-10,C0142,Vijay Singh,P4870,Smartwatch,Electronics,North,Delhi,7,14187.53,0.1,89381.44,57623.92,31757.52,UPI,2025,6,June,Q2,35.53032933906636
O03595,2025-02-21,C0608,Ananya Nair,P7087,Tablet,Electronics,South,Kerala,5,26268.05,0.05,124773.24,99537.99,25235.25,Debit Card,2025,2,February,Q1,20.224889567666914
O03596,2025-06-15,C0394,Ravi Reddy,P8699,Coffee Maker,Home & Kitchen,South,Telangana,5,3196.62,0.0,15983.1,10871.12,5111.98,Cash,2025,6,June,Q2,31.983657738486272
O03597,2025-11-26,C0989,Rahul Patel,P0899,Perfume,Beauty,South,Telangana,7,2336.77,0.05,15539.52,12156.75,3382.77,Debit Card,2025,11,November,Q4,21.76881911410391
O03598,2025-12-31,C1139,Meena Verma,P0649,Sofa,Furniture,South,Andhra Pradesh,3,29333.59,0.1,79200.69,59681.66,19519.03,UPI,2025,12,December,Q4,24.64502518854318
O03599,2026-02-05,C0654,Ananya Sharma,P1600,Office Chair,Furniture,North,Rajasthan,1,6830.16,0.0,6830.16,4318.36,2511.8,Credit Card,2026,2,February,Q1,36.775126790587635
O03600,2025-05-20,C0868,Rahul Kumar,P7291,Jacket,Clothing,North,Punjab,7,6014.07,0.15,35783.72,26138.28,9645.44,Credit Card,2025,5,May,Q2,26.954827502562615
O03601,2026-02-26,C0971,Rahul Singh,P8566,Dress,Clothing,West,Madhya Pradesh,4,4604.36,0.1,16575.7,13025.8,3549.9,UPI,2026,2,February,Q1,21.416290111428175
O03602,2025-12-07,C1121,Vijay Patel,P3693,Keyboard,Electronics,South,Karnataka,2,2484.7,0.1,4472.46,2827.93,1644.53,UPI,2025,12,December,Q4,36.77014439480733
O03603,2025-11-04,C0974,Ananya Patel,P6266,Bookshelf,Furniture,South,Karnataka,5,3074.86,0.1,13836.87,9283.79,4553.08,Cash,2025,11,November,Q4,32.905418638752835
O03604,2026-04-29,C1122,Meena Reddy,P5533,Shampoo,Beauty,North,Delhi,3,565.64,0.0,1696.92,1351.93,344.99,Net Banking,2026,4,April,Q2,20.330363246352213
O03605,2025-11-24,C0763,Priya Das,P0790,Face Cream,Beauty,East,Odisha,4,331.28,0.1,1192.61,960.09,232.52,Credit Card,2025,11,November,Q4,19.496734053881827
O03606,2026-03-05,C0907,Vijay Verma,P0790,Face Cream,Beauty,South,Andhra Pradesh,6,1677.98,0.15,8557.7,5613.11,2944.59,Net Banking,2026,3,March,Q1,34.4086612056978
O03607,2025-01-18,C0636,Karthik Singh,P5533,Shampoo,Beauty,West,Gujarat,4,250.87,0.0,1003.48,815.86,187.62,Credit Card,2025,1,January,Q1,18.696934667357596
O03608,2025-03-12,C0025,Karthik Sharma,P8699,Coffee Maker,Home & Kitchen,East,Bihar,6,6131.55,0.15,31270.91,24249.55,7021.36,Cash,2025,3,March,Q1,22.453328029149137
O03609,2025-09-25,C0193,Rahul Nair,P6547,Shoes,Clothing,South,Kerala,7,4133.72,0.1,26042.44,19467.05,6575.39,UPI,2025,9,September,Q3,25.24874781318494
O03610,2025-07-05,C1150,Priya Verma,P1077,Skin Care Set,Beauty,North,Haryana,3,1100.07,0.0,3300.21,2638.83,661.38,Net Banking,2025,7,July,Q3,20.040542874544347
O03611,2025-07-01,C0889,Ananya Singh,P4636,Smartphone,Electronics,East,West Bengal,2,30023.69,0.05,57045.01,41124.2,15920.81,Debit Card,2025,7,July,Q3,27.909207133104193
O03612,2025-01-09,C0290,Karthik Rao,P7087,Tablet,Electronics,East,Jharkhand,3,34611.96,0.1,93452.29,63510.93,29941.36,Cash,2025,1,January,Q1,32.039193475087664
O03613,2026-02-21,C0861,Rahul Sharma,P0899,Perfume,Beauty,South,Karnataka,3,4256.93,0.1,11493.71,6940.96,4552.75,Debit Card,2026,2,February,Q1,39.610795817886476
O03614,2025-03-31,C0864,Sneha Nair,P1101,T-Shirt,Clothing,South,Telangana,5,1262.97,0.1,5683.37,4291.46,1391.91,Debit Card,2025,3,March,Q1,24.49092703800738
O03615,2025-02-25,C0931,Vijay Sharma,P8566,Dress,Clothing,South,Tamil Nadu,2,2711.69,0.05,5152.21,4095.25,1056.96,Credit Card,2025,2,February,Q1,20.51469175363582
O03616,2026-06-14,C0117,Sneha Patel,P6266,Bookshelf,Furniture,West,Goa,7,4457.56,0.05,29642.77,17561.99,12080.78,Credit Card,2026,6,June,Q2,40.75455836279808
O03617,2025-04-02,C0061,Sneha Das,P8699,Coffee Maker,Home & Kitchen,South,Karnataka,6,4961.16,0.1,26790.26,20727.01,6063.25,Credit Card,2025,4,April,Q2,22.632292482417117
O03618,2025-06-03,C0918,Vijay Verma,P1101,T-Shirt,Clothing,South,Telangana,3,580.95,0.1,1568.56,1056.2,512.36,Net Banking,2025,6,June,Q2,32.6643545672464
O03619,2025-11-13,C0818,Divya Nair,P6993,Air Fryer,Home & Kitchen,East,Jharkhand,7,6861.24,0.15,40824.38,27845.81,12978.57,Net Banking,2025,11,November,Q4,31.791223773637224
O03620,2025-02-19,C0273,Karthik Rao,P1796,Mouse,Electronics,North,Punjab,5,437.97,0.0,2189.85,1492.63,697.22,Credit Card,2025,2,February,Q1,31.838710413955297
O03621,2025-11-03,C0923,Ravi Nair,P6266,Bookshelf,Furniture,South,Karnataka,1,8826.85,0.0,8826.85,5121.71,3705.14,Debit Card,2025,11,November,Q4,41.97578977778029
O03622,2026-02-12,C0250,Ananya Iyer,P4333,Desk,Furniture,South,Tamil Nadu,1,18579.46,0.1,16721.51,12460.8,4260.71,Net Banking,2026,2,February,Q1,25.48041414920064
O03623,2025-03-09,C0604,Sneha Patel,P7780,Vacuum Cleaner,Home & Kitchen,East,Odisha,4,6167.82,0.15,20970.59,13355.05,7615.54,UPI,2025,3,March,Q1,36.315334952426234
O03624,2025-10-06,C0406,Rahul Reddy,P1600,Office Chair,Furniture,North,Uttar Pradesh,1,15452.54,0.1,13907.29,10838.37,3068.92,Cash,2025,10,October,Q4,22.066987889085507
O03625,2026-06-15,C0959,Sneha Kumar,P8566,Dress,Clothing,East,West Bengal,2,1432.27,0.1,2578.09,1638.99,939.1,Net Banking,2026,6,June,Q2,36.42619148284194
O03626,2025-07-09,C0703,Ananya Sharma,P4636,Smartphone,Electronics,West,Goa,3,60668.79,0.1,163805.73,99106.69,64699.04,Credit Card,2025,7,July,Q3,39.49742173243879
O03627,2025-05-20,C0966,Divya Reddy,P1796,Mouse,Electronics,North,Punjab,4,1651.67,0.15,5615.68,4173.09,1442.59,Net Banking,2025,5,May,Q2,25.6886076129694
O03628,2025-02-26,C0294,Meena Singh,P8566,Dress,Clothing,South,Kerala,3,1036.3,0.1,2798.01,1669.55,1128.46,UPI,2025,2,February,Q1,40.33080653750344
O03629,2026-02-15,C0601,Divya Sharma,P7291,Jacket,Clothing,West,Madhya Pradesh,4,2559.53,0.1,9214.31,6279.02,2935.29,Debit Card,2026,2,February,Q1,31.855776504154953
O03630,2026-05-20,C1052,Arun Iyer,P3067,Cookware Set,Home & Kitchen,North,Delhi,7,3089.64,0.1,19464.73,12622.44,6842.29,Debit Card,2026,5,May,Q2,35.15224716705549
O03631,2025-04-27,C0023,Karthik Verma,P9007,Jeans,Clothing,South,Telangana,6,2253.22,0.05,12843.35,9167.14,3676.21,Debit Card,2025,4,April,Q2,28.6234510466506
O03632,2026-03-19,C0144,Meena Verma,P0899,Perfume,Beauty,West,Goa,1,4858.59,0.0,4858.59,3379.09,1479.5,Debit Card,2026,3,March,Q1,30.451221444904796
O03633,2025-10-02,C0217,Meena Sharma,P2376,Dining Table,Furniture,North,Delhi,4,32586.19,0.1,117310.28,88816.21,28494.07,UPI,2025,10,October,Q4,24.289491082963917
O03634,2026-02-27,C0105,Meena Rao,P6993,Air Fryer,Home & Kitchen,North,Punjab,1,8700.79,0.1,7830.71,4818.26,3012.45,UPI,2026,2,February,Q1,38.46969176485912
O03635,2025-07-13,C0315,Meena Das,P6266,Bookshelf,Furniture,South,Tamil Nadu,2,8483.11,0.15,14421.29,11279.66,3141.63,Debit Card,2025,7,July,Q3,21.784666975007088
O03636,2025-07-21,C0777,Meena Rao,P5533,Shampoo,Beauty,South,Andhra Pradesh,6,448.38,0.0,2690.28,1853.15,837.13,Debit Card,2025,7,July,Q3,31.11683542233522
O03637,2025-04-21,C0646,Ananya Reddy,P9667,Mixer Grinder,Home & Kitchen,East,West Bengal,5,7822.7,0.15,33246.48,25048.74,8197.74,UPI,2025,4,April,Q2,24.65746749731099
O03638,2025-11-02,C1081,Ananya Nair,P9685,Laptop,Electronics,West,Maharashtra,4,59403.94,0.1,213854.18,165844.38,48009.8,UPI,2025,11,November,Q4,22.44978330561507
O03639,2025-12-21,C0700,Priya Rao,P0790,Face Cream,Beauty,South,Telangana,1,1647.65,0.1,1482.89,880.36,602.53,UPI,2025,12,December,Q4,40.63214398910235
O03640,2025-06-21,C0985,Ravi Nair,P8699,Coffee Maker,Home & Kitchen,West,Maharashtra,6,2737.98,0.0,16427.88,10770.55,5657.33,Cash,2025,6,June,Q2,34.43737110327078
O03641,2025-11-19,C0505,Vijay Das,P0790,Face Cream,Beauty,East,Bihar,1,654.51,0.0,654.51,440.81,213.7,UPI,2025,11,November,Q4,32.650379673343416
O03642,2026-01-17,C1178,Priya Kumar,P3727,Monitor,Electronics,North,Delhi,6,11915.64,0.05,67919.15,51725.61,16193.54,Net Banking,2026,1,January,Q1,23.8423772971246
O03643,2026-06-15,C0287,Karthik Singh,P3067,Cookware Set,Home & Kitchen,South,Tamil Nadu,3,3872.31,0.05,11036.08,6955.77,4080.31,Debit Card,2026,6,June,Q2,36.972457611760696
O03644,2026-01-31,C0188,Vijay Iyer,P0899,Perfume,Beauty,West,Maharashtra,2,1365.41,0.15,2321.2,1375.56,945.64,Debit Card,2026,1,January,Q1,40.739272789936244
O03645,2025-02-14,C0618,Ravi Reddy,P5057,Headphones,Electronics,North,Delhi,1,10726.61,0.05,10190.28,6666.51,3523.77,Cash,2025,2,February,Q1,34.57971714221787
O03646,2025-01-30,C0784,Priya Reddy,P6266,Bookshelf,Furniture,South,Tamil Nadu,3,11499.29,0.05,32772.98,26548.12,6224.86,Cash,2025,1,January,Q1,18.993878493808005
O03647,2026-03-27,C0401,Karthik Iyer,P9685,Laptop,Electronics,South,Kerala,7,57146.43,0.1,360022.51,265272.92,94749.59,Net Banking,2026,3,March,Q1,26.317684969198176
O03648,2025-11-15,C1114,Ananya Kumar,P4636,Smartphone,Electronics,North,Delhi,2,34507.19,0.1,62112.94,43596.37,18516.57,Cash,2025,11,November,Q4,29.811131142721624
O03649,2025-10-05,C0031,Meena Reddy,P5533,Shampoo,Beauty,West,Gujarat,3,576.21,0.0,1728.63,1228.83,499.8,Net Banking,2025,10,October,Q4,28.91306988771455
O03650,2025-08-25,C1013,Arun Patel,P9667,Mixer Grinder,Home & Kitchen,East,Jharkhand,1,5591.7,0.0,5591.7,3282.31,2309.39,UPI,2025,8,August,Q3,41.30032011731674
O03651,2026-05-01,C0382,Rahul Das,P1600,Office Chair,Furniture,North,Delhi,3,6591.85,0.05,18786.77,11098.8,7687.97,Debit Card,2026,5,May,Q2,40.92225539568537
O03652,2025-01-23,C1172,Ananya Verma,P7087,Tablet,Electronics,East,Odisha,2,15762.43,0.0,31524.86,20763.87,10760.99,UPI,2025,1,January,Q1,34.13493350961749
O03653,2026-02-20,C0836,Vijay Das,P6993,Air Fryer,Home & Kitchen,West,Maharashtra,1,9416.53,0.15,8004.05,5671.96,2332.09,Debit Card,2026,2,February,Q1,29.13637471030291
O03654,2026-01-07,C0004,Meena Sharma,P4636,Smartphone,Electronics,North,Rajasthan,3,40421.27,0.05,115200.62,78451.72,36748.9,Cash,2026,1,January,Q1,31.89991512198459
O03655,2026-05-06,C0024,Vijay Patel,P0649,Sofa,Furniture,South,Telangana,6,15875.46,0.05,90490.12,70096.67,20393.45,Cash,2026,5,May,Q2,22.536659250755775
O03656,2025-01-02,C0770,Rahul Singh,P7050,Makeup Kit,Beauty,East,Odisha,2,2802.65,0.15,4764.5,3231.62,1532.88,Debit Card,2025,1,January,Q1,32.17294574456921
O03657,2025-04-12,C0841,Priya Kumar,P1796,Mouse,Electronics,South,Kerala,4,2990.8,0.0,11963.2,9173.7,2789.5,Net Banking,2025,4,April,Q2,23.31733984218269
O03658,2025-02-06,C0206,Karthik Sharma,P1796,Mouse,Electronics,South,Kerala,2,1556.25,0.15,2645.62,1885.5,760.12,UPI,2025,2,February,Q1,28.731261481240693
O03659,2025-01-22,C0082,Divya Verma,P9667,Mixer Grinder,Home & Kitchen,South,Kerala,3,4309.06,0.1,11634.46,7621.88,4012.58,Debit Card,2025,1,January,Q1,34.48875151919385
O03660,2025-08-15,C0767,Sneha Sharma,P9685,Laptop,Electronics,West,Gujarat,1,56724.44,0.0,56724.44,34933.39,21791.05,Cash,2025,8,August,Q3,38.4156282547699
O03661,2025-10-02,C0517,Divya Singh,P9007,Jeans,Clothing,East,West Bengal,1,1743.84,0.1,1569.46,927.15,642.31,Cash,2025,10,October,Q4,40.925541268971486
O03662,2025-11-17,C0644,Divya Kumar,P7087,Tablet,Electronics,South,Kerala,4,38718.77,0.1,139387.57,97940.96,41446.61,Debit Card,2025,11,November,Q4,29.734796294963743
O03663,2025-01-30,C0156,Karthik Sharma,P2376,Dining Table,Furniture,South,Karnataka,4,13007.34,0.1,46826.42,37200.84,9625.58,Net Banking,2025,1,January,Q1,20.555874226558426
O03664,2025-12-28,C0693,Ravi Patel,P6993,Air Fryer,Home & Kitchen,West,Goa,6,11512.36,0.1,62166.74,41246.52,20920.22,Cash,2025,12,December,Q4,33.65178872175058
O03665,2025-09-13,C0404,Divya Reddy,P5057,Headphones,Electronics,North,Delhi,3,11182.09,0.0,33546.27,24125.92,9420.35,UPI,2025,9,September,Q3,28.08166153792956
O03666,2025-06-04,C0082,Karthik Verma,P4636,Smartphone,Electronics,West,Goa,6,43622.86,0.1,235563.44,145176.58,90386.86,Net Banking,2025,6,June,Q2,38.37049586302526
O03667,2025-10-15,C0057,Ananya Kumar,P0649,Sofa,Furniture,East,Jharkhand,6,26173.54,0.15,133485.05,89840.65,43644.4,UPI,2025,10,October,Q4,32.696095929843835
O03668,2026-06-30,C0047,Ananya Reddy,P9667,Mixer Grinder,Home & Kitchen,West,Goa,3,8328.7,0.1,22487.49,13196.67,9290.82,Net Banking,2026,6,June,Q2,41.31550475397654
O03669,2026-05-12,C0511,Vijay Singh,P7780,Vacuum Cleaner,Home & Kitchen,South,Karnataka,7,11326.08,0.0,79282.56,60932.39,18350.17,Net Banking,2026,5,May,Q2,23.145279365348443
O03670,2026-02-23,C0670,Rahul Sharma,P6266,Bookshelf,Furniture,West,Goa,6,7969.47,0.05,45425.98,28327.34,17098.64,Credit Card,2026,2,February,Q1,37.640662898191735
O03671,2025-03-02,C0313,Ravi Iyer,P3693,Keyboard,Electronics,South,Karnataka,1,813.72,0.1,732.35,590.82,141.53,UPI,2025,3,March,Q1,19.325459138390112
O03672,2025-06-01,C0421,Meena Reddy,P0899,Perfume,Beauty,South,Karnataka,5,1147.88,0.05,5452.43,3826.21,1626.22,UPI,2025,6,June,Q2,29.825600695469724
O03673,2025-01-16,C0296,Rahul Kumar,P9685,Laptop,Electronics,West,Goa,2,55113.57,0.05,104715.78,68035.62,36680.16,Net Banking,2025,1,January,Q1,35.02830232463532
O03674,2025-10-10,C0563,Vijay Patel,P9685,Laptop,Electronics,North,Haryana,2,56890.87,0.15,96714.48,65737.5,30976.98,Net Banking,2025,10,October,Q4,32.029309365050615
O03675,2025-01-06,C0427,Arun Verma,P7050,Makeup Kit,Beauty,South,Karnataka,4,1460.21,0.05,5548.8,4259.56,1289.24,Net Banking,2025,1,January,Q1,23.234573241061128
O03676,2025-04-30,C0563,Priya Rao,P0899,Perfume,Beauty,North,Delhi,6,4013.19,0.2,19263.31,15653.35,3609.96,Credit Card,2025,4,April,Q2,18.74008153323598
O03677,2026-02-12,C1071,Ananya Sharma,P0649,Sofa,Furniture,North,Punjab,1,29254.32,0.05,27791.6,22139.84,5651.76,Net Banking,2026,2,February,Q1,20.336216698570794
O03678,2025-02-26,C0590,Divya Sharma,P9007,Jeans,Clothing,South,Telangana,1,939.98,0.15,798.98,481.05,317.93,Credit Card,2025,2,February,Q1,39.79198478059526
O03679,2026-01-12,C0714,Ananya Kumar,P0790,Face Cream,Beauty,West,Maharashtra,2,1191.04,0.05,2262.98,1657.02,605.96,Debit Card,2026,1,January,Q1,26.777081547340238
O03680,2026-06-23,C0175,Divya Reddy,P1077,Skin Care Set,Beauty,West,Gujarat,6,4899.44,0.1,26456.98,16822.09,9634.89,Cash,2026,6,June,Q2,36.41719500865178
O03681,2025-05-08,C1196,Vijay Iyer,P4870,Smartwatch,Electronics,North,Punjab,7,9411.57,0.1,59292.89,44013.49,15279.4,Debit Card,2025,5,May,Q2,25.76936290337678
O03682,2026-01-09,C0968,Arun Reddy,P1796,Mouse,Electronics,South,Kerala,4,2153.32,0.15,7321.29,4412.09,2909.2,Debit Card,2026,1,January,Q1,39.73616671378951
O03683,2025-06-10,C1150,Rahul Verma,P4636,Smartphone,Electronics,North,Punjab,2,44764.73,0.05,85052.99,53992.63,31060.36,UPI,2025,6,June,Q2,36.51883372941974
O03684,2025-05-17,C0157,Karthik Verma,P6266,Bookshelf,Furniture,North,Rajasthan,5,5861.08,0.05,27840.13,16663.23,11176.9,Debit Card,2025,5,May,Q2,40.14672345279997
O03685,2025-01-17,C0546,Sneha Nair,P1077,Skin Care Set,Beauty,South,Karnataka,6,3018.96,0.2,14491.01,9430.6,5060.41,UPI,2025,1,January,Q1,34.921030349161306
O03686,2025-04-29,C1173,Sneha Verma,P7780,Vacuum Cleaner,Home & Kitchen,East,Odisha,5,15972.0,0.15,67881.0,48228.54,19652.46,Cash,2025,4,April,Q2,28.951341317894553
O03687,2025-02-11,C0917,Vijay Nair,P3727,Monitor,Electronics,North,Rajasthan,3,20186.56,0.0,60559.68,44125.49,16434.19,Credit Card,2025,2,February,Q1,27.13718104190775
O03688,2025-07-21,C0817,Ravi Rao,P9667,Mixer Grinder,Home & Kitchen,South,Kerala,5,2947.79,0.1,13265.06,8845.98,4419.08,Net Banking,2025,7,July,Q3,33.31368271232848
O03689,2025-01-10,C0151,Karthik Verma,P5533,Shampoo,Beauty,West,Goa,2,1049.74,0.05,1994.51,1417.15,577.36,Cash,2025,1,January,Q1,28.94746077984066
O03690,2025-02-04,C0512,Vijay Reddy,P6266,Bookshelf,Furniture,West,Goa,5,10339.91,0.05,49114.57,31569.84,17544.73,UPI,2025,2,February,Q1,35.72204744946357
O03691,2025-07-30,C0183,Meena Patel,P7087,Tablet,Electronics,North,Haryana,2,12370.62,0.2,19792.99,15355.64,4437.35,Credit Card,2025,7,July,Q3,22.418795745362374
O03692,2025-09-18,C0010,Karthik Nair,P5057,Headphones,Electronics,South,Karnataka,4,6783.78,0.1,24421.61,14244.94,10176.67,Credit Card,2025,9,September,Q3,41.670757988519185
O03693,2025-07-25,C0670,Arun Kumar,P3067,Cookware Set,Home & Kitchen,West,Gujarat,3,3538.33,0.0,10614.99,7745.2,2869.79,Debit Card,2025,7,July,Q3,27.035258629541808
O03694,2026-03-31,C0003,Divya Singh,P6993,Air Fryer,Home & Kitchen,South,Andhra Pradesh,3,9771.68,0.05,27849.29,19045.22,8804.07,Cash,2026,3,March,Q1,31.613265544651227
O03695,2026-06-09,C1116,Sneha Reddy,P5533,Shampoo,Beauty,North,Rajasthan,4,1039.94,0.05,3951.77,2446.48,1505.29,Debit Card,2026,6,June,Q2,38.091538728215454
O03696,2025-07-27,C0300,Ananya Iyer,P4870,Smartwatch,Electronics,South,Karnataka,4,13015.27,0.1,46854.97,28280.84,18574.13,Net Banking,2025,7,July,Q3,39.64174985065619
O03697,2025-05-31,C0353,Vijay Sharma,P6266,Bookshelf,Furniture,North,Haryana,6,6099.32,0.0,36595.92,24112.12,12483.8,UPI,2025,5,May,Q2,34.112545879431366
O03698,2025-12-06,C0296,Vijay Reddy,P7087,Tablet,Electronics,East,Jharkhand,7,12278.15,0.1,77352.34,56975.29,20377.05,UPI,2025,12,December,Q4,26.34315910805026
O03699,2025-01-03,C0510,Divya Reddy,P7087,Tablet,Electronics,East,Bihar,1,28517.0,0.1,25665.3,17544.39,8120.91,Cash,2025,1,January,Q1,31.64159390305198
O03700,2026-01-22,C1157,Vijay Verma,P8566,Dress,Clothing,South,Andhra Pradesh,5,3007.76,0.1,13534.92,9555.54,3979.38,Cash,2026,1,January,Q1,29.400838719401374
O03701,2025-10-25,C0416,Sneha Iyer,P0790,Face Cream,Beauty,South,Tamil Nadu,5,668.01,0.0,3340.05,2114.35,1225.7,Cash,2025,10,October,Q4,36.6970554333019
O03702,2026-06-01,C0974,Divya Sharma,P4333,Desk,Furniture,South,Kerala,1,13628.35,0.05,12946.93,8026.41,4920.52,Cash,2026,6,June,Q2,38.0053031877055
O03703,2025-06-20,C0483,Karthik Singh,P5533,Shampoo,Beauty,West,Maharashtra,3,670.06,0.2,1608.14,1070.14,538.0,Cash,2025,6,June,Q2,33.454798711554965
O03704,2025-12-10,C0586,Karthik Verma,P7050,Makeup Kit,Beauty,North,Rajasthan,1,4070.87,0.0,4070.87,3015.79,1055.08,Credit Card,2025,12,December,Q4,25.91780135450162
O03705,2025-01-11,C0114,Ravi Iyer,P6547,Shoes,Clothing,South,Karnataka,1,4282.96,0.0,4282.96,3496.21,786.75,UPI,2025,1,January,Q1,18.36930534023199
O03706,2025-02-26,C0725,Divya Iyer,P7050,Makeup Kit,Beauty,South,Andhra Pradesh,6,3844.19,0.1,20758.63,15296.54,5462.09,Cash,2025,2,February,Q1,26.31238188647324
O03707,2025-12-30,C0177,Arun Sharma,P9685,Laptop,Electronics,North,Delhi,6,68104.36,0.0,408626.16,297216.29,111409.87,Credit Card,2025,12,December,Q4,27.264497701272965
O03708,2025-12-09,C0746,Ananya Nair,P3693,Keyboard,Electronics,West,Maharashtra,1,2344.26,0.0,2344.26,1800.53,543.73,Cash,2025,12,December,Q4,23.19409963058705
O03709,2025-06-28,C1065,Meena Patel,P2376,Dining Table,Furniture,West,Gujarat,4,34972.58,0.0,139890.32,101735.86,38154.46,Credit Card,2025,6,June,Q2,27.27455337867552
O03710,2025-06-04,C0417,Meena Rao,P1600,Office Chair,Furniture,East,Bihar,2,5426.16,0.0,10852.32,7796.99,3055.33,Cash,2025,6,June,Q2,28.153703539888248
O03711,2026-05-01,C0136,Karthik Rao,P7291,Jacket,Clothing,West,Gujarat,6,6756.83,0.0,40540.98,23793.28,16747.7,Net Banking,2026,5,May,Q2,41.31054552701982
O03712,2025-05-09,C0061,Karthik Sharma,P7050,Makeup Kit,Beauty,West,Maharashtra,3,4223.53,0.1,11403.53,8693.63,2709.9,Net Banking,2025,5,May,Q2,23.763694224507674
O03713,2026-04-22,C0076,Karthik Rao,P4636,Smartphone,Electronics,West,Madhya Pradesh,2,24129.31,0.1,43432.76,30782.22,12650.54,Net Banking,2026,4,April,Q2,29.12672369888536
O03714,2025-12-09,C0506,Vijay Rao,P4333,Desk,Furniture,East,Jharkhand,6,7149.13,0.0,42894.78,28760.28,14134.5,UPI,2025,12,December,Q4,32.95156193830578
O03715,2026-03-17,C0092,Meena Rao,P2376,Dining Table,Furniture,East,Jharkhand,7,21767.23,0.15,129515.02,101025.74,28489.28,Credit Card,2026,3,March,Q1,21.996892715609352
O03716,2026-04-30,C0066,Ravi Verma,P0790,Face Cream,Beauty,South,Karnataka,4,972.79,0.15,3307.49,2705.24,602.25,Credit Card,2026,4,April,Q2,18.208671832719073
O03717,2025-11-12,C0069,Ravi Kumar,P0790,Face Cream,Beauty,North,Delhi,2,465.83,0.2,745.33,517.79,227.54,UPI,2025,11,November,Q4,30.52875907316222
O03718,2026-01-12,C0009,Sneha Rao,P0790,Face Cream,Beauty,East,West Bengal,7,749.21,0.2,4195.58,2812.72,1382.86,Cash,2026,1,January,Q1,32.95992449196535
O03719,2026-04-05,C1111,Arun Iyer,P1796,Mouse,Electronics,South,Telangana,5,1489.35,0.05,7074.41,4566.71,2507.7,UPI,2026,4,April,Q2,35.44747901238407
O03720,2025-08-16,C0880,Meena Sharma,P1600,Office Chair,Furniture,North,Punjab,7,9259.03,0.0,64813.21,49904.04,14909.17,Cash,2025,8,August,Q3,23.00328899000682
O03721,2025-02-18,C0848,Karthik Kumar,P3693,Keyboard,Electronics,South,Telangana,2,3971.84,0.0,7943.68,4755.2,3188.48,Credit Card,2025,2,February,Q1,40.138575572027065
O03722,2025-06-28,C1195,Rahul Nair,P4636,Smartphone,Electronics,West,Maharashtra,3,22866.39,0.0,68599.17,53858.86,14740.31,Cash,2025,6,June,Q2,21.48759234258957
O03723,2025-08-31,C0433,Sneha Patel,P4870,Smartwatch,Electronics,West,Goa,7,3068.91,0.2,17185.9,12041.02,5144.88,Credit Card,2025,8,August,Q3,29.936634101210874
O03724,2025-01-03,C1000,Meena Reddy,P7087,Tablet,Electronics,West,Goa,5,12730.92,0.0,63654.6,45995.37,17659.23,Cash,2025,1,January,Q1,27.742268429932793
O03725,2025-09-14,C0342,Meena Kumar,P5057,Headphones,Electronics,South,Tamil Nadu,1,2497.98,0.1,2248.18,1412.32,835.86,Debit Card,2025,9,September,Q3,37.179407342828426
O03726,2025-04-16,C0014,Karthik Kumar,P9667,Mixer Grinder,Home & Kitchen,West,Gujarat,2,4924.9,0.0,9849.8,7514.96,2334.84,Net Banking,2025,4,April,Q2,23.704440699303543
O03727,2025-05-12,C0416,Sneha Verma,P9667,Mixer Grinder,Home & Kitchen,South,Karnataka,5,8793.17,0.15,37370.97,24904.81,12466.16,UPI,2025,5,May,Q2,33.357871096201144
O03728,2025-02-15,C0023,Karthik Patel,P1077,Skin Care Set,Beauty,South,Telangana,2,5300.2,0.05,10070.38,7421.29,2649.09,Cash,2025,2,February,Q1,26.305760060692844
O03729,2025-07-08,C0703,Karthik Kumar,P1077,Skin Care Set,Beauty,North,Rajasthan,3,2721.67,0.15,6940.26,4090.79,2849.47,Cash,2025,7,July,Q3,41.05710737061724
O03730,2025-09-22,C0899,Ravi Kumar,P2376,Dining Table,Furniture,South,Andhra Pradesh,7,23243.53,0.0,162704.71,108630.21,54074.5,Net Banking,2025,9,September,Q3,33.234747783269455
O03731,2026-05-22,C0984,Divya Kumar,P1101,T-Shirt,Clothing,South,Karnataka,7,319.63,0.0,2237.41,1615.27,622.14,Net Banking,2026,5,May,Q2,27.80625812881859
O03732,2025-02-16,C0890,Sneha Patel,P4636,Smartphone,Electronics,West,Goa,1,18685.58,0.1,16817.02,12256.62,4560.4,Cash,2025,2,February,Q1,27.11776521642954
O03733,2026-01-09,C0024,Priya Kumar,P0899,Perfume,Beauty,South,Andhra Pradesh,2,3474.98,0.15,5907.47,4147.09,1760.38,UPI,2026,1,January,Q1,29.79922030920174
O03734,2025-11-09,C1097,Priya Patel,P9667,Mixer Grinder,Home & Kitchen,South,Telangana,6,4440.08,0.05,25308.46,19591.94,5716.52,Cash,2025,11,November,Q4,22.58738777468088
O03735,2026-03-08,C0004,Karthik Das,P6993,Air Fryer,Home & Kitchen,South,Karnataka,1,10167.24,0.05,9658.88,6061.82,3597.06,Debit Card,2026,3,March,Q1,37.24096375563213
O03736,2026-02-14,C1051,Ananya Patel,P9685,Laptop,Electronics,North,Delhi,7,62318.88,0.0,436232.16,271084.63,165147.53,Net Banking,2026,2,February,Q1,37.85771548800987
O03737,2025-10-22,C0634,Rahul Singh,P0649,Sofa,Furniture,South,Telangana,1,46809.96,0.15,39788.47,29166.9,10621.57,UPI,2025,10,October,Q4,26.695095337920762
O03738,2026-01-26,C0572,Priya Reddy,P9685,Laptop,Electronics,West,Maharashtra,4,64029.93,0.05,243313.73,179794.07,63519.66,UPI,2026,1,January,Q1,26.106073011169574
O03739,2025-07-01,C0968,Priya Sharma,P5533,Shampoo,Beauty,North,Uttar Pradesh,5,940.36,0.0,4701.8,3260.21,1441.59,Net Banking,2025,7,July,Q3,30.660385384320893
O03740,2025-08-29,C1128,Meena Iyer,P3067,Cookware Set,Home & Kitchen,South,Tamil Nadu,5,6919.78,0.0,34598.9,23172.08,11426.82,Credit Card,2025,8,August,Q3,33.0265413062265
O03741,2026-04-21,C0488,Karthik Sharma,P0899,Perfume,Beauty,North,Uttar Pradesh,1,3027.47,0.1,2724.72,1724.34,1000.38,UPI,2026,4,April,Q2,36.71496520743416
O03742,2025-11-06,C1119,Ravi Das,P5057,Headphones,Electronics,South,Telangana,4,11053.55,0.1,39792.78,31474.08,8318.7,UPI,2025,11,November,Q4,20.905048604294553
O03743,2025-03-22,C0028,Karthik Sharma,P7087,Tablet,Electronics,North,Uttar Pradesh,7,19019.88,0.05,126482.2,97825.54,28656.66,Net Banking,2025,3,March,Q1,22.656674219771634
O03744,2025-08-11,C0828,Meena Patel,P6547,Shoes,Clothing,West,Madhya Pradesh,2,5932.37,0.2,9491.79,7377.25,2114.54,UPI,2025,8,August,Q3,22.27756829849796
O03745,2025-12-29,C0701,Ananya Singh,P3693,Keyboard,Electronics,South,Andhra Pradesh,5,1449.7,0.1,6523.65,4020.83,2502.82,UPI,2025,12,December,Q4,38.365332290972084
O03746,2025-11-05,C0900,Divya Rao,P0899,Perfume,Beauty,West,Maharashtra,2,3456.11,0.05,6566.61,4357.99,2208.62,Net Banking,2025,11,November,Q4,33.634097350078655
O03747,2026-05-29,C1197,Sneha Kumar,P3693,Keyboard,Electronics,North,Delhi,4,1776.33,0.0,7105.32,5553.92,1551.4,UPI,2026,5,May,Q2,21.83434384376777
O03748,2025-04-11,C0192,Ravi Verma,P3693,Keyboard,Electronics,South,Tamil Nadu,6,1481.91,0.1,8002.31,6346.83,1655.48,Net Banking,2025,4,April,Q2,20.687526476729843
O03749,2025-02-26,C0107,Vijay Nair,P6547,Shoes,Clothing,South,Tamil Nadu,4,3032.59,0.1,10917.32,8403.76,2513.56,Net Banking,2025,2,February,Q1,23.023599198338054
O03750,2025-09-20,C0821,Sneha Reddy,P8699,Coffee Maker,Home & Kitchen,South,Andhra Pradesh,6,8204.5,0.0,49227.0,33106.35,16120.65,UPI,2025,9,September,Q3,32.74757754890609
O03751,2025-12-04,C0937,Karthik Verma,P7050,Makeup Kit,Beauty,North,Punjab,4,1593.47,0.05,6055.19,4104.63,1950.56,Credit Card,2025,12,December,Q4,32.213027171732016
O03752,2025-04-25,C0735,Ravi Das,P4870,Smartwatch,Electronics,South,Kerala,1,4493.85,0.2,3595.08,2105.94,1489.14,Credit Card,2025,4,April,Q2,41.42160953302847
O03753,2025-05-25,C1055,Karthik Verma,P4870,Smartwatch,Electronics,North,Punjab,4,12087.74,0.15,41098.32,25031.62,16066.7,Cash,2025,5,May,Q2,39.093325469264926
O03754,2026-04-23,C0945,Ravi Patel,P1600,Office Chair,Furniture,East,Bihar,5,6948.18,0.05,33003.86,21703.81,11300.05,Net Banking,2026,4,April,Q2,34.238570882314974
O03755,2026-02-22,C0833,Meena Nair,P0649,Sofa,Furniture,East,West Bengal,2,43899.24,0.05,83408.56,57029.73,26378.83,Debit Card,2026,2,February,Q1,31.626046535271684
O03756,2026-04-03,C0009,Karthik Patel,P6993,Air Fryer,Home & Kitchen,West,Madhya Pradesh,7,10082.13,0.15,59988.67,36037.53,23951.14,Net Banking,2026,4,April,Q2,39.92610604635842
O03757,2026-03-20,C0077,Ananya Rao,P1796,Mouse,Electronics,North,Uttar Pradesh,7,2024.11,0.15,12043.45,6994.11,5049.34,Net Banking,2026,3,March,Q1,41.92602618020584
O03758,2026-02-23,C0590,Rahul Singh,P5533,Shampoo,Beauty,East,Jharkhand,3,319.49,0.05,910.55,710.05,200.5,Cash,2026,2,February,Q1,22.019658448190654
O03759,2025-05-05,C1017,Priya Patel,P6547,Shoes,Clothing,West,Gujarat,3,1418.2,0.1,3829.14,2342.74,1486.4,Credit Card,2025,5,May,Q2,38.81811581712866
O03760,2025-09-29,C0893,Sneha Rao,P2376,Dining Table,Furniture,South,Kerala,5,13976.1,0.1,62892.45,43305.95,19586.5,UPI,2025,9,September,Q3,31.14284782990645
O03761,2025-03-07,C0121,Priya Das,P7087,Tablet,Electronics,North,Rajasthan,3,22016.57,0.15,56142.25,34084.58,22057.67,Cash,2025,3,March,Q1,39.288895617827926
O03762,2026-04-21,C0162,Priya Nair,P6993,Air Fryer,Home & Kitchen,East,West Bengal,4,7098.94,0.0,28395.76,18607.77,9787.99,Net Banking,2026,4,April,Q2,34.469899731509216
O03763,2026-06-07,C0655,Arun Nair,P6547,Shoes,Clothing,West,Maharashtra,3,1452.92,0.0,4358.76,3392.23,966.53,Net Banking,2026,6,June,Q2,22.174425754113553
O03764,2026-01-22,C0563,Rahul Kumar,P4870,Smartwatch,Electronics,North,Uttar Pradesh,4,10907.46,0.1,39266.86,30658.24,8608.62,Net Banking,2026,1,January,Q1,21.92337253347989
O03765,2025-04-22,C0379,Priya Singh,P8566,Dress,Clothing,South,Karnataka,2,4207.47,0.0,8414.94,6767.7,1647.24,Debit Card,2025,4,April,Q2,19.575184136785285
O03766,2025-02-05,C0269,Ananya Iyer,P9007,Jeans,Clothing,North,Punjab,4,1166.87,0.1,4200.73,3144.47,1056.26,Credit Card,2025,2,February,Q1,25.14467723467112
O03767,2025-02-05,C0618,Meena Sharma,P1101,T-Shirt,Clothing,East,Jharkhand,5,1771.29,0.15,7527.98,4758.26,2769.72,Credit Card,2025,2,February,Q1,36.79234004341138
O03768,2025-11-27,C0157,Ananya Das,P7780,Vacuum Cleaner,Home & Kitchen,West,Madhya Pradesh,6,8846.96,0.15,45119.5,26257.79,18861.71,UPI,2025,11,November,Q4,41.803898536109664
O03769,2025-11-15,C0822,Ravi Rao,P3067,Cookware Set,Home & Kitchen,East,Jharkhand,2,7269.05,0.1,13084.29,10404.78,2679.51,Cash,2025,11,November,Q4,20.47883377699516
O03770,2025-07-12,C0802,Ravi Sharma,P1077,Skin Care Set,Beauty,North,Rajasthan,6,3226.29,0.1,17421.97,13329.89,4092.08,Cash,2025,7,July,Q3,23.48804411900606
O03771,2025-11-16,C0285,Karthik Kumar,P8699,Coffee Maker,Home & Kitchen,North,Uttar Pradesh,3,9751.12,0.05,27790.69,19831.15,7959.54,Debit Card,2025,11,November,Q4,28.64103050338081
O03772,2026-01-24,C0456,Divya Verma,P2376,Dining Table,Furniture,North,Haryana,5,31877.63,0.15,135479.93,102990.37,32489.56,UPI,2026,1,January,Q1,23.981087087954652
O03773,2026-04-06,C0566,Divya Patel,P3727,Monitor,Electronics,South,Karnataka,4,18086.48,0.05,68728.62,42806.78,25921.84,Debit Card,2026,4,April,Q2,37.716223605246256
O03774,2025-06-03,C0568,Karthik Iyer,P7291,Jacket,Clothing,North,Punjab,4,3706.24,0.05,14083.71,9535.84,4547.87,Cash,2025,6,June,Q2,32.2917043875513
O03775,2025-08-03,C1069,Karthik Kumar,P8699,Coffee Maker,Home & Kitchen,South,Kerala,5,9168.0,0.0,45840.0,33368.2,12471.8,UPI,2025,8,August,Q3,27.207242582897035
O03776,2026-01-13,C0452,Vijay Singh,P9667,Mixer Grinder,Home & Kitchen,East,Odisha,6,4935.54,0.0,29613.24,23928.91,5684.33,Cash,2026,1,January,Q1,19.19523159235531
O03777,2026-01-29,C1172,Ananya Iyer,P4636,Smartphone,Electronics,East,West Bengal,3,43921.5,0.1,118588.05,70412.88,48175.17,UPI,2026,1,January,Q1,40.62396674875757
O03778,2026-02-13,C0383,Rahul Patel,P7087,Tablet,Electronics,West,Maharashtra,4,32878.04,0.0,131512.16,79071.74,52440.42,Cash,2026,2,February,Q1,39.87495909123536
O03779,2026-02-16,C0908,Vijay Reddy,P0899,Perfume,Beauty,West,Gujarat,6,1343.68,0.1,7255.87,5773.55,1482.32,Debit Card,2026,2,February,Q1,20.429252453530726
O03780,2025-10-24,C0955,Arun Nair,P7087,Tablet,Electronics,North,Punjab,3,36394.38,0.05,103723.98,79035.05,24688.93,UPI,2025,10,October,Q4,23.802528595605377
O03781,2025-09-11,C1026,Rahul Singh,P3693,Keyboard,Electronics,West,Madhya Pradesh,3,3157.03,0.1,8523.98,5005.15,3518.83,Cash,2025,9,September,Q3,41.28153749774167
O03782,2026-04-18,C0902,Vijay Reddy,P3067,Cookware Set,Home & Kitchen,South,Tamil Nadu,6,3566.93,0.05,20331.5,14368.92,5962.58,Cash,2026,4,April,Q2,29.326808154833632
O03783,2026-01-27,C0064,Priya Kumar,P3693,Keyboard,Electronics,South,Tamil Nadu,2,4124.17,0.15,7011.09,4807.61,2203.48,Net Banking,2026,1,January,Q1,31.428494000219654
O03784,2025-04-18,C0046,Vijay Verma,P4636,Smartphone,Electronics,East,West Bengal,7,37731.5,0.1,237708.45,150016.35,87692.1,Net Banking,2025,4,April,Q2,36.89061116674649
O03785,2025-11-27,C1182,Sneha Iyer,P3067,Cookware Set,Home & Kitchen,East,West Bengal,4,2705.53,0.1,9739.91,6963.61,2776.3,Net Banking,2025,11,November,Q4,28.504370163584674
O03786,2025-12-30,C0052,Priya Verma,P9007,Jeans,Clothing,North,Punjab,5,1220.74,0.2,4882.96,2926.26,1956.7,Debit Card,2025,12,December,Q4,40.072005504857714
O03787,2025-04-15,C0260,Vijay Das,P4636,Smartphone,Electronics,South,Kerala,1,63822.68,0.0,63822.68,49045.74,14776.94,Net Banking,2025,4,April,Q2,23.15311735577384
O03788,2025-07-30,C0364,Divya Nair,P7087,Tablet,Electronics,South,Telangana,6,13411.36,0.2,64374.53,44252.92,20121.61,UPI,2025,7,July,Q3,31.257098110075525
O03789,2025-12-31,C0611,Divya Patel,P3067,Cookware Set,Home & Kitchen,East,Odisha,1,7451.77,0.0,7451.77,5479.03,1972.74,Credit Card,2025,12,December,Q4,26.47344188025127
O03790,2026-06-18,C0060,Meena Nair,P9685,Laptop,Electronics,East,West Bengal,7,62158.41,0.1,391597.98,284297.1,107300.88,Credit Card,2026,6,June,Q2,27.40077464138094
O03791,2026-01-14,C0289,Arun Kumar,P2376,Dining Table,Furniture,South,Kerala,4,8570.28,0.1,30853.01,19694.92,11158.09,UPI,2026,1,January,Q1,36.16532066077184
O03792,2025-04-25,C0912,Divya Singh,P7087,Tablet,Electronics,South,Telangana,2,35392.55,0.05,67245.84,50803.23,16442.61,UPI,2025,4,April,Q2,24.4514902334479
O03793,2025-11-17,C0110,Meena Patel,P4870,Smartwatch,Electronics,South,Tamil Nadu,1,17860.03,0.15,15181.03,11021.84,4159.19,Cash,2025,11,November,Q4,27.39728463747189
O03794,2025-01-23,C0080,Ravi Nair,P9685,Laptop,Electronics,South,Andhra Pradesh,4,79714.92,0.0,318859.68,238737.3,80122.38,Cash,2025,1,January,Q1,25.127786617611864
O03795,2025-12-17,C0658,Sneha Rao,P3693,Keyboard,Electronics,South,Andhra Pradesh,3,2167.39,0.1,5851.95,4782.43,1069.52,Cash,2025,12,December,Q4,18.27630106203915
O03796,2026-05-08,C0147,Karthik Das,P1796,Mouse,Electronics,West,Goa,2,542.41,0.05,1030.58,652.33,378.25,Debit Card,2026,5,May,Q2,36.702633468532284
O03797,2026-03-17,C0102,Meena Reddy,P5533,Shampoo,Beauty,North,Rajasthan,5,765.97,0.05,3638.36,2712.32,926.04,Debit Card,2026,3,March,Q1,25.452126782396462
O03798,2026-04-18,C0009,Sneha Sharma,P7291,Jacket,Clothing,East,Odisha,3,5196.23,0.15,13250.39,8095.33,5155.06,Credit Card,2026,4,April,Q2,38.904968080184815
O03799,2025-08-07,C0012,Vijay Singh,P5057,Headphones,Electronics,West,Madhya Pradesh,4,4156.86,0.1,14964.7,11058.91,3905.79,Cash,2025,8,August,Q3,26.10002205189546
O03800,2025-02-13,C0509,Ravi Reddy,P7087,Tablet,Electronics,East,West Bengal,6,39439.22,0.2,189308.26,113076.14,76232.12,Credit Card,2025,2,February,Q1,40.26877643902067
O03801,2026-06-26,C0961,Arun Verma,P3067,Cookware Set,Home & Kitchen,East,West Bengal,1,2321.87,0.15,1973.59,1325.56,648.03,UPI,2026,6,June,Q2,32.83508732816847
O03802,2025-12-24,C0459,Arun Patel,P0790,Face Cream,Beauty,West,Maharashtra,4,1151.19,0.1,4144.28,2955.13,1189.15,Net Banking,2025,12,December,Q4,28.693765865240767
O03803,2025-09-10,C0669,Sneha Singh,P7291,Jacket,Clothing,South,Telangana,2,4868.86,0.1,8763.95,5303.92,3460.03,UPI,2025,9,September,Q3,39.48025718996571
O03804,2025-01-10,C0141,Vijay Reddy,P0649,Sofa,Furniture,West,Maharashtra,7,39823.63,0.05,264827.14,192403.91,72423.23,Debit Card,2025,1,January,Q1,27.347359488910385
O03805,2025-10-04,C1117,Arun Nair,P0790,Face Cream,Beauty,South,Telangana,7,383.89,0.2,2149.78,1573.3,576.48,Debit Card,2025,10,October,Q4,26.81576719478272
O03806,2025-08-20,C0234,Sneha Singh,P0649,Sofa,Furniture,North,Uttar Pradesh,5,17449.81,0.05,82886.6,52066.97,30819.63,Cash,2025,8,August,Q3,37.18288601535109
O03807,2026-02-07,C0014,Ananya Patel,P0899,Perfume,Beauty,South,Kerala,2,1043.8,0.1,1878.84,1321.08,557.76,Net Banking,2026,2,February,Q1,29.686402248195698
O03808,2026-03-03,C0013,Meena Verma,P4870,Smartwatch,Electronics,North,Haryana,4,9169.77,0.15,31177.22,20091.11,11086.11,Credit Card,2026,3,March,Q1,35.558366012107555
O03809,2025-12-14,C0088,Ananya Nair,P6266,Bookshelf,Furniture,North,Rajasthan,5,9080.71,0.1,40863.2,29648.4,11214.8,Net Banking,2025,12,December,Q4,27.444742457761507
O03810,2026-05-26,C0371,Ravi Patel,P3067,Cookware Set,Home & Kitchen,West,Maharashtra,6,4374.75,0.1,23623.65,14500.94,9122.71,Debit Card,2026,5,May,Q2,38.61685217991292
O03811,2025-05-07,C0649,Divya Nair,P6266,Bookshelf,Furniture,East,Odisha,6,8419.5,0.05,47991.15,37064.83,10926.32,Cash,2025,5,May,Q2,22.76736439947782
O03812,2026-02-16,C0267,Ananya Verma,P1796,Mouse,Electronics,South,Tamil Nadu,5,2707.55,0.15,11507.09,8220.65,3286.44,Debit Card,2026,2,February,Q1,28.56013118868454
O03813,2026-03-27,C0732,Karthik Kumar,P9007,Jeans,Clothing,North,Punjab,1,1392.19,0.1,1252.97,857.12,395.85,Net Banking,2026,3,March,Q1,31.592935185998073
O03814,2025-11-20,C0089,Sneha Rao,P1600,Office Chair,Furniture,East,Odisha,5,16053.63,0.1,72241.33,44545.18,27696.15,Credit Card,2025,11,November,Q4,38.3383722309653
O03815,2026-05-30,C0147,Ananya Iyer,P9685,Laptop,Electronics,East,Odisha,3,72938.21,0.05,207873.9,165281.5,42592.4,Credit Card,2026,5,May,Q2,20.489537166522588
O03816,2026-02-16,C1189,Karthik Patel,P8699,Coffee Maker,Home & Kitchen,East,Odisha,2,3882.18,0.05,7376.14,5030.21,2345.93,Cash,2026,2,February,Q1,31.80430414824013
O03817,2026-05-17,C0901,Divya Verma,P3693,Keyboard,Electronics,South,Kerala,6,4258.16,0.1,22994.06,17807.48,5186.58,UPI,2026,5,May,Q2,22.556173202992426
O03818,2026-05-17,C0307,Vijay Verma,P7291,Jacket,Clothing,West,Goa,6,2122.71,0.05,12099.45,9257.72,2841.73,Net Banking,2026,5,May,Q2,23.48643946625673
O03819,2026-01-21,C0739,Sneha Reddy,P6266,Bookshelf,Furniture,North,Rajasthan,4,8692.34,0.1,31292.42,23911.86,7380.56,Net Banking,2026,1,January,Q1,23.585775724600403
O03820,2025-05-27,C0536,Rahul Das,P5057,Headphones,Electronics,South,Telangana,3,8189.77,0.05,23340.84,14758.01,8582.83,Net Banking,2025,5,May,Q2,36.771727152921656
O03821,2025-03-26,C0242,Rahul Sharma,P7050,Makeup Kit,Beauty,West,Goa,6,1728.44,0.0,10370.64,8491.0,1879.64,Debit Card,2025,3,March,Q1,18.12462875965225
O03822,2025-01-17,C0283,Vijay Rao,P6547,Shoes,Clothing,North,Haryana,5,4687.86,0.2,18751.44,14320.24,4431.2,Debit Card,2025,1,January,Q1,23.63125178652946
O03823,2025-05-26,C0147,Meena Singh,P1600,Office Chair,Furniture,North,Delhi,3,12557.5,0.05,35788.88,25105.78,10683.1,Net Banking,2025,5,May,Q2,29.85033339964816
O03824,2026-06-09,C0256,Priya Verma,P0649,Sofa,Furniture,East,Odisha,4,44847.57,0.0,179390.28,111029.58,68360.7,Credit Card,2026,6,June,Q2,38.10724862015935
O03825,2026-05-18,C0123,Sneha Rao,P4333,Desk,Furniture,East,West Bengal,6,24777.42,0.15,126364.84,90035.39,36329.45,Cash,2026,5,May,Q2,28.749650614838746
O03826,2026-01-24,C1188,Divya Nair,P7780,Vacuum Cleaner,Home & Kitchen,North,Punjab,6,6876.81,0.1,37134.77,24682.44,12452.33,Debit Card,2026,1,January,Q1,33.532804969574336
O03827,2025-07-16,C0821,Vijay Singh,P1600,Office Chair,Furniture,East,Jharkhand,5,5377.22,0.0,26886.1,19313.02,7573.08,Cash,2025,7,July,Q3,28.167268588601544
O03828,2026-06-18,C1181,Sneha Singh,P3727,Monitor,Electronics,North,Rajasthan,1,29399.29,0.05,27929.33,22489.49,5439.84,Debit Card,2026,6,June,Q2,19.47715895798431
O03829,2025-08-26,C1025,Sneha Sharma,P3067,Cookware Set,Home & Kitchen,South,Tamil Nadu,1,6044.89,0.1,5440.4,4390.6,1049.8,UPI,2025,8,August,Q3,19.29637526652452
O03830,2025-04-18,C0801,Arun Verma,P6993,Air Fryer,Home & Kitchen,West,Goa,6,11795.26,0.1,63694.4,41664.88,22029.52,Debit Card,2025,4,April,Q2,34.58627446054912
O03831,2025-08-02,C0053,Sneha Verma,P6547,Shoes,Clothing,South,Andhra Pradesh,3,4385.42,0.15,11182.82,8642.35,2540.47,Cash,2025,8,August,Q3,22.717615055951896
O03832,2025-03-19,C0357,Rahul Iyer,P7087,Tablet,Electronics,West,Gujarat,2,35490.07,0.1,63882.13,51654.3,12227.83,Debit Card,2025,3,March,Q1,19.141237150358013
O03833,2025-11-30,C0331,Karthik Iyer,P9007,Jeans,Clothing,South,Telangana,4,2250.41,0.1,8101.48,6618.93,1482.55,Net Banking,2025,11,November,Q4,18.299742763050702
O03834,2025-03-25,C0108,Arun Singh,P3693,Keyboard,Electronics,North,Delhi,6,4704.7,0.15,23993.97,17520.57,6473.4,UPI,2025,3,March,Q1,26.979278543734107
O03835,2025-06-29,C1029,Karthik Sharma,P0649,Sofa,Furniture,North,Delhi,7,26708.36,0.0,186958.52,124536.72,62421.8,Credit Card,2025,6,June,Q2,33.388047787284584
O03836,2025-04-30,C1072,Ravi Sharma,P8566,Dress,Clothing,West,Goa,2,3192.67,0.05,6066.07,4787.83,1278.24,Net Banking,2025,4,April,Q2,21.071962572143086
O03837,2026-01-14,C0990,Arun Verma,P3693,Keyboard,Electronics,East,West Bengal,6,1717.63,0.2,8244.62,5290.09,2954.53,Debit Card,2026,1,January,Q1,35.835854169143026
O03838,2025-03-30,C0456,Ravi Das,P7087,Tablet,Electronics,South,Karnataka,7,26342.88,0.05,175180.15,109925.6,65254.55,Credit Card,2025,3,March,Q1,37.24996810426296
O03839,2026-04-27,C0542,Arun Das,P8566,Dress,Clothing,South,Tamil Nadu,4,4801.87,0.2,15365.98,11782.77,3583.21,Cash,2026,4,April,Q2,23.319111439686893
O03840,2025-05-18,C0489,Priya Verma,P3727,Monitor,Electronics,West,Maharashtra,3,16195.36,0.2,38868.86,31332.81,7536.05,UPI,2025,5,May,Q2,19.38839986559935
O03841,2025-11-13,C0522,Karthik Sharma,P1796,Mouse,Electronics,West,Madhya Pradesh,3,1338.45,0.1,3613.82,2922.09,691.73,Cash,2025,11,November,Q4,19.14124112435041
O03842,2025-11-02,C0242,Priya Rao,P3727,Monitor,Electronics,North,Rajasthan,3,9731.27,0.1,26274.43,16958.98,9315.45,UPI,2025,11,November,Q4,35.45443231308919
O03843,2025-02-14,C0723,Rahul Kumar,P1796,Mouse,Electronics,South,Telangana,3,1317.69,0.05,3755.42,2924.08,831.34,Credit Card,2025,2,February,Q1,22.137071219730416
O03844,2025-10-17,C0400,Vijay Reddy,P9685,Laptop,Electronics,South,Andhra Pradesh,6,62157.12,0.0,372942.72,261588.93,111353.79,Cash,2025,10,October,Q4,29.85814818962011
O03845,2026-02-15,C0163,Karthik Singh,P1101,T-Shirt,Clothing,North,Delhi,4,1628.0,0.05,6186.4,3948.99,2237.41,Cash,2026,2,February,Q1,36.16659123238071
O03846,2025-07-16,C0704,Karthik Patel,P1077,Skin Care Set,Beauty,West,Madhya Pradesh,6,3154.19,0.1,17032.63,13046.18,3986.45,UPI,2025,7,July,Q3,23.40478246753437
O03847,2026-02-13,C0886,Rahul Nair,P7291,Jacket,Clothing,West,Madhya Pradesh,7,3549.52,0.1,22361.98,16301.82,6060.16,Credit Card,2026,2,February,Q1,27.10028360637117
O03848,2026-05-03,C1170,Priya Verma,P4636,Smartphone,Electronics,South,Telangana,6,31133.6,0.15,158781.36,125934.63,32846.73,UPI,2026,5,May,Q2,20.68676701093882
O03849,2025-12-16,C1185,Meena Reddy,P0899,Perfume,Beauty,North,Rajasthan,2,4876.98,0.1,8778.56,6111.68,2666.88,Net Banking,2025,12,December,Q4,30.379469981409258
O03850,2026-06-02,C0530,Vijay Verma,P4333,Desk,Furniture,North,Uttar Pradesh,5,14595.89,0.1,65681.5,46236.41,19445.09,Debit Card,2026,6,June,Q2,29.605124730708038
O03851,2026-03-25,C1006,Karthik Verma,P4333,Desk,Furniture,South,Telangana,4,7816.52,0.2,25012.86,14712.27,10300.59,Debit Card,2026,3,March,Q1,41.18117640285837
O03852,2025-09-20,C0303,Sneha Verma,P9007,Jeans,Clothing,North,Uttar Pradesh,7,3061.65,0.1,19288.4,11316.36,7972.04,Credit Card,2025,9,September,Q3,41.33074801435059
O03853,2025-06-15,C0291,Vijay Rao,P1077,Skin Care Set,Beauty,West,Gujarat,6,2072.3,0.05,11812.11,8492.55,3319.56,Debit Card,2025,6,June,Q2,28.10302308393674
O03854,2025-03-23,C0180,Ananya Nair,P6547,Shoes,Clothing,South,Telangana,7,3774.84,0.15,22460.3,14748.48,7711.82,Debit Card,2025,3,March,Q1,34.33533835255985
O03855,2025-07-08,C0825,Ananya Reddy,P4870,Smartwatch,Electronics,West,Madhya Pradesh,4,5741.01,0.0,22964.04,13704.12,9259.92,Cash,2025,7,July,Q3,40.3235667591591
O03856,2025-08-10,C0818,Rahul Das,P3693,Keyboard,Electronics,South,Tamil Nadu,7,3765.75,0.0,26360.25,20918.36,5441.89,Cash,2025,8,August,Q3,20.644303449322372
O03857,2026-01-14,C0612,Divya Rao,P6266,Bookshelf,Furniture,East,Odisha,5,9131.4,0.1,41091.3,30627.07,10464.23,Debit Card,2026,1,January,Q1,25.465804196995467
O03858,2025-03-24,C0131,Meena Singh,P6266,Bookshelf,Furniture,South,Andhra Pradesh,1,5616.81,0.0,5616.81,3597.06,2019.75,Net Banking,2025,3,March,Q1,35.95902300416072
O03859,2026-04-06,C0639,Meena Rao,P1796,Mouse,Electronics,East,Odisha,2,1786.29,0.0,3572.58,2598.73,973.85,Debit Card,2026,4,April,Q2,27.259011694629653
O03860,2025-01-22,C0848,Rahul Singh,P1796,Mouse,Electronics,South,Andhra Pradesh,3,535.95,0.1,1447.06,1142.09,304.97,Cash,2025,1,January,Q1,21.075145467361413
O03861,2025-11-03,C0544,Meena Singh,P1101,T-Shirt,Clothing,North,Punjab,4,542.88,0.1,1954.37,1476.3,478.07,Net Banking,2025,11,November,Q4,24.461591203303367
O03862,2025-08-10,C0798,Rahul Iyer,P3067,Cookware Set,Home & Kitchen,East,Odisha,2,3658.72,0.05,6951.57,4391.87,2559.7,UPI,2025,8,August,Q3,36.82189778711859
O03863,2025-08-30,C0579,Arun Nair,P7780,Vacuum Cleaner,Home & Kitchen,North,Delhi,5,16572.09,0.1,74574.4,51351.54,23222.86,Credit Card,2025,8,August,Q3,31.140525435001827
O03864,2025-05-10,C1140,Meena Kumar,P0790,Face Cream,Beauty,West,Gujarat,4,1129.52,0.0,4518.08,3544.56,973.52,UPI,2025,5,May,Q2,21.54720589276861
O03865,2026-04-08,C0448,Ravi Sharma,P9685,Laptop,Electronics,East,West Bengal,7,77343.6,0.1,487264.68,347400.24,139864.44,Cash,2026,4,April,Q2,28.703997178699677
O03866,2026-04-25,C0746,Rahul Nair,P3727,Monitor,Electronics,South,Telangana,4,26000.45,0.0,104001.8,82354.99,21646.81,Credit Card,2026,4,April,Q2,20.813880144382114
O03867,2026-04-14,C0957,Vijay Sharma,P6547,Shoes,Clothing,North,Punjab,1,1572.68,0.0,1572.68,977.87,594.81,Debit Card,2026,4,April,Q2,37.821425846326015
O03868,2026-03-31,C0593,Ravi Nair,P3693,Keyboard,Electronics,East,Jharkhand,4,4426.03,0.0,17704.12,14420.53,3283.59,Debit Card,2026,3,March,Q1,18.54703876837708
O03869,2025-01-26,C0717,Karthik Singh,P3067,Cookware Set,Home & Kitchen,East,Odisha,6,1868.66,0.0,11211.96,6704.48,4507.48,Cash,2025,1,January,Q1,40.20242669435139
O03870,2025-05-30,C1098,Ananya Patel,P4636,Smartphone,Electronics,South,Telangana,7,60797.89,0.0,425585.23,329975.3,95609.93,Net Banking,2025,5,May,Q2,22.46551883391254
O03871,2026-02-27,C0727,Arun Rao,P3693,Keyboard,Electronics,South,Telangana,4,2832.17,0.0,11328.68,6839.38,4489.3,Cash,2026,2,February,Q1,39.627741272593106
O03872,2025-05-01,C1004,Vijay Das,P2376,Dining Table,Furniture,North,Delhi,4,25659.68,0.1,92374.85,67233.32,25141.53,Credit Card,2025,5,May,Q2,27.216856103149283
O03873,2025-10-19,C0971,Ananya Das,P6547,Shoes,Clothing,North,Rajasthan,1,1337.94,0.05,1271.04,776.61,494.43,Credit Card,2025,10,October,Q4,38.8996412386707
O03874,2025-10-08,C1167,Rahul Singh,P9685,Laptop,Electronics,South,Andhra Pradesh,1,56549.09,0.05,53721.64,34832.71,18888.93,UPI,2025,10,October,Q4,35.160747140258565
O03875,2026-05-17,C1180,Priya Rao,P7087,Tablet,Electronics,North,Rajasthan,2,23259.3,0.0,46518.6,34009.38,12509.22,UPI,2026,5,May,Q2,26.890792070268667
O03876,2025-04-07,C0400,Karthik Nair,P1101,T-Shirt,Clothing,South,Karnataka,1,351.84,0.05,334.25,267.57,66.68,Net Banking,2025,4,April,Q2,19.94913986537023
O03877,2025-02-21,C0186,Priya Iyer,P2376,Dining Table,Furniture,South,Tamil Nadu,5,24364.82,0.15,103550.48,75854.05,27696.43,Net Banking,2025,2,February,Q1,26.746790550850175
O03878,2025-10-20,C0566,Karthik Kumar,P8699,Coffee Maker,Home & Kitchen,East,Odisha,2,3642.38,0.0,7284.76,4843.46,2441.3,Cash,2025,10,October,Q4,33.51242868673779
O03879,2025-05-24,C0526,Divya Rao,P6547,Shoes,Clothing,North,Haryana,2,2032.34,0.1,3658.21,2702.81,955.4,Debit Card,2025,5,May,Q2,26.11659800831554
O03880,2025-12-19,C0979,Divya Rao,P7291,Jacket,Clothing,North,Delhi,3,4328.28,0.0,12984.84,8456.65,4528.19,Debit Card,2025,12,December,Q4,34.8728979332822
O03881,2025-11-13,C0054,Vijay Verma,P9685,Laptop,Electronics,North,Delhi,2,79699.08,0.15,135488.44,100910.05,34578.39,Debit Card,2025,11,November,Q4,25.521284325068617
O03882,2025-11-07,C0645,Meena Iyer,P9685,Laptop,Electronics,East,Bihar,6,82550.79,0.05,470539.5,289416.6,181122.9,UPI,2025,11,November,Q4,38.492602640160925
O03883,2025-06-21,C1140,Ananya Iyer,P7087,Tablet,Electronics,South,Tamil Nadu,4,23175.82,0.0,92703.28,64137.83,28565.45,Cash,2025,6,June,Q2,30.813850383718894
O03884,2026-05-13,C1185,Meena Rao,P3067,Cookware Set,Home & Kitchen,North,Delhi,7,7018.41,0.0,49128.87,31130.05,17998.82,Net Banking,2026,5,May,Q2,36.63593320994356
O03885,2025-10-23,C0068,Karthik Kumar,P1600,Office Chair,Furniture,North,Rajasthan,2,13870.24,0.0,27740.48,22526.62,5213.86,UPI,2025,10,October,Q4,18.795132600445267
O03886,2025-09-06,C0202,Ravi Kumar,P9685,Laptop,Electronics,South,Kerala,6,82118.13,0.05,468073.34,281307.22,186766.12,UPI,2025,9,September,Q3,39.90103773054025
O03887,2025-10-05,C1200,Ananya Singh,P0649,Sofa,Furniture,South,Kerala,5,29901.66,0.05,142032.88,92939.84,49093.04,Debit Card,2025,10,October,Q4,34.564559980759384
O03888,2026-03-27,C0537,Rahul Kumar,P1101,T-Shirt,Clothing,South,Andhra Pradesh,2,1033.14,0.1,1859.65,1197.93,661.72,Debit Card,2026,3,March,Q1,35.58303981932084
O03889,2025-02-04,C0741,Rahul Sharma,P1077,Skin Care Set,Beauty,North,Delhi,5,2035.99,0.05,9670.95,7386.92,2284.03,UPI,2025,2,February,Q1,23.617431586348808
O03890,2025-10-26,C0871,Ravi Rao,P1600,Office Chair,Furniture,West,Maharashtra,5,15703.44,0.0,78517.2,60000.87,18516.33,Credit Card,2025,10,October,Q4,23.582514404487174
O03891,2025-05-01,C0179,Ravi Patel,P4333,Desk,Furniture,South,Kerala,4,12089.0,0.05,45938.2,32727.54,13210.66,Credit Card,2025,5,May,Q2,28.75746111079668
O03892,2025-01-09,C1137,Karthik Singh,P4636,Smartphone,Electronics,North,Haryana,7,34569.03,0.1,217784.89,145777.61,72007.28,Net Banking,2025,1,January,Q1,33.063487554164105
O03893,2025-06-12,C0312,Priya Kumar,P6547,Shoes,Clothing,West,Gujarat,6,2444.77,0.05,13935.19,10898.81,3036.38,UPI,2025,6,June,Q2,21.78929745486068
O03894,2025-04-27,C1050,Divya Sharma,P0899,Perfume,Beauty,South,Karnataka,2,3843.86,0.1,6918.95,4177.37,2741.58,Credit Card,2025,4,April,Q2,39.62422043807225
O03895,2025-08-31,C1099,Vijay Rao,P1077,Skin Care Set,Beauty,South,Andhra Pradesh,2,3153.36,0.1,5676.05,4460.51,1215.54,Net Banking,2025,8,August,Q3,21.415244756476774
O03896,2025-12-16,C0661,Priya Das,P0899,Perfume,Beauty,South,Kerala,7,2316.36,0.15,13782.34,10764.19,3018.15,Credit Card,2025,12,December,Q4,21.898676131919544
O03897,2026-05-12,C0069,Ananya Kumar,P0790,Face Cream,Beauty,North,Haryana,6,880.34,0.1,4753.84,3543.14,1210.7,Credit Card,2026,5,May,Q2,25.46783232081854
O03898,2025-07-20,C0061,Karthik Nair,P9667,Mixer Grinder,Home & Kitchen,West,Goa,3,7063.66,0.0,21190.98,16088.59,5102.39,Net Banking,2025,7,July,Q3,24.07812191791036
O03899,2025-05-19,C1157,Vijay Iyer,P3727,Monitor,Electronics,North,Punjab,6,10102.39,0.1,54552.91,34393.95,20158.96,Credit Card,2025,5,May,Q2,36.953042468311956
O03900,2025-11-26,C0368,Karthik Iyer,P1101,T-Shirt,Clothing,West,Gujarat,7,916.04,0.15,5450.44,3618.56,1831.88,UPI,2025,11,November,Q4,33.609763615414536
O03901,2025-10-24,C0488,Priya Nair,P7291,Jacket,Clothing,South,Kerala,3,4766.56,0.05,13584.7,8639.65,4945.05,UPI,2025,10,October,Q4,36.40161357998336
O03902,2025-09-14,C0522,Rahul Iyer,P9685,Laptop,Electronics,South,Karnataka,7,74857.41,0.05,497801.78,306582.63,191219.15,UPI,2025,9,September,Q3,38.412709171108226
O03903,2025-05-10,C0390,Karthik Reddy,P6547,Shoes,Clothing,West,Maharashtra,4,5148.79,0.0,20595.16,16235.73,4359.43,Debit Card,2025,5,May,Q2,21.167254830746643
O03904,2025-06-14,C0653,Karthik Kumar,P5057,Headphones,Electronics,North,Rajasthan,4,10346.48,0.05,39316.62,30021.71,9294.91,Net Banking,2025,6,June,Q2,23.641172613515604
O03905,2025-01-28,C0754,Divya Iyer,P8566,Dress,Clothing,East,Bihar,2,3417.82,0.0,6835.64,5241.63,1594.01,Net Banking,2025,1,January,Q1,23.3191039902628
O03906,2026-03-08,C0102,Sneha Iyer,P4636,Smartphone,Electronics,South,Tamil Nadu,3,41841.51,0.05,119248.3,90789.48,28458.82,Cash,2026,3,March,Q1,23.86517879080876
O03907,2025-12-25,C0440,Karthik Iyer,P5533,Shampoo,Beauty,North,Delhi,3,238.16,0.1,643.03,445.59,197.44,UPI,2025,12,December,Q4,30.704632754303844
O03908,2026-04-25,C0850,Divya Kumar,P9685,Laptop,Electronics,East,Odisha,5,76930.62,0.0,384653.1,314132.51,70520.59,Credit Card,2026,4,April,Q2,18.333555611536735
O03909,2025-09-15,C0245,Rahul Kumar,P9685,Laptop,Electronics,North,Punjab,3,82911.79,0.05,236298.6,160012.01,76286.59,UPI,2025,9,September,Q3,32.28397883017504
O03910,2026-03-24,C0835,Karthik Nair,P7087,Tablet,Electronics,South,Tamil Nadu,7,18420.65,0.1,116050.1,76424.73,39625.37,Cash,2026,3,March,Q1,34.14505459280087
O03911,2025-03-13,C1115,Karthik Sharma,P6547,Shoes,Clothing,North,Uttar Pradesh,5,3673.42,0.15,15612.03,11996.57,3615.46,Cash,2025,3,March,Q1,23.15816713137241
O03912,2026-01-21,C0176,Karthik Reddy,P6266,Bookshelf,Furniture,East,Odisha,6,4396.31,0.1,23740.07,13964.38,9775.69,Credit Card,2026,1,January,Q1,41.178016745527714
O03913,2025-09-19,C0993,Sneha Singh,P6547,Shoes,Clothing,South,Kerala,7,4810.82,0.15,28624.38,17056.18,11568.2,Debit Card,2025,9,September,Q3,40.41380110241689
O03914,2025-05-27,C0583,Divya Patel,P7087,Tablet,Electronics,West,Maharashtra,3,27420.57,0.15,69922.45,47779.97,22142.48,Net Banking,2025,5,May,Q2,31.667197016122863
O03915,2025-04-25,C0731,Meena Iyer,P6266,Bookshelf,Furniture,North,Delhi,1,3600.9,0.1,3240.81,2314.13,926.68,Debit Card,2025,4,April,Q2,28.594086046389638
O03916,2025-10-03,C0938,Ravi Patel,P2376,Dining Table,Furniture,East,Bihar,3,24401.05,0.1,65882.83,45359.88,20522.95,Credit Card,2025,10,October,Q4,31.15068068569611
O03917,2025-11-23,C1181,Vijay Das,P7291,Jacket,Clothing,South,Andhra Pradesh,7,3990.39,0.0,27932.73,21261.73,6671.0,Debit Card,2025,11,November,Q4,23.882377411731685
O03918,2025-01-01,C1031,Rahul Singh,P7087,Tablet,Electronics,South,Telangana,2,26383.41,0.05,50128.48,30149.08,19979.4,UPI,2025,1,January,Q1,39.85638503301915
O03919,2025-07-12,C0094,Meena Singh,P6993,Air Fryer,Home & Kitchen,South,Tamil Nadu,3,6045.73,0.0,18137.19,14510.3,3626.89,Cash,2025,7,July,Q3,19.996978583782827
O03920,2026-05-12,C1032,Meena Sharma,P6993,Air Fryer,Home & Kitchen,South,Kerala,2,6652.92,0.0,13305.84,7721.99,5583.85,UPI,2026,5,May,Q2,41.96540767061682
O03921,2025-10-31,C0260,Meena Patel,P1796,Mouse,Electronics,North,Punjab,1,1258.25,0.1,1132.42,888.56,243.86,Debit Card,2025,10,October,Q4,21.534413026968792
O03922,2026-06-03,C0873,Ravi Iyer,P7780,Vacuum Cleaner,Home & Kitchen,South,Andhra Pradesh,3,6500.0,0.0,19500.0,12798.6,6701.4,Debit Card,2026,6,June,Q2,34.36615384615385
O03923,2026-05-04,C0994,Divya Patel,P4870,Smartwatch,Electronics,North,Punjab,6,2939.45,0.05,16754.86,12012.24,4742.62,Debit Card,2026,5,May,Q2,28.30593630743557
O03924,2025-12-18,C0799,Arun Sharma,P6266,Bookshelf,Furniture,South,Andhra Pradesh,4,4104.47,0.0,16417.88,10551.69,5866.19,UPI,2025,12,December,Q4,35.73049626382943
O03925,2025-08-10,C0960,Karthik Nair,P1101,T-Shirt,Clothing,West,Goa,2,820.82,0.05,1559.56,1030.04,529.52,Net Banking,2025,8,August,Q3,33.95316627766806
O03926,2025-01-22,C0569,Arun Rao,P8699,Coffee Maker,Home & Kitchen,South,Telangana,3,4237.2,0.15,10804.86,6502.8,4302.06,Net Banking,2025,1,January,Q1,39.81597170162316
O03927,2025-10-27,C0738,Sneha Reddy,P8566,Dress,Clothing,North,Uttar Pradesh,5,1517.92,0.1,6830.64,5345.84,1484.8,Debit Card,2025,10,October,Q4,21.737348184064743
O03928,2025-12-04,C1054,Divya Singh,P9685,Laptop,Electronics,South,Andhra Pradesh,4,58059.87,0.0,232239.48,180134.54,52104.94,Debit Card,2025,12,December,Q4,22.43586663215057
O03929,2025-07-10,C0564,Sneha Sharma,P8699,Coffee Maker,Home & Kitchen,West,Madhya Pradesh,7,5015.05,0.1,31594.82,25596.99,5997.83,Cash,2025,7,July,Q3,18.983586549947113
O03930,2025-05-20,C0621,Ravi Verma,P9007,Jeans,Clothing,South,Andhra Pradesh,6,2141.32,0.0,12847.92,8590.55,4257.37,Cash,2025,5,May,Q2,33.136647799799505
O03931,2025-08-01,C0402,Vijay Kumar,P4870,Smartwatch,Electronics,West,Maharashtra,1,17471.55,0.15,14850.82,9293.02,5557.8,Debit Card,2025,8,August,Q3,37.42419610499623
O03932,2026-04-12,C0130,Arun Kumar,P1077,Skin Care Set,Beauty,West,Goa,2,1260.44,0.1,2268.79,1435.45,833.34,UPI,2026,4,April,Q2,36.730592077715436
O03933,2026-06-08,C0602,Divya Sharma,P8699,Coffee Maker,Home & Kitchen,North,Uttar Pradesh,7,6308.0,0.0,44156.0,29693.69,14462.31,Net Banking,2026,6,June,Q2,32.75276293142495
O03934,2026-05-22,C0907,Priya Reddy,P7780,Vacuum Cleaner,Home & Kitchen,North,Uttar Pradesh,1,12368.2,0.0,12368.2,7926.47,4441.73,UPI,2026,5,May,Q2,35.9125014149189
O03935,2025-11-03,C1170,Divya Nair,P1077,Skin Care Set,Beauty,South,Tamil Nadu,2,5630.35,0.0,11260.7,8940.62,2320.08,UPI,2025,11,November,Q4,20.603337270329554
O03936,2025-10-10,C0489,Rahul Reddy,P1796,Mouse,Electronics,North,Haryana,6,707.61,0.0,4245.66,3148.29,1097.37,Credit Card,2025,10,October,Q4,25.8468647984059
O03937,2025-03-05,C0461,Ravi Rao,P0790,Face Cream,Beauty,South,Andhra Pradesh,6,1099.19,0.05,6265.38,4123.86,2141.52,Net Banking,2025,3,March,Q1,34.18020934085402
O03938,2025-03-29,C1082,Meena Patel,P1101,T-Shirt,Clothing,West,Goa,1,1421.34,0.15,1208.14,795.2,412.94,Credit Card,2025,3,March,Q1,34.17981359776184
O03939,2026-02-28,C1170,Sneha Verma,P4333,Desk,Furniture,West,Gujarat,1,13387.43,0.05,12718.06,7822.87,4895.19,Credit Card,2026,2,February,Q1,38.490068453836514
O03940,2025-07-29,C0293,Meena Singh,P2376,Dining Table,Furniture,North,Uttar Pradesh,6,24234.15,0.0,145404.9,103241.94,42162.96,Cash,2025,7,July,Q3,28.996932015358496
O03941,2025-10-20,C0807,Sneha Singh,P9685,Laptop,Electronics,East,Odisha,4,72852.93,0.2,233129.38,145389.57,87739.81,Credit Card,2025,10,October,Q4,37.63567251798122
O03942,2026-03-18,C1060,Priya Das,P1600,Office Chair,Furniture,West,Goa,4,7005.15,0.0,28020.6,20914.83,7105.77,Debit Card,2026,3,March,Q1,25.359092953041696
O03943,2026-06-16,C1015,Meena Das,P5057,Headphones,Electronics,East,Bihar,2,4806.78,0.0,9613.56,7613.44,2000.12,Net Banking,2026,6,June,Q2,20.80519599399182
O03944,2026-06-14,C0519,Karthik Das,P6547,Shoes,Clothing,North,Delhi,6,3349.16,0.0,20094.96,14309.28,5785.68,Debit Card,2026,6,June,Q2,28.791697022537
O03945,2025-04-23,C1095,Sneha Patel,P1101,T-Shirt,Clothing,North,Delhi,5,1417.5,0.05,6733.12,4054.43,2678.69,Credit Card,2025,4,April,Q2,39.78378522883894
O03946,2025-05-14,C1082,Ananya Verma,P1796,Mouse,Electronics,South,Telangana,7,2481.26,0.05,16500.38,9652.0,6848.38,Credit Card,2025,5,May,Q2,41.504377474943
O03947,2026-01-22,C0329,Ravi Das,P3067,Cookware Set,Home & Kitchen,West,Madhya Pradesh,5,7634.53,0.15,32446.75,20694.31,11752.44,Debit Card,2026,1,January,Q1,36.22070007011488
O03948,2025-07-10,C0525,Arun Reddy,P7780,Vacuum Cleaner,Home & Kitchen,North,Rajasthan,2,10338.23,0.2,16541.17,10672.42,5868.75,Cash,2025,7,July,Q3,35.47965470399011
O03949,2026-02-20,C0726,Divya Kumar,P9685,Laptop,Electronics,South,Karnataka,5,80221.01,0.1,360994.54,210202.2,150792.34,Debit Card,2026,2,February,Q1,41.77136307934187
O03950,2025-09-28,C0269,Sneha Rao,P1101,T-Shirt,Clothing,South,Tamil Nadu,6,1192.24,0.15,6080.42,4211.71,1868.71,Cash,2025,9,September,Q3,30.733238822318192
O03951,2025-06-27,C0117,Ananya Reddy,P6266,Bookshelf,Furniture,South,Telangana,7,10221.08,0.0,71547.56,56236.69,15310.87,Net Banking,2025,6,June,Q2,21.399569740743082
O03952,2026-06-08,C1110,Divya Iyer,P3067,Cookware Set,Home & Kitchen,South,Tamil Nadu,2,5205.82,0.05,9891.06,7505.82,2385.24,Credit Card,2026,6,June,Q2,24.115110008431856
O03953,2025-04-23,C0287,Priya Verma,P1796,Mouse,Electronics,East,West Bengal,3,2280.48,0.05,6499.37,5211.66,1287.71,Credit Card,2025,4,April,Q2,19.812843398667873
O03954,2025-07-12,C0906,Rahul Kumar,P9007,Jeans,Clothing,North,Punjab,1,2636.06,0.1,2372.45,1903.54,468.91,Debit Card,2025,7,July,Q3,19.76480010116125
O03955,2025-02-08,C0366,Sneha Singh,P4333,Desk,Furniture,North,Uttar Pradesh,3,16193.56,0.15,41293.58,31085.89,10207.69,Cash,2025,2,February,Q1,24.71979905835241
O03956,2025-06-29,C0852,Rahul Iyer,P5057,Headphones,Electronics,East,Odisha,4,1595.78,0.1,5744.81,3359.56,2385.25,Cash,2025,6,June,Q2,41.52008508549456
O03957,2026-05-25,C1062,Rahul Sharma,P4870,Smartwatch,Electronics,West,Madhya Pradesh,1,13249.25,0.1,11924.32,7869.26,4055.06,Credit Card,2026,5,May,Q2,34.006635179196806
O03958,2025-03-23,C0685,Arun Nair,P4333,Desk,Furniture,North,Rajasthan,5,12232.18,0.15,51986.76,41489.78,10496.98,Cash,2025,3,March,Q1,20.19164110246532
O03959,2026-04-17,C0477,Priya Nair,P7780,Vacuum Cleaner,Home & Kitchen,South,Andhra Pradesh,4,9493.2,0.0,37972.8,26364.25,11608.55,UPI,2026,4,April,Q2,30.570697973286137
O03960,2026-04-21,C0091,Karthik Verma,P1796,Mouse,Electronics,West,Madhya Pradesh,2,2903.28,0.0,5806.56,3771.85,2034.71,Debit Card,2026,4,April,Q2,35.041573668402634
O03961,2025-12-18,C1023,Ananya Patel,P0790,Face Cream,Beauty,North,Punjab,3,1452.25,0.0,4356.75,3171.05,1185.7,Debit Card,2025,12,December,Q4,27.21524071842543
O03962,2025-11-19,C0278,Priya Patel,P5057,Headphones,Electronics,South,Telangana,3,10256.35,0.1,27692.15,19133.21,8558.94,Cash,2025,11,November,Q4,30.907459334143432
O03963,2025-07-03,C0643,Ravi Kumar,P8699,Coffee Maker,Home & Kitchen,South,Kerala,6,7722.39,0.15,39384.19,26571.88,12812.31,Cash,2025,7,July,Q3,32.53160722614836
O03964,2026-03-13,C0847,Priya Reddy,P9685,Laptop,Electronics,North,Rajasthan,6,80692.25,0.0,484153.5,385413.25,98740.25,Credit Card,2026,3,March,Q1,20.394410037312547
O03965,2025-06-06,C1144,Rahul Das,P6266,Bookshelf,Furniture,South,Andhra Pradesh,4,4104.48,0.15,13955.23,9607.21,4348.02,Debit Card,2025,6,June,Q2,31.156921096965085
O03966,2025-01-19,C0867,Karthik Sharma,P8566,Dress,Clothing,South,Tamil Nadu,2,4164.49,0.15,7079.63,5722.01,1357.62,Credit Card,2025,1,January,Q1,19.176425886663566
O03967,2026-03-30,C0834,Vijay Singh,P5057,Headphones,Electronics,West,Madhya Pradesh,4,10554.71,0.1,37996.96,26738.51,11258.45,Cash,2026,3,March,Q1,29.629870389631176
O03968,2025-10-24,C1095,Ananya Patel,P1796,Mouse,Electronics,North,Punjab,3,1581.68,0.2,3796.03,2542.16,1253.87,Net Banking,2025,10,October,Q4,33.03108774166695
O03969,2025-11-24,C0518,Ananya Sharma,P9667,Mixer Grinder,Home & Kitchen,North,Rajasthan,1,6116.32,0.05,5810.5,4688.75,1121.75,Credit Card,2025,11,November,Q4,19.305567507099216
O03970,2026-06-16,C0064,Arun Das,P0790,Face Cream,Beauty,South,Telangana,4,1553.17,0.05,5902.05,4642.14,1259.91,Net Banking,2026,6,June,Q2,21.346989605306632
O03971,2025-08-13,C1115,Priya Singh,P7050,Makeup Kit,Beauty,North,Rajasthan,4,2834.21,0.15,9636.31,7872.75,1763.56,Cash,2025,8,August,Q3,18.301196204771326
O03972,2026-01-07,C1173,Karthik Patel,P5057,Headphones,Electronics,South,Kerala,6,4551.03,0.0,27306.18,21236.53,6069.65,UPI,2026,1,January,Q1,22.22811832339785
O03973,2025-02-08,C0052,Divya Das,P7050,Makeup Kit,Beauty,South,Andhra Pradesh,4,1135.56,0.05,4315.13,3145.97,1169.16,Cash,2025,2,February,Q1,27.094432844433424
O03974,2026-02-19,C0266,Priya Das,P0790,Face Cream,Beauty,South,Telangana,6,1187.85,0.1,6414.39,4041.49,2372.9,Credit Card,2026,2,February,Q1,36.99338518549698
O03975,2025-10-12,C0692,Vijay Rao,P0790,Face Cream,Beauty,North,Delhi,7,1219.3,0.05,8108.34,5998.78,2109.56,Debit Card,2025,10,October,Q4,26.017162575817
O03976,2025-07-09,C0119,Priya Patel,P6266,Bookshelf,Furniture,South,Karnataka,7,7350.57,0.1,46308.59,28264.0,18044.59,UPI,2025,7,July,Q3,38.965967221200216
O03977,2025-04-26,C0553,Karthik Iyer,P7780,Vacuum Cleaner,Home & Kitchen,West,Madhya Pradesh,7,8597.42,0.15,51154.65,30307.15,20847.5,Credit Card,2025,4,April,Q2,40.75387086022483
O03978,2026-02-16,C0725,Arun Iyer,P9685,Laptop,Electronics,West,Gujarat,5,84904.21,0.0,424521.05,321934.36,102586.69,Net Banking,2026,2,February,Q1,24.165277552196766
O03979,2025-08-16,C1084,Divya Reddy,P3693,Keyboard,Electronics,West,Gujarat,2,3716.45,0.05,7061.25,5137.29,1923.96,Net Banking,2025,8,August,Q3,27.24673393520977
O03980,2025-06-17,C0118,Sneha Rao,P4636,Smartphone,Electronics,North,Punjab,7,57582.33,0.15,342614.86,230754.64,111860.22,Credit Card,2025,6,June,Q2,32.64896916613599
O03981,2025-01-19,C0772,Arun Rao,P3067,Cookware Set,Home & Kitchen,North,Delhi,2,5467.2,0.15,9294.24,5551.58,3742.66,Debit Card,2025,1,January,Q1,40.268596464046546
O03982,2025-02-16,C0183,Priya Iyer,P4870,Smartwatch,Electronics,East,Jharkhand,4,15904.56,0.0,63618.24,42079.69,21538.55,Net Banking,2025,2,February,Q1,33.85593502743867
O03983,2025-04-01,C0374,Vijay Rao,P1600,Office Chair,Furniture,South,Tamil Nadu,5,15896.35,0.0,79481.75,51084.36,28397.39,UPI,2025,4,April,Q2,35.72818917550255
O03984,2025-06-23,C1182,Ananya Kumar,P1796,Mouse,Electronics,North,Punjab,3,2234.55,0.05,6368.47,3699.86,2668.61,Net Banking,2025,6,June,Q2,41.903471320427045
O03985,2026-02-19,C0758,Ravi Sharma,P5057,Headphones,Electronics,South,Tamil Nadu,3,10509.3,0.05,29951.5,21118.75,8832.75,Cash,2026,2,February,Q1,29.49017578418443
O03986,2025-02-02,C0006,Karthik Patel,P9685,Laptop,Electronics,North,Punjab,3,66051.86,0.2,158524.46,127150.21,31374.25,UPI,2025,2,February,Q1,19.79142524756117
O03987,2025-01-23,C0266,Rahul Nair,P9685,Laptop,Electronics,West,Gujarat,1,57951.34,0.1,52156.21,36954.63,15201.58,Credit Card,2025,1,January,Q1,29.146251232595315
O03988,2026-05-05,C0910,Ravi Iyer,P7050,Makeup Kit,Beauty,North,Delhi,7,3306.6,0.1,20831.58,15910.14,4921.44,Debit Card,2026,5,May,Q2,23.624900271606855
O03989,2025-09-01,C0901,Karthik Iyer,P9007,Jeans,Clothing,North,Delhi,1,1213.59,0.05,1152.91,889.09,263.82,Net Banking,2025,9,September,Q3,22.882965712848353
O03990,2025-05-29,C0846,Meena Rao,P7050,Makeup Kit,Beauty,North,Rajasthan,2,3537.95,0.1,6368.31,4041.96,2326.35,Debit Card,2025,5,May,Q2,36.53009982240186
O03991,2025-08-24,C0972,Ananya Reddy,P5533,Shampoo,Beauty,South,Karnataka,3,323.7,0.1,873.99,557.24,316.75,Net Banking,2025,8,August,Q3,36.24183343058845
O03992,2026-02-11,C0919,Karthik Das,P1101,T-Shirt,Clothing,South,Tamil Nadu,7,1410.71,0.0,9874.97,7301.8,2573.17,Debit Card,2026,2,February,Q1,26.057496883534835
O03993,2026-06-07,C0462,Sneha Iyer,P4636,Smartphone,Electronics,South,Tamil Nadu,2,64079.91,0.1,115343.84,82475.08,32868.76,Credit Card,2026,6,June,Q2,28.49632888934511
O03994,2026-02-03,C0682,Priya Reddy,P9667,Mixer Grinder,Home & Kitchen,West,Goa,2,3844.87,0.15,6536.28,4458.83,2077.45,Cash,2026,2,February,Q1,31.78336913351325
O03995,2025-02-19,C1043,Divya Iyer,P1600,Office Chair,Furniture,East,West Bengal,1,14112.67,0.2,11290.14,7075.15,4214.99,UPI,2025,2,February,Q1,37.33337230539214
O03996,2025-08-29,C0487,Karthik Rao,P6993,Air Fryer,Home & Kitchen,South,Karnataka,3,4098.17,0.15,10450.33,7626.49,2823.84,UPI,2025,8,August,Q3,27.02153903273868
O03997,2025-11-04,C0387,Rahul Nair,P9667,Mixer Grinder,Home & Kitchen,North,Haryana,5,5728.47,0.05,27210.23,20072.73,7137.5,Net Banking,2025,11,November,Q4,26.23094328860873
O03998,2025-01-29,C0995,Sneha Das,P9685,Laptop,Electronics,South,Kerala,2,70134.6,0.05,133255.74,100142.49,33113.25,Debit Card,2025,1,January,Q1,24.84939860751965
O03999,2025-03-17,C0535,Rahul Singh,P1101,T-Shirt,Clothing,North,Punjab,4,1143.16,0.15,3886.74,2420.46,1466.28,UPI,2025,3,March,Q1,37.7251887185662
O04000,2026-03-16,C1007,Sneha Iyer,P6266,Bookshelf,Furniture,South,Andhra Pradesh,7,4058.85,0.1,25570.76,19634.52,5936.24,Net Banking,2026,3,March,Q1,23.214953329506045
O04001,2025-03-16,C0897,Vijay Das,P0899,Perfume,Beauty,East,Jharkhand,1,4398.71,0.2,3518.97,2138.73,1380.24,Net Banking,2025,3,March,Q1,39.222840774431155
O04002,2025-06-30,C0840,Arun Verma,P8699,Coffee Maker,Home & Kitchen,South,Telangana,2,3567.6,0.0,7135.2,4650.05,2485.15,UPI,2025,6,June,Q2,34.82943715663191
O04003,2026-01-19,C0836,Rahul Patel,P4636,Smartphone,Electronics,South,Karnataka,2,20149.85,0.0,40299.7,28948.98,11350.72,Net Banking,2026,1,January,Q1,28.165767983384494
O04004,2026-03-24,C0421,Priya Rao,P1077,Skin Care Set,Beauty,South,Kerala,2,3900.85,0.1,7021.53,4877.96,2143.57,Net Banking,2026,3,March,Q1,30.528531530877178
O04005,2025-05-29,C0766,Priya Kumar,P9007,Jeans,Clothing,South,Telangana,5,1767.13,0.1,7952.09,5672.77,2279.32,Net Banking,2025,5,May,Q2,28.66315647835978
O04006,2025-06-07,C0282,Arun Patel,P9007,Jeans,Clothing,West,Madhya Pradesh,6,2156.14,0.05,12290.0,9343.26,2946.74,Credit Card,2025,6,June,Q2,23.976729048006508
O04007,2026-05-03,C0536,Rahul Nair,P4870,Smartwatch,Electronics,North,Uttar Pradesh,4,16687.07,0.0,66748.28,49424.59,17323.69,UPI,2026,5,May,Q2,25.95376240406494
O04008,2025-07-23,C0938,Ravi Verma,P9685,Laptop,Electronics,North,Delhi,6,56192.84,0.05,320299.19,191736.63,128562.56,Credit Card,2025,7,July,Q3,40.138271970029024
O04009,2026-06-30,C0656,Vijay Kumar,P6266,Bookshelf,Furniture,South,Tamil Nadu,4,8982.37,0.05,34133.01,24896.48,9236.53,Credit Card,2026,6,June,Q2,27.060402818268887
O04010,2026-02-10,C0317,Rahul Patel,P8566,Dress,Clothing,South,Andhra Pradesh,4,2381.46,0.05,9049.55,5683.76,3365.79,Cash,2026,2,February,Q1,37.19289909443011
O04011,2025-02-27,C0396,Ananya Iyer,P9667,Mixer Grinder,Home & Kitchen,East,Bihar,6,6340.58,0.2,30434.78,22724.57,7710.21,Debit Card,2025,2,February,Q1,25.33354931430423
O04012,2025-06-06,C0266,Meena Das,P5057,Headphones,Electronics,East,Bihar,4,8373.26,0.1,30143.74,18236.36,11907.38,Debit Card,2025,6,June,Q2,39.501999420111765
O04013,2025-10-18,C0186,Karthik Reddy,P7050,Makeup Kit,Beauty,East,Bihar,6,4258.83,0.2,20442.38,15058.86,5383.52,Net Banking,2025,10,October,Q4,26.335094054606166
O04014,2025-03-09,C1055,Rahul Singh,P4333,Desk,Furniture,South,Kerala,1,13164.6,0.2,10531.68,8067.61,2464.07,UPI,2025,3,March,Q1,23.396742020266473
O04015,2025-09-18,C0696,Arun Patel,P2376,Dining Table,Furniture,West,Maharashtra,5,34117.78,0.05,162059.45,102654.94,59404.51,Debit Card,2025,9,September,Q3,36.65599877082145
O04016,2025-04-22,C0224,Ananya Kumar,P0899,Perfume,Beauty,West,Gujarat,3,3773.44,0.15,9622.27,6042.05,3580.22,UPI,2025,4,April,Q2,37.207644350033824
O04017,2025-01-22,C0268,Ananya Iyer,P1600,Office Chair,Furniture,South,Andhra Pradesh,3,13586.14,0.0,40758.42,29768.73,10989.69,Credit Card,2025,1,January,Q1,26.96299316803743
O04018,2025-12-01,C0910,Priya Reddy,P5533,Shampoo,Beauty,North,Delhi,7,676.03,0.1,4258.99,3387.18,871.81,Credit Card,2025,12,December,Q4,20.469876660898475
O04019,2025-10-24,C1033,Divya Iyer,P0899,Perfume,Beauty,South,Tamil Nadu,2,805.84,0.05,1531.1,927.24,603.86,Debit Card,2025,10,October,Q4,39.43961857488081
O04020,2026-04-25,C0690,Ananya Das,P8699,Coffee Maker,Home & Kitchen,West,Maharashtra,6,7622.56,0.1,41161.82,26007.78,15154.04,Cash,2026,4,April,Q2,36.815767621548325
O04021,2026-06-12,C0605,Vijay Das,P1101,T-Shirt,Clothing,West,Maharashtra,5,1415.89,0.15,6017.53,4270.22,1747.31,Net Banking,2026,6,June,Q2,29.036996907368973
O04022,2025-03-21,C0142,Priya Das,P3693,Keyboard,Electronics,North,Delhi,3,1635.71,0.2,3925.7,2348.68,1577.02,Credit Card,2025,3,March,Q1,40.17168912550628
O04023,2025-09-08,C0675,Sneha Singh,P3693,Keyboard,Electronics,South,Kerala,5,3789.34,0.1,17052.03,10352.53,6699.5,Debit Card,2025,9,September,Q3,39.28857737172642
O04024,2026-01-29,C0004,Ananya Iyer,P3727,Monitor,Electronics,North,Uttar Pradesh,6,20688.5,0.05,117924.45,70662.08,47262.37,Debit Card,2026,1,January,Q1,40.07851637213488
O04025,2026-03-03,C0972,Vijay Reddy,P7780,Vacuum Cleaner,Home & Kitchen,South,Karnataka,2,15496.05,0.0,30992.1,22687.05,8305.05,Net Banking,2026,3,March,Q1,26.797312863600727
O04026,2025-06-03,C0386,Ravi Das,P6993,Air Fryer,Home & Kitchen,South,Andhra Pradesh,6,8112.69,0.1,43808.53,27818.3,15990.23,UPI,2025,6,June,Q2,36.500266044078636
O04027,2025-06-02,C1071,Meena Kumar,P0790,Face Cream,Beauty,North,Delhi,3,807.02,0.15,2057.9,1219.84,838.06,Credit Card,2025,6,June,Q2,40.72403906895378
O04028,2025-08-07,C0601,Rahul Singh,P0899,Perfume,Beauty,West,Goa,4,1098.11,0.1,3953.2,2805.9,1147.3,Credit Card,2025,8,August,Q3,29.022058079530506
O04029,2026-01-18,C0163,Ananya Das,P7780,Vacuum Cleaner,Home & Kitchen,North,Uttar Pradesh,2,10733.98,0.05,20394.56,12690.15,7704.41,Credit Card,2026,1,January,Q1,37.77678949680699
O04030,2025-04-05,C0954,Priya Rao,P5533,Shampoo,Beauty,North,Haryana,1,1181.93,0.15,1004.64,647.96,356.68,UPI,2025,4,April,Q2,35.50326485109094
O04031,2025-03-01,C0790,Karthik Patel,P7291,Jacket,Clothing,West,Maharashtra,1,6491.31,0.15,5517.61,4258.15,1259.46,Debit Card,2025,3,March,Q1,22.826187425352646
O04032,2025-04-23,C0488,Ananya Reddy,P0790,Face Cream,Beauty,West,Madhya Pradesh,2,1182.09,0.1,2127.76,1430.27,697.49,Debit Card,2025,4,April,Q2,32.78048276121367
O04033,2025-08-27,C0601,Divya Kumar,P3727,Monitor,Electronics,North,Delhi,1,15842.37,0.0,15842.37,9882.26,5960.11,Credit Card,2025,8,August,Q3,37.621328121991844
O04034,2025-09-04,C0959,Meena Rao,P7050,Makeup Kit,Beauty,North,Punjab,3,1517.06,0.2,3640.94,2324.35,1316.59,Debit Card,2025,9,September,Q3,36.16071673798524
O04035,2026-06-14,C0592,Karthik Kumar,P9667,Mixer Grinder,Home & Kitchen,North,Rajasthan,1,6668.73,0.0,6668.73,5097.92,1570.81,Net Banking,2026,6,June,Q2,23.554859770900908
O04036,2025-08-05,C0656,Sneha Iyer,P6266,Bookshelf,Furniture,West,Gujarat,5,3658.03,0.0,18290.15,14022.53,4267.62,Cash,2025,8,August,Q3,23.33288682706265
O04037,2025-05-26,C1083,Ravi Rao,P7087,Tablet,Electronics,North,Uttar Pradesh,3,28718.47,0.1,77539.87,59215.59,18324.28,Credit Card,2025,5,May,Q2,23.632074699119304
O04038,2025-12-17,C0881,Ananya Singh,P7087,Tablet,Electronics,South,Telangana,5,25512.06,0.0,127560.3,104367.5,23192.8,Net Banking,2025,12,December,Q4,18.181832435326665
O04039,2025-04-16,C0390,Vijay Nair,P1600,Office Chair,Furniture,South,Andhra Pradesh,3,13744.88,0.05,39172.91,30260.09,8912.82,Net Banking,2025,4,April,Q2,22.752509323407423
O04040,2026-03-31,C0594,Priya Reddy,P3727,Monitor,Electronics,South,Kerala,4,14257.71,0.15,48476.21,37457.58,11018.63,Debit Card,2026,3,March,Q1,22.72997414608114
O04041,2025-05-14,C0212,Ananya Verma,P3693,Keyboard,Electronics,East,West Bengal,5,3162.13,0.2,12648.52,7799.12,4849.4,Net Banking,2025,5,May,Q2,38.33966345469667
O04042,2026-02-25,C0888,Divya Iyer,P1600,Office Chair,Furniture,North,Punjab,3,11646.38,0.05,33192.18,23470.17,9722.01,Credit Card,2026,2,February,Q1,29.290061695254728
O04043,2025-10-12,C0232,Priya Kumar,P0899,Perfume,Beauty,North,Haryana,4,4865.55,0.05,18489.09,11047.93,7441.16,Net Banking,2025,10,October,Q4,40.246220879448366
O04044,2026-06-13,C0078,Sneha Verma,P3067,Cookware Set,Home & Kitchen,South,Andhra Pradesh,2,4775.0,0.05,9072.5,6481.01,2591.49,Debit Card,2026,6,June,Q2,28.564232570956182
O04045,2025-03-15,C0749,Ananya Verma,P1600,Office Chair,Furniture,South,Telangana,5,8139.74,0.1,36628.83,23573.02,13055.81,Net Banking,2025,3,March,Q1,35.64353543370072
O04046,2025-02-18,C0583,Ananya Verma,P0649,Sofa,Furniture,North,Punjab,5,45632.2,0.1,205344.9,123858.65,81486.25,Credit Card,2025,2,February,Q1,39.68262664424586
O04047,2025-07-18,C0040,Meena Verma,P0899,Perfume,Beauty,East,West Bengal,5,2995.87,0.1,13481.42,8314.58,5166.84,Debit Card,2025,7,July,Q3,38.3256363202096
O04048,2025-09-12,C0634,Divya Reddy,P3727,Monitor,Electronics,East,Odisha,7,17940.28,0.05,119302.86,69322.34,49980.52,Debit Card,2025,9,September,Q3,41.89381545421459
O04049,2025-08-16,C0221,Priya Reddy,P5057,Headphones,Electronics,West,Madhya Pradesh,2,8224.96,0.05,15627.42,12348.23,3279.19,Debit Card,2025,8,August,Q3,20.98356606528781
O04050,2025-12-12,C0580,Priya Das,P1796,Mouse,Electronics,West,Goa,2,2701.75,0.2,4322.8,2741.7,1581.1,Cash,2025,12,December,Q4,36.57583048024428
O04051,2025-07-30,C0521,Divya Rao,P6266,Bookshelf,Furniture,West,Maharashtra,6,11965.4,0.0,71792.4,50892.88,20899.52,Cash,2025,7,July,Q3,29.11104796607998
O04052,2026-05-20,C0436,Divya Iyer,P4870,Smartwatch,Electronics,South,Tamil Nadu,2,5920.47,0.05,11248.89,6567.71,4681.18,Cash,2026,5,May,Q2,41.61459486224863
O04053,2026-01-24,C0448,Divya Das,P7050,Makeup Kit,Beauty,East,Jharkhand,1,4110.45,0.05,3904.93,2565.72,1339.21,Credit Card,2026,1,January,Q1,34.29536508977114
O04054,2025-01-22,C0773,Vijay Nair,P6547,Shoes,Clothing,North,Haryana,5,5140.13,0.1,23130.59,17994.95,5135.64,Credit Card,2025,1,January,Q1,22.202805894704806
O04055,2025-08-24,C0147,Ravi Reddy,P7087,Tablet,Electronics,South,Tamil Nadu,1,24468.82,0.1,22021.94,17576.93,4445.01,Cash,2025,8,August,Q3,20.18446149612614
O04056,2025-03-04,C0480,Arun Verma,P8566,Dress,Clothing,East,Bihar,7,1699.41,0.05,11301.08,6954.22,4346.86,UPI,2025,3,March,Q1,38.46411139466316
O04057,2025-04-23,C0815,Arun Patel,P1077,Skin Care Set,Beauty,West,Gujarat,2,1844.37,0.1,3319.87,2086.32,1233.55,Debit Card,2025,4,April,Q2,37.15657540807321
O04058,2025-01-21,C0149,Arun Reddy,P4333,Desk,Furniture,North,Uttar Pradesh,6,23022.47,0.0,138134.82,96062.95,42071.87,Cash,2025,1,January,Q1,30.45710704947529
O04059,2026-06-05,C0296,Meena Singh,P1101,T-Shirt,Clothing,South,Telangana,4,1237.62,0.1,4455.43,3645.23,810.2,UPI,2026,6,June,Q2,18.18455233277147
O04060,2026-02-10,C0656,Rahul Sharma,P7780,Vacuum Cleaner,Home & Kitchen,East,West Bengal,1,14346.19,0.1,12911.57,8438.21,4473.36,UPI,2026,2,February,Q1,34.64613521051274
O04061,2025-12-02,C0054,Vijay Kumar,P6266,Bookshelf,Furniture,North,Uttar Pradesh,5,9499.94,0.05,45124.72,35630.43,9494.29,UPI,2025,12,December,Q4,21.040108392916345
O04062,2025-06-17,C0183,Divya Reddy,P4636,Smartphone,Electronics,North,Rajasthan,2,64565.44,0.15,109761.25,72242.32,37518.93,Credit Card,2025,6,June,Q2,34.18230933047865
O04063,2025-11-13,C0292,Karthik Das,P1101,T-Shirt,Clothing,North,Punjab,7,534.26,0.0,3739.82,2293.26,1446.56,Net Banking,2025,11,November,Q4,38.67993646753052
O04064,2025-12-26,C1157,Ananya Verma,P7291,Jacket,Clothing,West,Gujarat,4,4674.4,0.0,18697.6,12133.83,6563.77,Debit Card,2025,12,December,Q4,35.10487977066576
O04065,2025-01-31,C0560,Ravi Verma,P1101,T-Shirt,Clothing,East,Odisha,7,835.15,0.05,5553.75,3499.81,2053.94,Cash,2025,1,January,Q1,36.982939455322985
O04066,2025-07-14,C1043,Vijay Verma,P9007,Jeans,Clothing,South,Andhra Pradesh,7,2189.41,0.05,14559.58,9104.47,5455.11,Cash,2025,7,July,Q3,37.46749562830796
O04067,2026-06-26,C0782,Ravi Reddy,P9007,Jeans,Clothing,West,Goa,4,1073.07,0.15,3648.44,2297.42,1351.02,Credit Card,2026,6,June,Q2,37.03007312714475
O04068,2025-10-06,C0976,Vijay Kumar,P7291,Jacket,Clothing,North,Haryana,7,5086.18,0.05,33823.1,24140.13,9682.97,Debit Card,2025,10,October,Q4,28.628274758966505
O04069,2025-10-06,C0058,Sneha Reddy,P7291,Jacket,Clothing,West,Maharashtra,6,2986.88,0.1,16129.15,12272.81,3856.34,Net Banking,2025,10,October,Q4,23.90913346332572
O04070,2025-01-19,C0864,Ravi Iyer,P7050,Makeup Kit,Beauty,North,Haryana,7,2650.81,0.0,18555.67,13191.78,5363.89,Debit Card,2025,1,January,Q1,28.907013328001636
O04071,2025-07-03,C0376,Priya Rao,P6993,Air Fryer,Home & Kitchen,East,Odisha,2,10728.97,0.05,20385.04,14568.62,5816.42,Cash,2025,7,July,Q3,28.532786788743113
O04072,2025-11-25,C0696,Ravi Iyer,P1796,Mouse,Electronics,West,Madhya Pradesh,1,1412.4,0.15,1200.54,797.3,403.24,Cash,2025,11,November,Q4,33.58821863494761
O04073,2026-03-12,C0244,Meena Sharma,P1796,Mouse,Electronics,South,Andhra Pradesh,1,885.07,0.15,752.31,598.61,153.7,UPI,2026,3,March,Q1,20.43040767768606
O04074,2026-01-12,C0240,Sneha Nair,P3693,Keyboard,Electronics,East,Jharkhand,3,2219.93,0.05,6326.8,4896.54,1430.26,Cash,2026,1,January,Q1,22.606372889928558
O04075,2025-12-28,C0527,Arun Verma,P1101,T-Shirt,Clothing,North,Rajasthan,3,497.4,0.0,1492.2,958.5,533.7,Cash,2025,12,December,Q4,35.76598311218335
O04076,2025-04-17,C0084,Priya Das,P7050,Makeup Kit,Beauty,West,Maharashtra,3,3777.92,0.15,9633.7,7629.91,2003.79,Cash,2025,4,April,Q2,20.79979654753625
O04077,2026-05-04,C0403,Rahul Rao,P1077,Skin Care Set,Beauty,East,Bihar,2,3636.09,0.1,6544.96,4228.08,2316.88,Net Banking,2026,5,May,Q2,35.399452403070455
O04078,2025-05-26,C0659,Sneha Singh,P2376,Dining Table,Furniture,South,Karnataka,1,14986.43,0.1,13487.79,10090.89,3396.9,Debit Card,2025,5,May,Q2,25.185000656149004
O04079,2025-06-20,C0598,Ananya Sharma,P1101,T-Shirt,Clothing,East,Jharkhand,7,1184.93,0.0,8294.51,6426.22,1868.29,Credit Card,2025,6,June,Q2,22.52441675276779
O04080,2025-05-10,C0224,Arun Iyer,P1796,Mouse,Electronics,East,Jharkhand,1,1476.37,0.0,1476.37,1100.51,375.86,Debit Card,2025,5,May,Q2,25.45838780251563
O04081,2025-08-29,C0015,Karthik Verma,P9007,Jeans,Clothing,East,West Bengal,1,3243.8,0.2,2595.04,2008.22,586.82,Cash,2025,8,August,Q3,22.613138911153587
O04082,2025-12-05,C1090,Arun Verma,P1101,T-Shirt,Clothing,North,Delhi,2,1618.12,0.1,2912.62,2172.77,739.85,Net Banking,2025,12,December,Q4,25.401528520713313
O04083,2025-03-19,C0081,Priya Kumar,P2376,Dining Table,Furniture,East,Jharkhand,6,14070.99,0.15,71762.05,48045.23,23716.82,Net Banking,2025,3,March,Q1,33.04925096203355
O04084,2025-08-10,C0450,Divya Das,P4870,Smartwatch,Electronics,East,Bihar,2,6945.89,0.05,13197.19,9428.29,3768.9,Cash,2025,8,August,Q3,28.558352194671745
O04085,2025-02-16,C0633,Ravi Singh,P5533,Shampoo,Beauty,East,Jharkhand,1,306.87,0.0,306.87,182.54,124.33,Cash,2025,2,February,Q1,40.515527747906276
O04086,2025-04-29,C1037,Ravi Das,P1600,Office Chair,Furniture,North,Punjab,6,11590.16,0.05,66063.91,50182.5,15881.41,Cash,2025,4,April,Q2,24.039464209732664
O04087,2025-09-30,C0582,Divya Rao,P7087,Tablet,Electronics,South,Kerala,7,16479.14,0.1,103818.58,60766.51,43052.07,Debit Card,2025,9,September,Q3,41.46855986664429
O04088,2025-07-03,C0840,Ravi Sharma,P5057,Headphones,Electronics,East,Bihar,3,7515.72,0.1,20292.44,14894.23,5398.21,Net Banking,2025,7,July,Q3,26.602074467141463
O04089,2026-04-25,C1114,Karthik Das,P3727,Monitor,Electronics,North,Haryana,7,14136.11,0.15,84109.85,58855.68,25254.17,Cash,2026,4,April,Q2,30.025222967345677
O04090,2025-05-22,C0379,Arun Nair,P5057,Headphones,Electronics,South,Tamil Nadu,6,2408.4,0.1,13005.36,7943.55,5061.81,Debit Card,2025,5,May,Q2,38.92095259185444
O04091,2025-08-22,C0229,Ravi Verma,P7780,Vacuum Cleaner,Home & Kitchen,South,Telangana,1,5393.81,0.1,4854.43,3738.1,1116.33,Net Banking,2025,8,August,Q3,22.99610870895244
O04092,2026-05-05,C1088,Rahul Reddy,P3067,Cookware Set,Home & Kitchen,South,Tamil Nadu,5,5410.46,0.15,22994.46,14503.67,8490.79,Credit Card,2026,5,May,Q2,36.92537245927932
O04093,2026-03-21,C0765,Karthik Patel,P6547,Shoes,Clothing,North,Uttar Pradesh,2,3686.17,0.0,7372.34,5012.04,2360.3,Net Banking,2026,3,March,Q1,32.01561512355643
O04094,2025-10-06,C0369,Priya Patel,P6547,Shoes,Clothing,South,Tamil Nadu,1,2980.3,0.0,2980.3,2062.82,917.48,Debit Card,2025,10,October,Q4,30.784820320102003
O04095,2025-12-28,C0561,Arun Sharma,P1600,Office Chair,Furniture,West,Goa,7,13082.83,0.15,77842.84,46261.79,31581.05,Credit Card,2025,12,December,Q4,40.57026953281767
O04096,2025-10-19,C0245,Ananya Singh,P5057,Headphones,Electronics,North,Rajasthan,1,7670.75,0.1,6903.68,5358.54,1545.14,Cash,2025,10,October,Q4,22.38139658848614
O04097,2026-03-03,C0911,Ananya Verma,P3727,Monitor,Electronics,South,Karnataka,4,22317.77,0.2,71416.86,51272.35,20144.51,Credit Card,2026,3,March,Q1,28.20693880968723
O04098,2026-05-14,C0320,Vijay Nair,P6993,Air Fryer,Home & Kitchen,South,Tamil Nadu,5,11256.45,0.1,50654.02,30513.11,20140.91,UPI,2026,5,May,Q2,39.76172078741234
O04099,2025-07-06,C0956,Meena Verma,P2376,Dining Table,Furniture,North,Rajasthan,6,26896.42,0.05,153309.59,99016.64,54292.95,Cash,2025,7,July,Q3,35.413929422158134
O04100,2025-12-22,C1032,Meena Iyer,P3067,Cookware Set,Home & Kitchen,North,Uttar Pradesh,5,2573.9,0.1,11582.55,7734.8,3847.75,UPI,2025,12,December,Q4,33.220232159584896
O04101,2025-05-02,C0597,Meena Das,P7780,Vacuum Cleaner,Home & Kitchen,West,Maharashtra,6,13029.29,0.1,70358.17,54185.93,16172.24,Cash,2025,5,May,Q2,22.985589306828192
O04102,2026-04-02,C1149,Vijay Kumar,P1101,T-Shirt,Clothing,East,Jharkhand,6,563.13,0.15,2871.96,2065.54,806.42,Net Banking,2026,4,April,Q2,28.079081881363248
O04103,2026-06-22,C0591,Ravi Das,P6266,Bookshelf,Furniture,North,Rajasthan,5,11068.13,0.0,55340.65,32762.81,22577.84,UPI,2026,6,June,Q2,40.797930635075666
O04104,2025-08-17,C0769,Arun Reddy,P1077,Skin Care Set,Beauty,East,Odisha,6,3856.55,0.15,19668.41,13301.35,6367.06,Cash,2025,8,August,Q3,32.37201176912623
O04105,2025-09-06,C0289,Ravi Das,P2376,Dining Table,Furniture,East,Jharkhand,5,23296.39,0.0,116481.95,90691.15,25790.8,Net Banking,2025,9,September,Q3,22.141456251376287
O04106,2025-09-28,C0044,Arun Rao,P6547,Shoes,Clothing,North,Delhi,3,4003.3,0.05,11409.4,9016.76,2392.64,UPI,2025,9,September,Q3,20.97077848090171
O04107,2025-07-22,C0796,Meena Rao,P1600,Office Chair,Furniture,North,Delhi,2,8945.32,0.1,16101.58,10483.24,5618.34,UPI,2025,7,July,Q3,34.89309744757968
O04108,2025-06-22,C0907,Meena Nair,P0899,Perfume,Beauty,South,Karnataka,3,1909.15,0.1,5154.71,3501.25,1653.46,UPI,2025,6,June,Q2,32.076683266371916
O04109,2025-06-11,C0555,Priya Rao,P5057,Headphones,Electronics,South,Kerala,2,6091.65,0.1,10964.97,7106.89,3858.08,Cash,2025,6,June,Q2,35.18550438350493
O04110,2026-05-29,C0916,Divya Sharma,P0649,Sofa,Furniture,East,West Bengal,1,24172.55,0.1,21755.3,15993.17,5762.13,Credit Card,2026,5,May,Q2,26.48609764057494
O04111,2026-02-17,C0269,Arun Das,P3727,Monitor,Electronics,North,Haryana,6,11632.68,0.15,59326.67,39830.36,19496.31,Debit Card,2026,2,February,Q1,32.86264002344983
O04112,2025-01-11,C0065,Karthik Singh,P3693,Keyboard,Electronics,South,Karnataka,4,2207.85,0.1,7948.26,6325.78,1622.48,Credit Card,2025,1,January,Q1,20.413021214706113
O04113,2025-01-01,C0376,Priya Singh,P7050,Makeup Kit,Beauty,West,Goa,7,1204.31,0.1,7587.15,5308.55,2278.6,UPI,2025,1,January,Q1,30.032357341030558
O04114,2026-04-27,C0835,Karthik Reddy,P3727,Monitor,Electronics,North,Rajasthan,5,22988.06,0.05,109193.28,84190.77,25002.51,Credit Card,2026,4,April,Q2,22.89748050429477
O04115,2026-03-18,C0982,Ravi Rao,P8699,Coffee Maker,Home & Kitchen,South,Kerala,1,5325.39,0.15,4526.58,2835.05,1691.53,Cash,2026,3,March,Q1,37.36883033106672
O04116,2026-03-18,C0040,Ananya Verma,P7087,Tablet,Electronics,North,Punjab,5,37788.56,0.1,170048.52,116271.1,53777.42,Cash,2026,3,March,Q1,31.62475039476968
O04117,2025-10-14,C1037,Ravi Verma,P9685,Laptop,Electronics,North,Rajasthan,5,82327.08,0.0,411635.4,255637.95,155997.45,Cash,2025,10,October,Q4,37.89699573943349
O04118,2025-05-25,C0892,Rahul Verma,P9007,Jeans,Clothing,West,Maharashtra,5,2405.38,0.1,10824.21,6988.3,3835.91,UPI,2025,5,May,Q2,35.43824445386777
O04119,2026-01-01,C0724,Ravi Das,P9667,Mixer Grinder,Home & Kitchen,West,Goa,2,8300.99,0.15,14111.68,9454.78,4656.9,Cash,2026,1,January,Q1,33.000323136579055
O04120,2026-04-11,C0170,Ananya Rao,P8566,Dress,Clothing,South,Kerala,2,1510.75,0.1,2719.35,1944.8,774.55,Net Banking,2026,4,April,Q2,28.482909518818833
O04121,2025-01-06,C0524,Rahul Das,P6547,Shoes,Clothing,East,Bihar,2,4342.96,0.0,8685.92,6105.74,2580.18,Credit Card,2025,1,January,Q1,29.70531618987971
O04122,2025-05-13,C0499,Ravi Patel,P6547,Shoes,Clothing,South,Kerala,4,2958.91,0.15,10060.29,8028.88,2031.41,UPI,2025,5,May,Q2,20.192360259992505
O04123,2025-02-05,C1081,Ananya Iyer,P6547,Shoes,Clothing,South,Telangana,3,4809.64,0.1,12986.03,8621.79,4364.24,Debit Card,2025,2,February,Q1,33.60719172834192
O04124,2025-07-11,C1079,Arun Iyer,P3693,Keyboard,Electronics,East,Jharkhand,5,4144.67,0.0,20723.35,15323.38,5399.97,Cash,2025,7,July,Q3,26.057418322809777
O04125,2026-02-14,C0397,Vijay Patel,P4870,Smartwatch,Electronics,West,Maharashtra,7,14002.23,0.05,93114.83,54619.35,38495.48,Cash,2026,2,February,Q1,41.34194306105698
O04126,2025-03-23,C0784,Arun Verma,P4636,Smartphone,Electronics,South,Telangana,2,36552.27,0.05,69449.31,42879.7,26569.61,Debit Card,2025,3,March,Q1,38.25755792246172
O04127,2025-03-14,C0097,Divya Verma,P9685,Laptop,Electronics,North,Uttar Pradesh,2,75085.68,0.15,127645.66,95249.32,32396.34,Credit Card,2025,3,March,Q1,25.379899324426695
O04128,2026-03-18,C1181,Sneha Verma,P7291,Jacket,Clothing,South,Kerala,4,2993.51,0.05,11375.34,6728.54,4646.8,Credit Card,2026,3,March,Q1,40.8497680069343
O04129,2025-10-26,C0529,Vijay Reddy,P1600,Office Chair,Furniture,West,Gujarat,2,11519.4,0.0,23038.8,13456.92,9581.88,Debit Card,2025,10,October,Q4,41.59018698890567
O04130,2025-11-07,C0467,Ravi Singh,P1101,T-Shirt,Clothing,North,Punjab,6,1624.36,0.15,8284.24,6756.9,1527.34,UPI,2025,11,November,Q4,18.43669425318436
O04131,2025-05-23,C0345,Sneha Reddy,P3067,Cookware Set,Home & Kitchen,South,Tamil Nadu,6,6584.84,0.05,37533.59,29268.01,8265.58,UPI,2025,5,May,Q2,22.02182098754742
O04132,2026-06-05,C0502,Sneha Reddy,P4870,Smartwatch,Electronics,South,Kerala,5,16779.59,0.15,71313.26,50824.69,20488.57,Credit Card,2026,6,June,Q2,28.730379174924835
O04133,2025-08-29,C0045,Meena Patel,P8566,Dress,Clothing,North,Delhi,6,1303.17,0.1,7037.12,4662.27,2374.85,Cash,2025,8,August,Q3,33.7474705561366
O04134,2025-07-02,C0756,Ravi Nair,P7291,Jacket,Clothing,South,Andhra Pradesh,7,5674.15,0.15,33761.19,22206.65,11554.54,Net Banking,2025,7,July,Q3,34.224326808385605
O04135,2026-05-18,C0423,Ananya Patel,P7291,Jacket,Clothing,North,Haryana,1,2250.73,0.1,2025.66,1303.56,722.1,UPI,2026,5,May,Q2,35.64764076893457
O04136,2026-03-18,C0852,Divya Das,P8699,Coffee Maker,Home & Kitchen,North,Uttar Pradesh,1,3693.79,0.05,3509.1,2752.28,756.82,UPI,2026,3,March,Q1,21.5673534524522
O04137,2025-11-06,C0816,Arun Das,P1796,Mouse,Electronics,West,Madhya Pradesh,4,1414.61,0.05,5375.52,3455.64,1919.88,Cash,2025,11,November,Q4,35.715242432360036
O04138,2025-10-08,C0918,Vijay Nair,P9007,Jeans,Clothing,North,Delhi,3,923.94,0.05,2633.23,1704.63,928.6,Cash,2025,10,October,Q4,35.2646749429408
O04139,2025-03-07,C0148,Divya Singh,P9667,Mixer Grinder,Home & Kitchen,South,Tamil Nadu,1,4895.28,0.0,4895.28,3022.57,1872.71,Credit Card,2025,3,March,Q1,38.255421548920594
O04140,2025-07-29,C1049,Divya Patel,P3693,Keyboard,Electronics,East,Bihar,4,4780.68,0.2,15298.18,11823.39,3474.79,UPI,2025,7,July,Q3,22.71374764841308
O04141,2025-07-25,C0969,Sneha Reddy,P1796,Mouse,Electronics,West,Madhya Pradesh,1,834.29,0.0,834.29,512.56,321.73,Net Banking,2025,7,July,Q3,38.563329297965936
O04142,2025-08-23,C0839,Ravi Iyer,P1600,Office Chair,Furniture,South,Telangana,4,7776.12,0.0,31104.48,24556.09,6548.39,Credit Card,2025,8,August,Q3,21.052883700354418
O04143,2025-11-08,C0535,Arun Rao,P0649,Sofa,Furniture,West,Gujarat,4,30132.0,0.15,102448.8,76222.16,26226.64,Debit Card,2025,11,November,Q4,25.599753242595323
O04144,2025-02-26,C0357,Arun Sharma,P3727,Monitor,Electronics,South,Andhra Pradesh,6,21410.39,0.1,115616.11,67659.59,47956.52,Net Banking,2025,2,February,Q1,41.479098371325584
O04145,2025-06-12,C0144,Priya Reddy,P8699,Coffee Maker,Home & Kitchen,South,Andhra Pradesh,2,2769.8,0.0,5539.6,3589.41,1950.19,Cash,2025,6,June,Q2,35.204527402700556
O04146,2026-04-15,C0480,Ananya Kumar,P6993,Air Fryer,Home & Kitchen,South,Kerala,6,8238.45,0.05,46959.16,37691.41,9267.75,Cash,2026,4,April,Q2,19.735766142324522
O04147,2026-03-14,C0895,Ananya Rao,P1101,T-Shirt,Clothing,North,Rajasthan,7,784.8,0.05,5218.92,3632.56,1586.36,Credit Card,2026,3,March,Q1,30.39632720946096
O04148,2025-04-11,C1167,Ravi Singh,P3727,Monitor,Electronics,North,Punjab,7,17785.08,0.1,112046.0,86399.38,25646.62,Net Banking,2025,4,April,Q2,22.88936686717955
O04149,2025-10-13,C0210,Rahul Das,P8699,Coffee Maker,Home & Kitchen,East,Bihar,4,6253.42,0.1,22512.31,17242.69,5269.62,Cash,2025,10,October,Q4,23.407726705966645
O04150,2026-03-06,C0881,Karthik Patel,P4870,Smartwatch,Electronics,East,Bihar,1,15437.12,0.05,14665.26,10251.26,4414.0,Credit Card,2026,3,March,Q1,30.098341250001702
O04151,2025-04-26,C0587,Vijay Nair,P6547,Shoes,Clothing,South,Tamil Nadu,2,3489.02,0.0,6978.04,5312.1,1665.94,Debit Card,2025,4,April,Q2,23.874039128465874
O04152,2026-02-18,C0129,Meena Singh,P3727,Monitor,Electronics,West,Gujarat,1,24491.47,0.0,24491.47,14372.32,10119.15,Cash,2026,2,February,Q1,41.31703813613474
O04153,2025-09-03,C0905,Arun Iyer,P0899,Perfume,Beauty,North,Uttar Pradesh,7,1164.89,0.15,6931.1,5581.32,1349.78,Cash,2025,9,September,Q3,19.4742537259598
O04154,2025-08-11,C0139,Ananya Verma,P7291,Jacket,Clothing,South,Kerala,3,4535.31,0.0,13605.93,10997.34,2608.59,UPI,2025,8,August,Q3,19.17244907183853
O04155,2025-08-19,C0922,Sneha Reddy,P7087,Tablet,Electronics,West,Gujarat,6,13382.98,0.1,72268.09,43873.86,28394.23,Cash,2025,8,August,Q3,39.29013482990902
O04156,2026-05-01,C1043,Rahul Singh,P3067,Cookware Set,Home & Kitchen,South,Kerala,4,6877.58,0.05,26134.8,19106.98,7027.82,UPI,2026,5,May,Q2,26.890659197698085
O04157,2025-09-27,C0417,Divya Rao,P0899,Perfume,Beauty,South,Telangana,7,3281.52,0.05,21822.11,16806.07,5016.04,Debit Card,2025,9,September,Q3,22.986044887501713
O04158,2026-01-01,C0819,Meena Patel,P0649,Sofa,Furniture,East,Jharkhand,6,26465.2,0.0,158791.2,100312.62,58478.58,Debit Card,2026,1,January,Q1,36.82734307694633
O04159,2025-06-05,C0296,Vijay Rao,P7291,Jacket,Clothing,East,Jharkhand,1,6008.0,0.1,5407.2,3296.65,2110.55,Cash,2025,6,June,Q2,39.03221630418701
O04160,2025-06-15,C0772,Arun Das,P0899,Perfume,Beauty,West,Maharashtra,5,4353.24,0.1,19589.58,14318.83,5270.75,Cash,2025,6,June,Q2,26.905885680040097
O04161,2026-05-18,C0830,Priya Nair,P0649,Sofa,Furniture,West,Madhya Pradesh,5,27549.52,0.0,137747.6,83557.81,54189.79,Net Banking,2026,5,May,Q2,39.33991590416095
O04162,2026-05-24,C0461,Karthik Reddy,P9685,Laptop,Electronics,North,Punjab,2,71842.26,0.05,136500.29,87003.87,49496.42,Net Banking,2026,5,May,Q2,36.26103651501399
O04163,2025-03-30,C0374,Vijay Sharma,P3693,Keyboard,Electronics,South,Telangana,6,1012.0,0.1,5464.8,4419.69,1045.11,UPI,2025,3,March,Q1,19.124396135265698
O04164,2025-11-10,C0029,Sneha Singh,P4636,Smartphone,Electronics,North,Delhi,4,27331.14,0.0,109324.56,77163.48,32161.08,Credit Card,2025,11,November,Q4,29.417982564942406
O04165,2025-04-02,C0972,Meena Reddy,P1101,T-Shirt,Clothing,North,Punjab,1,1748.15,0.05,1660.74,1186.38,474.36,Credit Card,2025,4,April,Q2,28.56317063477727
O04166,2025-05-29,C0409,Rahul Iyer,P5533,Shampoo,Beauty,West,Maharashtra,7,366.05,0.0,2562.35,1779.75,782.6,Net Banking,2025,5,May,Q2,30.54227564540363
O04167,2025-01-01,C0968,Priya Reddy,P3067,Cookware Set,Home & Kitchen,North,Punjab,4,6595.08,0.0,26380.32,17835.67,8544.65,Net Banking,2025,1,January,Q1,32.39024393942151
O04168,2026-05-16,C0251,Ravi Nair,P5533,Shampoo,Beauty,South,Andhra Pradesh,4,819.18,0.15,2785.21,2035.29,749.92,Debit Card,2026,5,May,Q2,26.925079257937462
O04169,2025-07-02,C1015,Rahul Reddy,P8699,Coffee Maker,Home & Kitchen,West,Goa,4,2925.16,0.1,10530.58,7137.75,3392.83,Net Banking,2025,7,July,Q3,32.21883315069066
O04170,2025-04-30,C0233,Priya Singh,P1077,Skin Care Set,Beauty,South,Andhra Pradesh,4,2954.36,0.0,11817.44,7119.44,4698.0,Cash,2025,4,April,Q2,39.75480307071582
O04171,2026-02-14,C0405,Rahul Singh,P0649,Sofa,Furniture,North,Haryana,3,16439.79,0.1,44387.43,29846.27,14541.16,UPI,2026,2,February,Q1,32.759634878613156
O04172,2025-12-14,C1112,Priya Reddy,P4333,Desk,Furniture,South,Tamil Nadu,1,9358.9,0.1,8423.01,5170.82,3252.19,Net Banking,2025,12,December,Q4,38.61078165643873
O04173,2026-06-04,C0562,Karthik Singh,P5533,Shampoo,Beauty,South,Kerala,4,677.7,0.0,2710.8,2198.14,512.66,Credit Card,2026,6,June,Q2,18.911760365943632
O04174,2025-10-31,C0364,Priya Iyer,P4333,Desk,Furniture,East,Jharkhand,4,6652.62,0.05,25279.96,20272.34,5007.62,Net Banking,2025,10,October,Q4,19.808654760529684
O04175,2025-08-30,C0092,Divya Rao,P6547,Shoes,Clothing,East,West Bengal,2,5465.69,0.1,9838.24,6007.81,3830.43,UPI,2025,8,August,Q3,38.93409796874238
O04176,2025-08-16,C0511,Ravi Das,P6266,Bookshelf,Furniture,West,Maharashtra,5,8350.15,0.05,39663.21,29831.99,9831.22,UPI,2025,8,August,Q3,24.78674822335358
O04177,2025-09-08,C0734,Divya Sharma,P4636,Smartphone,Electronics,East,Jharkhand,3,61247.31,0.0,183741.93,148599.97,35141.96,Debit Card,2025,9,September,Q3,19.125716160704307
O04178,2025-07-06,C0851,Arun Kumar,P3067,Cookware Set,Home & Kitchen,East,West Bengal,6,2859.77,0.0,17158.62,10761.04,6397.58,Cash,2025,7,July,Q3,37.284933170616284
O04179,2025-04-13,C0766,Rahul Iyer,P3693,Keyboard,Electronics,East,Odisha,1,1250.81,0.15,1063.19,661.55,401.64,Net Banking,2025,4,April,Q2,37.77687901503965
O04180,2026-06-02,C0038,Sneha Reddy,P5057,Headphones,Electronics,North,Haryana,3,4104.17,0.1,11081.26,7380.34,3700.92,UPI,2026,6,June,Q2,33.39800708583681
O04181,2026-01-24,C0152,Vijay Das,P8566,Dress,Clothing,East,Odisha,3,2939.73,0.1,7937.27,5026.43,2910.84,Debit Card,2026,1,January,Q1,36.6730626525241
O04182,2026-06-05,C0859,Ananya Das,P0649,Sofa,Furniture,North,Delhi,2,33941.68,0.2,54306.69,32059.27,22247.42,UPI,2026,6,June,Q2,40.96626032630602
O04183,2025-06-11,C1140,Divya Patel,P0649,Sofa,Furniture,South,Karnataka,1,13932.54,0.1,12539.29,7833.26,4706.03,Debit Card,2025,6,June,Q2,37.53027484012252
O04184,2025-02-05,C0717,Divya Sharma,P6266,Bookshelf,Furniture,North,Delhi,1,10193.47,0.1,9174.12,7206.21,1967.91,Net Banking,2025,2,February,Q1,21.450667747969288
O04185,2026-02-24,C0805,Divya Nair,P7087,Tablet,Electronics,West,Maharashtra,7,14773.11,0.0,103411.77,69508.81,33902.96,UPI,2026,2,February,Q1,32.784430631058726
O04186,2026-02-25,C0013,Vijay Patel,P0790,Face Cream,Beauty,South,Karnataka,7,1536.87,0.05,10220.19,7707.41,2512.78,Cash,2026,2,February,Q1,24.5864313677143
O04187,2025-09-03,C0480,Priya Reddy,P3727,Monitor,Electronics,South,Kerala,1,28836.81,0.05,27394.97,17198.33,10196.64,Net Banking,2025,9,September,Q3,37.220847476744815
O04188,2026-02-21,C0618,Meena Sharma,P2376,Dining Table,Furniture,North,Uttar Pradesh,5,34717.24,0.1,156227.58,108604.93,47622.65,Credit Card,2026,2,February,Q1,30.482869926039953
O04189,2025-06-09,C0172,Karthik Singh,P9685,Laptop,Electronics,West,Madhya Pradesh,5,76085.95,0.1,342386.78,210867.82,131518.96,Net Banking,2025,6,June,Q2,38.4123943103177
O04190,2025-05-16,C0331,Ravi Reddy,P8566,Dress,Clothing,West,Madhya Pradesh,3,4078.53,0.05,11623.81,8706.76,2917.05,Cash,2025,5,May,Q2,25.095472138653335
O04191,2026-04-07,C1137,Karthik Patel,P7087,Tablet,Electronics,North,Haryana,4,35754.01,0.15,121563.63,95194.83,26368.8,Cash,2026,4,April,Q2,21.69135620579938
O04192,2025-06-13,C0837,Meena Sharma,P4333,Desk,Furniture,East,Bihar,5,10613.22,0.05,50412.8,40042.68,10370.12,Net Banking,2025,6,June,Q2,20.570410689348737
O04193,2025-11-06,C0234,Rahul Das,P1600,Office Chair,Furniture,West,Gujarat,5,16992.35,0.0,84961.75,55884.03,29077.72,Net Banking,2025,11,November,Q4,34.22448337045789
O04194,2026-03-28,C0149,Arun Nair,P4870,Smartwatch,Electronics,South,Tamil Nadu,7,14884.34,0.1,93771.34,73101.52,20669.82,Net Banking,2026,3,March,Q1,22.042790473080583
O04195,2026-04-09,C0035,Sneha Kumar,P7780,Vacuum Cleaner,Home & Kitchen,North,Rajasthan,6,11656.42,0.1,62944.67,37590.13,25354.54,Cash,2026,4,April,Q2,40.28067825282109
O04196,2025-04-02,C0099,Karthik Das,P7087,Tablet,Electronics,West,Maharashtra,2,17141.16,0.1,30854.09,24609.13,6244.96,UPI,2025,4,April,Q2,20.240298774003705
O04197,2026-05-25,C0265,Rahul Rao,P1077,Skin Care Set,Beauty,West,Maharashtra,6,1922.99,0.15,9807.25,7328.76,2478.49,Debit Card,2026,5,May,Q2,25.272018149838125
O04198,2026-03-25,C0323,Divya Nair,P9685,Laptop,Electronics,North,Haryana,6,62189.91,0.0,373139.46,236140.46,136999.0,Cash,2026,3,March,Q1,36.71522706282525
O04199,2026-01-26,C0896,Divya Kumar,P7087,Tablet,Electronics,East,Jharkhand,6,36432.16,0.05,207663.31,169431.77,38231.54,UPI,2026,1,January,Q1,18.410348944163513
O04200,2026-01-12,C0827,Divya Iyer,P5533,Shampoo,Beauty,North,Haryana,3,515.8,0.05,1470.03,856.76,613.27,Credit Card,2026,1,January,Q1,41.718196227287876
O04201,2026-06-10,C1130,Karthik Das,P7780,Vacuum Cleaner,Home & Kitchen,West,Madhya Pradesh,4,11335.29,0.0,45341.16,26781.8,18559.36,Credit Card,2026,6,June,Q2,40.93269779599816
O04202,2025-03-29,C0905,Ananya Nair,P1600,Office Chair,Furniture,North,Punjab,6,9911.94,0.1,53524.48,37368.64,16155.84,Debit Card,2025,3,March,Q1,30.18402047063325
O04203,2025-07-25,C0064,Arun Patel,P9007,Jeans,Clothing,South,Kerala,1,2901.43,0.05,2756.36,1984.94,771.42,Cash,2025,7,July,Q3,27.986910272968696
O04204,2025-08-01,C0298,Ravi Verma,P3067,Cookware Set,Home & Kitchen,South,Andhra Pradesh,6,6873.57,0.0,41241.42,30903.39,10338.03,Credit Card,2025,8,August,Q3,25.06710486690323
O04205,2025-09-22,C0876,Arun Kumar,P4636,Smartphone,Electronics,South,Tamil Nadu,1,60687.12,0.1,54618.41,37876.12,16742.29,Net Banking,2025,9,September,Q3,30.653199168558732
O04206,2026-04-06,C0490,Priya Rao,P0899,Perfume,Beauty,North,Haryana,1,2237.61,0.1,2013.85,1216.63,797.22,Credit Card,2026,4,April,Q2,39.58686098766046
O04207,2025-02-03,C0563,Rahul Iyer,P1077,Skin Care Set,Beauty,North,Delhi,1,3112.78,0.0,3112.78,2496.25,616.53,Credit Card,2025,2,February,Q1,19.806410989533468
O04208,2025-02-23,C0360,Sneha Reddy,P9685,Laptop,Electronics,South,Kerala,2,59166.77,0.2,94666.83,73608.43,21058.4,Net Banking,2025,2,February,Q1,22.24475035236735
O04209,2026-01-30,C1165,Arun Iyer,P9685,Laptop,Electronics,North,Punjab,3,78146.54,0.1,210995.66,122507.26,88488.4,Cash,2026,1,January,Q1,41.938492952888225
O04210,2026-05-29,C0182,Ravi Iyer,P7780,Vacuum Cleaner,Home & Kitchen,South,Kerala,4,14963.74,0.15,50876.72,40061.69,10815.03,UPI,2026,5,May,Q2,21.257325550860983
O04211,2025-01-13,C1179,Sneha Iyer,P3693,Keyboard,Electronics,North,Haryana,1,1203.77,0.0,1203.77,840.22,363.55,Net Banking,2025,1,January,Q1,30.200952009104732
O04212,2025-11-04,C0053,Sneha Rao,P8566,Dress,Clothing,South,Karnataka,6,1695.15,0.1,9153.81,5330.05,3823.76,UPI,2025,11,November,Q4,41.77233305039104
O04213,2026-05-19,C0780,Karthik Nair,P7291,Jacket,Clothing,South,Andhra Pradesh,1,6958.83,0.0,6958.83,4542.51,2416.32,Credit Card,2026,5,May,Q2,34.7230784485323
O04214,2025-02-13,C0459,Rahul Das,P7780,Vacuum Cleaner,Home & Kitchen,South,Tamil Nadu,4,14896.98,0.15,50649.73,34068.32,16581.41,Cash,2025,2,February,Q1,32.737410446215605
O04215,2026-05-03,C1020,Karthik Reddy,P0899,Perfume,Beauty,South,Andhra Pradesh,7,4540.13,0.1,28602.82,20086.7,8516.12,Cash,2026,5,May,Q2,29.773707627429747
O04216,2025-03-14,C0613,Arun Patel,P1796,Mouse,Electronics,North,Uttar Pradesh,3,2789.44,0.1,7531.49,5916.88,1614.61,Net Banking,2025,3,March,Q1,21.438121805910914
O04217,2026-03-17,C0539,Meena Iyer,P5057,Headphones,Electronics,East,Bihar,5,11439.18,0.0,57195.9,36687.91,20507.99,Debit Card,2026,3,March,Q1,35.85569944698834
O04218,2025-05-21,C0105,Sneha Rao,P3693,Keyboard,Electronics,South,Karnataka,7,4211.75,0.0,29482.25,22660.83,6821.42,Credit Card,2025,5,May,Q2,23.13737927057806
O04219,2025-12-09,C0078,Vijay Kumar,P1796,Mouse,Electronics,East,Bihar,4,705.5,0.05,2680.9,1620.76,1060.14,Credit Card,2025,12,December,Q4,39.544182923645046
O04220,2025-07-30,C0247,Karthik Das,P4636,Smartphone,Electronics,South,Karnataka,7,21663.94,0.1,136482.82,101483.92,34998.9,Debit Card,2025,7,July,Q3,25.643447285160136
O04221,2025-12-19,C0323,Priya Patel,P4636,Smartphone,Electronics,South,Kerala,7,18446.9,0.15,109759.06,79274.24,30484.82,Net Banking,2025,12,December,Q4,27.77430856277377
O04222,2025-07-18,C0131,Karthik Kumar,P5057,Headphones,Electronics,South,Kerala,7,4781.75,0.15,28451.41,17556.01,10895.4,Debit Card,2025,7,July,Q3,38.29476289575807
O04223,2025-04-25,C0858,Rahul Das,P0899,Perfume,Beauty,West,Goa,2,3894.77,0.05,7400.06,4418.17,2981.89,Debit Card,2025,4,April,Q2,40.29548409066953
O04224,2025-08-29,C1153,Ravi Verma,P7087,Tablet,Electronics,North,Rajasthan,4,24223.28,0.1,87203.81,70851.16,16352.65,Cash,2025,8,August,Q3,18.752219656457672
O04225,2025-10-20,C1160,Sneha Patel,P6266,Bookshelf,Furniture,South,Karnataka,7,3443.02,0.1,21691.03,14666.02,7025.01,Cash,2025,10,October,Q4,32.38670547226204
O04226,2026-02-23,C0506,Karthik Patel,P7087,Tablet,Electronics,West,Maharashtra,3,24153.97,0.15,61592.62,47432.24,14160.38,Credit Card,2026,2,February,Q1,22.9903842375921
O04227,2026-01-13,C0178,Priya Sharma,P6266,Bookshelf,Furniture,East,Jharkhand,4,2511.62,0.1,9041.83,7192.7,1849.13,Net Banking,2026,1,January,Q1,20.450837938780094
O04228,2025-03-21,C1071,Meena Rao,P3727,Monitor,Electronics,North,Uttar Pradesh,5,25255.28,0.15,107334.94,66101.63,41233.31,Cash,2025,3,March,Q1,38.41555228893778
O04229,2025-06-20,C0524,Vijay Rao,P9685,Laptop,Electronics,North,Delhi,1,59648.14,0.15,50700.92,32631.86,18069.06,Net Banking,2025,6,June,Q2,35.6385249025067
O04230,2026-04-18,C0621,Sneha Kumar,P6547,Shoes,Clothing,West,Madhya Pradesh,2,4992.64,0.1,8986.75,6764.61,2222.14,Net Banking,2026,4,April,Q2,24.72684785934848
O04231,2025-06-23,C0490,Ananya Verma,P3693,Keyboard,Electronics,North,Haryana,2,3080.36,0.05,5852.68,3745.69,2106.99,Net Banking,2025,6,June,Q2,36.000430571977276
O04232,2025-07-01,C0897,Meena Rao,P6547,Shoes,Clothing,North,Rajasthan,6,1808.79,0.1,9767.47,7771.22,1996.25,Debit Card,2025,7,July,Q3,20.43773873889554
O04233,2025-07-21,C0041,Vijay Rao,P0790,Face Cream,Beauty,East,Odisha,2,305.49,0.1,549.88,328.98,220.9,Cash,2025,7,July,Q3,40.17240125118208
O04234,2026-02-27,C0403,Rahul Rao,P7780,Vacuum Cleaner,Home & Kitchen,South,Andhra Pradesh,4,9390.21,0.05,35682.8,27729.54,7953.26,UPI,2026,2,February,Q1,22.288777786496574
O04235,2025-05-06,C0382,Divya Patel,P3693,Keyboard,Electronics,South,Andhra Pradesh,4,739.04,0.0,2956.16,2146.85,809.31,UPI,2025,5,May,Q2,27.37707025330158
O04236,2026-03-26,C0834,Divya Singh,P3693,Keyboard,Electronics,South,Tamil Nadu,1,1960.05,0.05,1862.05,1393.82,468.23,Credit Card,2026,3,March,Q1,25.145941301253995
O04237,2026-06-26,C1066,Karthik Verma,P7291,Jacket,Clothing,East,West Bengal,6,6279.93,0.0,37679.58,29910.59,7768.99,UPI,2026,6,June,Q2,20.618568465996702
O04238,2026-06-01,C0119,Ravi Kumar,P6547,Shoes,Clothing,South,Telangana,6,1872.06,0.1,10109.12,6040.79,4068.33,Cash,2026,6,June,Q2,40.2441557722136
O04239,2025-12-08,C0475,Rahul Iyer,P4333,Desk,Furniture,South,Kerala,5,23621.21,0.1,106295.44,72331.17,33964.27,Credit Card,2025,12,December,Q4,31.952706531907666
O04240,2026-05-30,C0912,Priya Nair,P1101,T-Shirt,Clothing,East,Odisha,1,1389.67,0.1,1250.7,970.37,280.33,Net Banking,2026,5,May,Q2,22.413848244982805
O04241,2025-09-19,C0137,Meena Kumar,P3693,Keyboard,Electronics,West,Maharashtra,3,1750.54,0.0,5251.62,4276.57,975.05,Cash,2025,9,September,Q3,18.566651814106887
O04242,2025-08-16,C0863,Rahul Nair,P8566,Dress,Clothing,West,Gujarat,5,4031.78,0.05,19150.96,11574.59,7576.37,UPI,2025,8,August,Q3,39.56130658724158
O04243,2025-08-02,C0872,Karthik Sharma,P0649,Sofa,Furniture,East,West Bengal,4,42584.46,0.1,153304.06,90409.4,62894.66,Credit Card,2025,8,August,Q3,41.026088937240154
O04244,2026-04-01,C1050,Ananya Reddy,P8566,Dress,Clothing,South,Telangana,7,3964.13,0.1,24974.02,19317.24,5656.78,UPI,2026,4,April,Q2,22.6506585643801
O04245,2025-01-04,C0819,Vijay Patel,P2376,Dining Table,Furniture,South,Andhra Pradesh,7,15742.86,0.1,99180.02,71128.29,28051.73,Debit Card,2025,1,January,Q1,28.283650275529283
O04246,2025-07-02,C1096,Divya Iyer,P9007,Jeans,Clothing,North,Delhi,6,2922.42,0.1,15781.07,11158.26,4622.81,Debit Card,2025,7,July,Q3,29.29338758398512
O04247,2025-05-20,C0215,Divya Reddy,P2376,Dining Table,Furniture,North,Punjab,7,22048.72,0.1,138906.94,99742.76,39164.18,Cash,2025,5,May,Q2,28.19454521134797
O04248,2026-03-16,C0846,Vijay Sharma,P0899,Perfume,Beauty,North,Punjab,4,2102.84,0.05,7990.79,6367.0,1623.79,Credit Card,2026,3,March,Q1,20.320769285640093
O04249,2026-05-20,C1066,Priya Nair,P7050,Makeup Kit,Beauty,West,Gujarat,7,2025.15,0.15,12049.64,9241.74,2807.9,Credit Card,2026,5,May,Q2,23.30277087116296
O04250,2026-01-28,C0972,Vijay Kumar,P1600,Office Chair,Furniture,South,Telangana,4,10901.57,0.05,41425.97,27853.22,13572.75,Net Banking,2026,1,January,Q1,32.763867689760794
O04251,2025-05-11,C0347,Meena Nair,P5057,Headphones,Electronics,North,Uttar Pradesh,6,9666.23,0.0,57997.38,40877.51,17119.87,UPI,2025,5,May,Q2,29.518350656529655
O04252,2025-01-20,C0143,Priya Rao,P7087,Tablet,Electronics,East,Odisha,3,38016.24,0.05,108346.28,80565.52,27780.76,Credit Card,2025,1,January,Q1,25.640714198955422
O04253,2025-05-11,C1024,Arun Singh,P3727,Monitor,Electronics,East,Odisha,1,20788.88,0.0,20788.88,12487.86,8301.02,UPI,2025,5,May,Q2,39.930097244295986
O04254,2025-12-08,C0560,Arun Patel,P7291,Jacket,Clothing,East,Odisha,3,3670.97,0.05,10462.26,6742.67,3719.59,Debit Card,2025,12,December,Q4,35.55245233821373
O04255,2026-03-10,C0740,Ananya Sharma,P9685,Laptop,Electronics,East,West Bengal,1,58709.79,0.15,49903.32,40105.74,9797.58,Credit Card,2026,3,March,Q1,19.63312260587071
O04256,2026-03-31,C0196,Arun Reddy,P9685,Laptop,Electronics,North,Delhi,5,58830.72,0.15,250030.56,202416.6,47613.96,Cash,2026,3,March,Q1,19.043256152367935
O04257,2025-11-06,C0250,Divya Kumar,P3067,Cookware Set,Home & Kitchen,West,Goa,1,7019.09,0.1,6317.18,4756.59,1560.59,Credit Card,2025,11,November,Q4,24.70390269075758
O04258,2026-04-29,C0488,Priya Singh,P6547,Shoes,Clothing,South,Andhra Pradesh,7,3249.08,0.1,20469.2,15462.4,5006.8,UPI,2026,4,April,Q2,24.460164539894087
O04259,2025-02-08,C0135,Ananya Iyer,P9685,Laptop,Electronics,South,Kerala,6,60582.69,0.05,345321.33,270046.43,75274.9,Debit Card,2025,2,February,Q1,21.79850865279593
O04260,2026-02-24,C0021,Priya Verma,P3067,Cookware Set,Home & Kitchen,East,Jharkhand,2,2038.8,0.05,3873.72,3092.56,781.16,Credit Card,2026,2,February,Q1,20.165628904515557
O04261,2025-11-27,C0339,Priya Kumar,P3693,Keyboard,Electronics,West,Madhya Pradesh,5,3385.77,0.1,15235.96,11383.51,3852.45,Cash,2025,11,November,Q4,25.285246220126595
O04262,2026-01-16,C1114,Arun Singh,P7050,Makeup Kit,Beauty,North,Delhi,1,3304.61,0.05,3139.38,2406.26,733.12,Cash,2026,1,January,Q1,23.352381680459196
O04263,2026-01-15,C0789,Arun Iyer,P8699,Coffee Maker,Home & Kitchen,North,Rajasthan,3,8103.99,0.0,24311.97,18745.3,5566.67,UPI,2026,1,January,Q1,22.896828187925536
O04264,2025-04-26,C0997,Divya Verma,P1600,Office Chair,Furniture,North,Rajasthan,5,7372.39,0.05,35018.85,21743.24,13275.61,Net Banking,2025,4,April,Q2,37.90989709827707
O04265,2026-01-02,C0179,Sneha Nair,P6547,Shoes,Clothing,West,Gujarat,6,5776.84,0.05,32927.99,20434.36,12493.63,Debit Card,2026,1,January,Q1,37.94227950142113
O04266,2025-09-19,C0965,Karthik Patel,P7291,Jacket,Clothing,South,Andhra Pradesh,4,3694.15,0.0,14776.6,10427.45,4349.15,Debit Card,2025,9,September,Q3,29.43268410865828
O04267,2025-07-19,C0279,Vijay Reddy,P4870,Smartwatch,Electronics,East,Odisha,5,3759.05,0.05,17855.49,10574.52,7280.97,Debit Card,2025,7,July,Q3,40.77720633821866
O04268,2025-02-26,C0571,Rahul Verma,P9007,Jeans,Clothing,West,Gujarat,1,1356.73,0.0,1356.73,961.93,394.8,Debit Card,2025,2,February,Q1,29.09937865308499
O04269,2025-07-16,C0766,Vijay Rao,P5057,Headphones,Electronics,West,Goa,2,11909.18,0.0,23818.36,16317.55,7500.81,UPI,2025,7,July,Q3,31.491714794805354
O04270,2025-02-02,C0248,Meena Reddy,P4870,Smartwatch,Electronics,South,Kerala,7,4061.8,0.0,28432.6,16832.04,11600.56,UPI,2025,2,February,Q1,40.80020821170066
O04271,2025-08-27,C1155,Meena Reddy,P1101,T-Shirt,Clothing,North,Delhi,5,1779.27,0.05,8451.53,5435.36,3016.17,Cash,2025,8,August,Q3,35.68785770150493
O04272,2025-12-23,C0723,Meena Nair,P1101,T-Shirt,Clothing,North,Punjab,3,1271.51,0.2,3051.62,2225.81,825.81,Net Banking,2025,12,December,Q4,27.061364127905836
O04273,2025-05-17,C0689,Meena Kumar,P6547,Shoes,Clothing,South,Telangana,7,5636.35,0.15,33536.28,25884.67,7651.61,Net Banking,2025,5,May,Q2,22.815917567482142
O04274,2026-01-30,C0096,Sneha Iyer,P9685,Laptop,Electronics,South,Telangana,3,75798.9,0.0,227396.7,143601.61,83795.09,Credit Card,2026,1,January,Q1,36.84973880447693
O04275,2026-03-04,C0969,Ravi Reddy,P6547,Shoes,Clothing,South,Tamil Nadu,2,2329.17,0.05,4425.42,3362.97,1062.45,Cash,2026,3,March,Q1,24.007890776468674
O04276,2025-06-26,C0008,Ananya Reddy,P3067,Cookware Set,Home & Kitchen,North,Uttar Pradesh,3,6182.47,0.05,17620.04,11345.99,6274.05,Net Banking,2025,6,June,Q2,35.6074674064304
O04277,2026-01-22,C0992,Karthik Das,P1600,Office Chair,Furniture,North,Haryana,5,11203.59,0.1,50416.16,33483.34,16932.82,Net Banking,2026,1,January,Q1,33.586096204074245
O04278,2025-10-19,C0922,Priya Kumar,P6993,Air Fryer,Home & Kitchen,South,Tamil Nadu,4,6587.22,0.15,22396.55,17270.4,5126.15,Cash,2025,10,October,Q4,22.888123394004882
O04279,2025-12-02,C0565,Sneha Iyer,P1077,Skin Care Set,Beauty,West,Maharashtra,5,5234.19,0.1,23553.86,18247.66,5306.2,Debit Card,2025,12,December,Q4,22.52794234151005
O04280,2025-09-26,C0123,Sneha Rao,P7087,Tablet,Electronics,West,Goa,4,35317.12,0.0,141268.48,88566.12,52702.36,Credit Card,2025,9,September,Q3,37.30652442781291
O04281,2026-05-27,C0972,Priya Das,P1796,Mouse,Electronics,West,Gujarat,1,2704.95,0.1,2434.46,1902.59,531.87,Net Banking,2026,5,May,Q2,21.847555515391505
O04282,2026-04-17,C0557,Meena Iyer,P9007,Jeans,Clothing,South,Telangana,7,2494.65,0.2,13970.04,11084.01,2886.03,Credit Card,2026,4,April,Q2,20.65870963862666
O04283,2025-01-30,C0847,Divya Rao,P3693,Keyboard,Electronics,North,Haryana,1,1743.2,0.0,1743.2,1167.36,575.84,UPI,2025,1,January,Q1,33.033501606241394
O04284,2025-09-28,C1141,Divya Reddy,P9685,Laptop,Electronics,North,Delhi,1,60793.61,0.15,51674.57,38679.7,12994.87,Net Banking,2025,9,September,Q3,25.14751453180936
O04285,2026-05-25,C0234,Priya Patel,P6266,Bookshelf,Furniture,South,Karnataka,4,11772.23,0.1,42380.03,32514.49,9865.54,UPI,2026,5,May,Q2,23.27874708913609
O04286,2025-06-30,C0281,Ananya Verma,P0790,Face Cream,Beauty,South,Tamil Nadu,3,1180.2,0.0,3540.6,2704.8,835.8,Debit Card,2025,6,June,Q2,23.606168446026096
O04287,2026-04-07,C1011,Priya Singh,P4870,Smartwatch,Electronics,South,Tamil Nadu,3,12249.15,0.15,31235.33,21075.42,10159.91,Net Banking,2026,4,April,Q2,32.526981466179485
O04288,2025-06-08,C0681,Vijay Das,P9685,Laptop,Electronics,East,West Bengal,1,71107.71,0.2,56886.17,42583.36,14302.81,UPI,2025,6,June,Q2,25.14285985504034
O04289,2025-09-04,C0001,Meena Patel,P2376,Dining Table,Furniture,East,Jharkhand,6,34198.9,0.1,184674.06,147333.58,37340.48,Net Banking,2025,9,September,Q3,20.219667017663447
O04290,2026-05-13,C0465,Arun Sharma,P5533,Shampoo,Beauty,West,Madhya Pradesh,1,597.42,0.1,537.68,318.98,218.7,UPI,2026,5,May,Q2,40.67475078113376
O04291,2025-08-13,C0654,Arun Patel,P9685,Laptop,Electronics,West,Gujarat,2,71424.23,0.05,135706.04,109542.49,26163.55,Cash,2025,8,August,Q3,19.279576649646543
O04292,2025-04-19,C0145,Arun Sharma,P8699,Coffee Maker,Home & Kitchen,South,Kerala,5,7005.18,0.1,31523.31,24552.76,6970.55,Net Banking,2025,4,April,Q2,22.11236700714487
O04293,2026-03-07,C0809,Arun Singh,P7087,Tablet,Electronics,West,Gujarat,5,27665.62,0.15,117578.88,82812.68,34766.2,Credit Card,2026,3,March,Q1,29.568405482345124
O04294,2026-06-16,C0781,Arun Verma,P3693,Keyboard,Electronics,North,Delhi,3,1222.27,0.15,3116.79,2239.28,877.51,UPI,2026,6,June,Q2,28.154286942655744
O04295,2025-08-18,C0281,Divya Sharma,P6993,Air Fryer,Home & Kitchen,East,Odisha,6,5661.08,0.05,32268.16,23322.7,8945.46,Credit Card,2025,8,August,Q3,27.72225004462603
O04296,2025-05-31,C0618,Arun Rao,P7780,Vacuum Cleaner,Home & Kitchen,East,Jharkhand,7,17719.3,0.1,111631.59,69101.14,42530.45,Debit Card,2025,5,May,Q2,38.09893776483879
O04297,2026-03-07,C0056,Rahul Nair,P2376,Dining Table,Furniture,North,Uttar Pradesh,6,25435.31,0.0,152611.86,120039.72,32572.14,Credit Card,2026,3,March,Q1,21.343124970759156
O04298,2025-01-10,C1160,Karthik Iyer,P3727,Monitor,Electronics,North,Delhi,4,9384.14,0.0,37536.56,25240.66,12295.9,Net Banking,2025,1,January,Q1,32.75713064809349
O04299,2025-05-11,C1060,Meena Patel,P6266,Bookshelf,Furniture,East,Bihar,3,6039.94,0.2,14495.86,9808.62,4687.24,UPI,2025,5,May,Q2,32.33502531067491
O04300,2025-04-19,C0210,Ananya Kumar,P0899,Perfume,Beauty,East,Odisha,1,2914.51,0.2,2331.61,1637.7,693.91,UPI,2025,4,April,Q2,29.760980609964786
O04301,2026-06-03,C0364,Ravi Nair,P7087,Tablet,Electronics,East,Bihar,6,28163.58,0.1,152083.33,114894.27,37189.06,UPI,2026,6,June,Q2,24.453081083903147
O04302,2025-10-22,C0784,Karthik Rao,P0790,Face Cream,Beauty,South,Kerala,6,507.3,0.05,2891.61,2252.5,639.11,Debit Card,2025,10,October,Q4,22.10221987059112
O04303,2025-06-19,C0876,Arun Reddy,P4636,Smartphone,Electronics,West,Goa,4,37309.79,0.1,134315.24,78203.51,56111.73,Cash,2025,6,June,Q2,41.7761454321937
O04304,2025-03-06,C1122,Arun Verma,P5057,Headphones,Electronics,North,Delhi,7,10002.12,0.1,63013.36,41888.51,21124.85,Net Banking,2025,3,March,Q1,33.52439863546397
O04305,2025-04-20,C0960,Sneha Verma,P7780,Vacuum Cleaner,Home & Kitchen,North,Uttar Pradesh,4,9685.41,0.05,36804.56,23198.43,13606.13,Net Banking,2025,4,April,Q2,36.968598456278244
O04306,2026-06-03,C0050,Rahul Rao,P9007,Jeans,Clothing,North,Uttar Pradesh,1,2877.69,0.05,2733.81,1798.46,935.35,Cash,2026,6,June,Q2,34.2141553363255
O04307,2025-07-17,C0770,Arun Verma,P0899,Perfume,Beauty,North,Punjab,6,3163.02,0.15,16131.4,9442.76,6688.64,Net Banking,2025,7,July,Q3,41.46348116096557
O04308,2025-06-08,C0403,Divya Singh,P1101,T-Shirt,Clothing,South,Karnataka,5,1050.18,0.0,5250.9,4133.6,1117.3,Cash,2025,6,June,Q2,21.278257060694358
O04309,2025-05-04,C0852,Arun Rao,P5057,Headphones,Electronics,South,Andhra Pradesh,5,10310.94,0.15,43821.5,26858.95,16962.55,Debit Card,2025,5,May,Q2,38.70828246408726
O04310,2025-03-23,C0114,Karthik Nair,P3067,Cookware Set,Home & Kitchen,South,Tamil Nadu,7,4051.72,0.0,28362.04,19764.88,8597.16,Credit Card,2025,3,March,Q1,30.312206033134427
O04311,2026-01-06,C0258,Rahul Singh,P7087,Tablet,Electronics,North,Rajasthan,2,34506.98,0.0,69013.96,49061.61,19952.35,UPI,2026,1,January,Q1,28.910600116266327
O04312,2025-05-14,C0368,Sneha Reddy,P1077,Skin Care Set,Beauty,West,Goa,5,3816.5,0.05,18128.38,12462.31,5666.07,Credit Card,2025,5,May,Q2,31.255247297331586
O04313,2026-01-14,C0207,Ananya Nair,P4636,Smartphone,Electronics,East,West Bengal,6,57905.27,0.0,347431.62,206606.74,140824.88,Debit Card,2026,1,January,Q1,40.53312130887799
O04314,2025-08-05,C0606,Ananya Iyer,P3727,Monitor,Electronics,East,Odisha,1,12263.46,0.05,11650.29,7710.96,3939.33,UPI,2025,8,August,Q3,33.813149715586476
O04315,2025-10-06,C0973,Arun Nair,P7291,Jacket,Clothing,South,Tamil Nadu,2,5563.83,0.0,11127.66,7335.47,3792.19,Net Banking,2025,10,October,Q4,34.07895280768823
O04316,2025-04-13,C0917,Vijay Reddy,P5057,Headphones,Electronics,North,Rajasthan,4,8115.17,0.2,25968.54,16394.7,9573.84,Credit Card,2025,4,April,Q2,36.86707069400128
O04317,2025-02-11,C0561,Vijay Reddy,P1796,Mouse,Electronics,West,Goa,2,2382.25,0.1,4288.05,3451.92,836.13,Net Banking,2025,2,February,Q1,19.499073005212157
O04318,2025-08-11,C0602,Arun Reddy,P5533,Shampoo,Beauty,South,Andhra Pradesh,3,1105.44,0.0,3316.32,2058.1,1258.22,Cash,2025,8,August,Q3,37.94024702079413
O04319,2025-01-30,C0458,Vijay Iyer,P5057,Headphones,Electronics,North,Uttar Pradesh,2,7664.65,0.15,13029.9,9225.1,3804.8,UPI,2025,1,January,Q1,29.200531086194065
O04320,2025-09-10,C0360,Divya Kumar,P6993,Air Fryer,Home & Kitchen,North,Haryana,1,10001.45,0.05,9501.38,5813.68,3687.7,UPI,2025,9,September,Q3,38.812256745862186
O04321,2025-06-04,C0278,Ravi Kumar,P3727,Monitor,Electronics,South,Karnataka,1,11842.14,0.05,11250.03,7745.71,3504.32,Net Banking,2025,6,June,Q2,31.149428045969657
O04322,2026-01-26,C0174,Divya Patel,P1600,Office Chair,Furniture,West,Gujarat,1,10686.64,0.05,10152.31,6464.47,3687.84,Debit Card,2026,1,January,Q1,36.3251319157906
O04323,2025-01-05,C0499,Priya Rao,P8699,Coffee Maker,Home & Kitchen,South,Karnataka,5,5511.75,0.0,27558.75,20492.21,7066.54,UPI,2025,1,January,Q1,25.641729033428582
O04324,2025-01-30,C0994,Rahul Das,P0649,Sofa,Furniture,East,Bihar,2,16811.4,0.05,31941.66,19047.22,12894.44,Net Banking,2025,1,January,Q1,40.36872222670957
O04325,2025-03-31,C0485,Ravi Nair,P9667,Mixer Grinder,Home & Kitchen,East,Jharkhand,3,8605.36,0.15,21943.67,17649.11,4294.56,Net Banking,2025,3,March,Q1,19.570837512594753
O04326,2025-03-17,C0784,Sneha Das,P3727,Monitor,Electronics,East,West Bengal,6,16451.95,0.0,98711.7,58411.71,40299.99,Net Banking,2025,3,March,Q1,40.82595072316656
O04327,2025-06-23,C1188,Karthik Verma,P0899,Perfume,Beauty,South,Tamil Nadu,1,3770.82,0.0,3770.82,2524.34,1246.48,Debit Card,2025,6,June,Q2,33.05594008730196
O04328,2025-05-16,C0164,Meena Kumar,P3693,Keyboard,Electronics,West,Goa,1,1215.91,0.2,972.73,775.84,196.89,Debit Card,2025,5,May,Q2,20.24097128699639
O04329,2025-11-20,C0843,Vijay Das,P4333,Desk,Furniture,North,Uttar Pradesh,7,21280.09,0.0,148960.63,113384.89,35575.74,Net Banking,2025,11,November,Q4,23.88264603875534
O04330,2025-06-14,C0629,Priya Rao,P5057,Headphones,Electronics,East,Jharkhand,1,11963.5,0.2,9570.8,7415.84,2154.96,Net Banking,2025,6,June,Q2,22.515986124461907
O04331,2025-09-07,C0345,Rahul Kumar,P1600,Office Chair,Furniture,East,Jharkhand,4,9819.98,0.1,35351.93,28423.71,6928.22,Net Banking,2025,9,September,Q3,19.597855053458186
O04332,2026-05-17,C0049,Priya Kumar,P3727,Monitor,Electronics,West,Maharashtra,2,16632.24,0.1,29938.03,23734.38,6203.65,Cash,2026,5,May,Q2,20.72163732884228
O04333,2025-09-22,C0081,Priya Kumar,P0899,Perfume,Beauty,South,Kerala,6,1245.28,0.1,6724.51,4547.99,2176.52,UPI,2025,9,September,Q3,32.36696800212952
O04334,2025-09-02,C1097,Karthik Verma,P9667,Mixer Grinder,Home & Kitchen,South,Karnataka,3,6579.51,0.0,19738.53,15726.13,4012.4,Credit Card,2025,9,September,Q3,20.327754903733968
O04335,2025-12-13,C0173,Arun Das,P7050,Makeup Kit,Beauty,South,Kerala,7,3468.83,0.0,24281.81,14445.93,9835.88,Debit Card,2025,12,December,Q4,40.50719448014789
O04336,2025-10-09,C0235,Priya Verma,P5057,Headphones,Electronics,North,Rajasthan,2,4108.67,0.05,7806.47,5099.72,2706.75,Credit Card,2025,10,October,Q4,34.67316213346109
O04337,2026-04-07,C1169,Sneha Nair,P3693,Keyboard,Electronics,South,Karnataka,5,3525.91,0.05,16748.07,13225.05,3523.02,Net Banking,2026,4,April,Q2,21.035379001879022
O04338,2025-09-15,C0035,Rahul Nair,P7087,Tablet,Electronics,West,Maharashtra,3,30233.83,0.15,77096.27,50677.12,26419.15,UPI,2025,9,September,Q3,34.26774083882398
O04339,2026-05-12,C1088,Divya Nair,P3067,Cookware Set,Home & Kitchen,South,Kerala,3,7730.49,0.1,20872.32,12767.24,8105.08,UPI,2026,5,May,Q2,38.831715880170485
O04340,2025-01-30,C0726,Meena Das,P4870,Smartwatch,Electronics,South,Kerala,1,2607.33,0.15,2216.23,1295.73,920.5,UPI,2025,1,January,Q1,41.534497773245555
O04341,2026-06-14,C0744,Meena Iyer,P0649,Sofa,Furniture,West,Maharashtra,1,23097.59,0.2,18478.07,13985.7,4492.37,UPI,2026,6,June,Q2,24.31190053939616
O04342,2025-05-27,C0267,Meena Patel,P8566,Dress,Clothing,South,Tamil Nadu,3,4002.87,0.15,10207.32,7906.97,2300.35,Debit Card,2025,5,May,Q2,22.536277886849827
O04343,2025-01-11,C0071,Divya Das,P4636,Smartphone,Electronics,West,Madhya Pradesh,5,43028.88,0.05,204387.18,146520.47,57866.71,Credit Card,2025,1,January,Q1,28.312299235206435
O04344,2025-12-20,C0760,Sneha Sharma,P9685,Laptop,Electronics,West,Madhya Pradesh,7,73862.73,0.05,491187.15,306299.18,184887.97,UPI,2025,12,December,Q4,37.64104374473151
O04345,2025-06-13,C0330,Meena Reddy,P7780,Vacuum Cleaner,Home & Kitchen,South,Kerala,4,11409.36,0.0,45637.44,36877.23,8760.21,Cash,2025,6,June,Q2,19.195226550831947
O04346,2025-09-24,C0272,Arun Verma,P1101,T-Shirt,Clothing,North,Punjab,4,656.28,0.1,2362.61,1664.94,697.67,UPI,2025,9,September,Q3,29.529630366416797
O04347,2025-09-11,C0306,Sneha Verma,P7087,Tablet,Electronics,East,Odisha,4,25084.25,0.15,85286.45,60124.16,25162.29,Cash,2025,9,September,Q3,29.503268104136122
O04348,2026-03-12,C0238,Ananya Reddy,P3727,Monitor,Electronics,East,Jharkhand,3,17474.75,0.05,49803.04,30817.71,18985.33,UPI,2026,3,March,Q1,38.12082555603032
O04349,2025-11-29,C0370,Divya Reddy,P1600,Office Chair,Furniture,South,Andhra Pradesh,4,4122.78,0.0,16491.12,11496.35,4994.77,UPI,2025,11,November,Q4,30.287633587045637
O04350,2025-06-22,C0233,Arun Kumar,P1077,Skin Care Set,Beauty,South,Telangana,2,3755.64,0.0,7511.28,4387.96,3123.32,Debit Card,2025,6,June,Q2,41.58172774813348
O04351,2025-03-14,C0095,Arun Das,P6547,Shoes,Clothing,South,Tamil Nadu,4,4990.04,0.1,17964.14,13620.94,4343.2,UPI,2025,3,March,Q1,24.177054955038205
O04352,2025-03-13,C0911,Meena Sharma,P5057,Headphones,Electronics,South,Karnataka,4,6821.65,0.2,21829.28,17255.09,4574.19,Cash,2025,3,March,Q1,20.95437870603153
O04353,2025-07-24,C0018,Rahul Patel,P0899,Perfume,Beauty,South,Tamil Nadu,5,4309.93,0.1,19394.69,15798.44,3596.25,Credit Card,2025,7,July,Q3,18.542446411878714
O04354,2026-04-10,C1028,Sneha Iyer,P9685,Laptop,Electronics,North,Delhi,5,81957.18,0.0,409785.9,299872.67,109913.23,UPI,2026,4,April,Q2,26.822111253705895
O04355,2025-03-02,C1183,Karthik Iyer,P4870,Smartwatch,Electronics,South,Telangana,2,4118.28,0.15,7001.08,5046.71,1954.37,Credit Card,2025,3,March,Q1,27.915264502048252
O04356,2025-10-29,C1151,Sneha Das,P1077,Skin Care Set,Beauty,West,Madhya Pradesh,5,5861.63,0.1,26377.34,17642.49,8734.85,UPI,2025,10,October,Q4,33.11497671865321
O04357,2025-09-08,C0439,Sneha Rao,P5533,Shampoo,Beauty,West,Madhya Pradesh,5,352.71,0.15,1499.02,955.58,543.44,Debit Card,2025,9,September,Q3,36.25301863884405
O04358,2025-10-15,C0390,Ananya Verma,P7780,Vacuum Cleaner,Home & Kitchen,South,Tamil Nadu,7,17273.72,0.15,102778.63,61632.45,41146.18,Credit Card,2025,10,October,Q4,40.03378912522963
O04359,2025-04-11,C0486,Arun Sharma,P5057,Headphones,Electronics,North,Uttar Pradesh,1,4754.83,0.1,4279.35,2658.08,1621.27,Credit Card,2025,4,April,Q2,37.885893885753674
O04360,2025-03-14,C1023,Arun Sharma,P4870,Smartwatch,Electronics,West,Maharashtra,4,6189.25,0.2,19805.6,12149.12,7656.48,Cash,2025,3,March,Q1,38.6581572888476
O04361,2025-04-22,C0026,Karthik Das,P4333,Desk,Furniture,North,Punjab,7,10539.17,0.1,66396.77,53958.08,12438.69,Credit Card,2025,4,April,Q2,18.733878169073588
O04362,2025-01-27,C0675,Arun Nair,P0649,Sofa,Furniture,South,Andhra Pradesh,4,16837.67,0.1,60615.61,41940.81,18674.8,Cash,2025,1,January,Q1,30.808565648353614
O04363,2025-09-16,C0405,Priya Reddy,P7087,Tablet,Electronics,East,West Bengal,2,26408.65,0.1,47535.57,32504.02,15031.55,UPI,2025,9,September,Q3,31.62168876906283
O04364,2025-02-21,C1019,Meena Patel,P9007,Jeans,Clothing,North,Uttar Pradesh,3,1319.81,0.1,3563.49,2193.53,1369.96,Credit Card,2025,2,February,Q1,38.444334065761375
O04365,2025-09-04,C0795,Meena Kumar,P4333,Desk,Furniture,East,West Bengal,4,24458.25,0.0,97833.0,76665.91,21167.09,UPI,2025,9,September,Q3,21.63594083795856
O04366,2026-01-08,C0617,Rahul Patel,P1101,T-Shirt,Clothing,East,Bihar,1,932.26,0.05,885.65,523.74,361.91,Debit Card,2026,1,January,Q1,40.86377237057528
O04367,2025-08-23,C0702,Karthik Kumar,P4636,Smartphone,Electronics,North,Haryana,1,49070.72,0.1,44163.65,26961.56,17202.09,Debit Card,2025,8,August,Q3,38.95078871424803
O04368,2025-08-07,C0057,Vijay Sharma,P0899,Perfume,Beauty,South,Andhra Pradesh,7,2472.0,0.1,15573.6,10352.67,5220.93,Debit Card,2025,8,August,Q3,33.52423331792264
O04369,2025-09-04,C0817,Divya Reddy,P8566,Dress,Clothing,South,Karnataka,2,1430.8,0.0,2861.6,1783.69,1077.91,Cash,2025,9,September,Q3,37.66808778305843
O04370,2026-03-13,C0705,Ravi Sharma,P5533,Shampoo,Beauty,South,Telangana,7,362.53,0.0,2537.71,1569.37,968.34,UPI,2026,3,March,Q1,38.15802436054553
O04371,2025-12-16,C0770,Meena Sharma,P1600,Office Chair,Furniture,South,Telangana,2,4877.04,0.15,8290.97,5024.18,3266.79,Credit Card,2025,12,December,Q4,39.40178290356858
O04372,2025-03-17,C0059,Rahul Verma,P1101,T-Shirt,Clothing,South,Kerala,3,1693.05,0.05,4825.19,3232.42,1592.77,Net Banking,2025,3,March,Q1,33.009477347006026
O04373,2025-01-27,C0628,Meena Rao,P7780,Vacuum Cleaner,Home & Kitchen,East,Jharkhand,6,11028.11,0.0,66168.66,43963.9,22204.76,Cash,2025,1,January,Q1,33.557820273223
O04374,2026-05-13,C0964,Arun Das,P7291,Jacket,Clothing,West,Madhya Pradesh,7,5888.97,0.2,32978.23,25388.13,7590.1,Net Banking,2026,5,May,Q2,23.015486276855974
O04375,2026-05-31,C0104,Rahul Singh,P2376,Dining Table,Furniture,North,Uttar Pradesh,2,8100.65,0.05,15391.23,9509.53,5881.7,Net Banking,2026,5,May,Q2,38.21461962429253
O04376,2025-07-27,C0429,Sneha Patel,P3727,Monitor,Electronics,North,Uttar Pradesh,3,21035.5,0.1,56795.85,40066.25,16729.6,Net Banking,2025,7,July,Q3,29.45567325781725
O04377,2025-12-24,C0335,Rahul Singh,P4636,Smartphone,Electronics,West,Madhya Pradesh,4,28278.64,0.0,113114.56,75857.61,37256.95,Net Banking,2025,12,December,Q4,32.93736014178899
O04378,2025-09-17,C0998,Rahul Nair,P9007,Jeans,Clothing,West,Gujarat,6,2367.02,0.05,13492.01,10223.03,3268.98,UPI,2025,9,September,Q3,24.22900664912048
O04379,2026-02-18,C1018,Rahul Rao,P0649,Sofa,Furniture,West,Madhya Pradesh,6,21615.43,0.05,123207.95,72909.06,50298.89,Debit Card,2026,2,February,Q1,40.82438673803111
O04380,2025-11-25,C0259,Divya Verma,P5533,Shampoo,Beauty,North,Punjab,1,336.11,0.05,319.3,258.34,60.96,Net Banking,2025,11,November,Q4,19.091763232070154
O04381,2025-10-05,C0252,Ananya Sharma,P8566,Dress,Clothing,North,Uttar Pradesh,6,4328.69,0.05,24673.53,19151.31,5522.22,Debit Card,2025,10,October,Q4,22.381150974343765
O04382,2025-09-16,C1136,Ananya Sharma,P1077,Skin Care Set,Beauty,South,Telangana,5,1530.98,0.15,6506.66,4970.01,1536.65,Debit Card,2025,9,September,Q3,23.61657132845423
O04383,2026-06-06,C0305,Meena Singh,P4870,Smartwatch,Electronics,North,Haryana,2,14368.87,0.1,25863.97,16368.74,9495.23,UPI,2026,6,June,Q2,36.71219074256582
O04384,2026-01-25,C0849,Rahul Kumar,P3727,Monitor,Electronics,West,Madhya Pradesh,5,17396.91,0.2,69587.64,53642.15,15945.49,Cash,2026,1,January,Q1,22.914256037422735
O04385,2025-09-11,C0925,Vijay Verma,P7291,Jacket,Clothing,North,Punjab,3,4277.1,0.0,12831.3,9529.28,3302.02,Net Banking,2025,9,September,Q3,25.73410332546196
O04386,2025-07-20,C0077,Meena Reddy,P3067,Cookware Set,Home & Kitchen,South,Telangana,5,3942.45,0.0,19712.25,15600.38,4111.87,Debit Card,2025,7,July,Q3,20.859465560755368
O04387,2026-02-02,C0654,Vijay Kumar,P9685,Laptop,Electronics,South,Tamil Nadu,4,80479.03,0.0,321916.12,232463.48,89452.64,Cash,2026,2,February,Q1,27.787561554854722
O04388,2025-11-04,C0491,Rahul Reddy,P2376,Dining Table,Furniture,North,Uttar Pradesh,7,29420.85,0.05,195648.65,140978.73,54669.92,UPI,2025,11,November,Q4,27.942906838355384
O04389,2026-04-09,C0828,Divya Das,P4333,Desk,Furniture,North,Punjab,2,6692.59,0.0,13385.18,8630.02,4755.16,Cash,2026,4,April,Q2,35.52555886435595
O04390,2025-11-18,C0188,Vijay Verma,P1077,Skin Care Set,Beauty,East,Odisha,5,4840.28,0.0,24201.4,15971.95,8229.45,Cash,2025,11,November,Q4,34.00402456056261
O04391,2026-03-22,C0584,Rahul Singh,P0649,Sofa,Furniture,North,Delhi,1,47520.48,0.15,40392.41,27295.54,13096.87,Credit Card,2026,3,March,Q1,32.42408660438929
O04392,2026-05-30,C0667,Arun Nair,P3067,Cookware Set,Home & Kitchen,South,Tamil Nadu,2,3916.62,0.1,7049.92,5250.2,1799.72,Net Banking,2026,5,May,Q2,25.52823294448731
O04393,2026-03-12,C0486,Ananya Sharma,P5057,Headphones,Electronics,South,Kerala,7,6603.0,0.1,41598.9,29238.14,12360.76,Net Banking,2026,3,March,Q1,29.714151095341464
O04394,2025-09-17,C0402,Karthik Singh,P2376,Dining Table,Furniture,South,Telangana,6,10365.86,0.0,62195.16,40854.85,21340.31,Credit Card,2025,9,September,Q3,34.31184998961334
O04395,2026-02-27,C0849,Vijay Singh,P7050,Makeup Kit,Beauty,North,Delhi,2,2894.07,0.05,5498.73,3638.61,1860.12,Debit Card,2026,2,February,Q1,33.82817486946986
O04396,2026-06-03,C0337,Karthik Das,P5057,Headphones,Electronics,South,Andhra Pradesh,1,9876.03,0.1,8888.43,6114.17,2774.26,Credit Card,2026,6,June,Q2,31.21203632137509
O04397,2025-06-19,C0947,Ravi Kumar,P4870,Smartwatch,Electronics,South,Telangana,1,5835.49,0.05,5543.72,4108.46,1435.26,Debit Card,2025,6,June,Q2,25.889835705988034
O04398,2025-04-05,C0037,Meena Rao,P9685,Laptop,Electronics,North,Punjab,3,57679.8,0.05,164387.43,134589.55,29797.88,Net Banking,2025,4,April,Q2,18.126617102049714
O04399,2026-02-12,C0149,Karthik Reddy,P7087,Tablet,Electronics,South,Andhra Pradesh,7,33112.56,0.1,208609.13,127437.68,81171.45,Debit Card,2026,2,February,Q1,38.910784968999195
O04400,2025-02-20,C0826,Vijay Reddy,P1600,Office Chair,Furniture,South,Tamil Nadu,6,14718.6,0.0,88311.6,56695.62,31615.98,Credit Card,2025,2,February,Q1,35.80048374166021
O04401,2025-09-10,C0842,Meena Sharma,P3067,Cookware Set,Home & Kitchen,West,Maharashtra,7,7791.31,0.15,46358.29,34568.0,11790.29,Debit Card,2025,9,September,Q3,25.432970025425877
O04402,2025-12-11,C0717,Rahul Iyer,P6993,Air Fryer,Home & Kitchen,South,Karnataka,4,4052.09,0.1,14587.52,9464.62,5122.9,Debit Card,2025,12,December,Q4,35.118375159040056
O04403,2025-01-18,C1059,Rahul Das,P0649,Sofa,Furniture,North,Rajasthan,5,32131.73,0.0,160658.65,103286.97,57371.68,Cash,2025,1,January,Q1,35.71029633325065
O04404,2025-03-18,C0670,Ananya Sharma,P6547,Shoes,Clothing,South,Kerala,7,2964.15,0.15,17636.69,12034.33,5602.36,Cash,2025,3,March,Q1,31.765370939785186
O04405,2025-06-04,C0160,Rahul Nair,P1101,T-Shirt,Clothing,South,Telangana,2,554.49,0.05,1053.53,751.6,301.93,Debit Card,2025,6,June,Q2,28.65888963769423
O04406,2025-05-01,C0381,Meena Reddy,P3727,Monitor,Electronics,North,Punjab,2,22435.14,0.15,38139.74,31057.28,7082.46,UPI,2025,5,May,Q2,18.569764765045594
O04407,2025-08-07,C0795,Ravi Nair,P9667,Mixer Grinder,Home & Kitchen,West,Goa,4,6730.94,0.0,26923.76,19884.86,7038.9,Credit Card,2025,8,August,Q3,26.143822408162904
O04408,2025-12-31,C0135,Priya Iyer,P6993,Air Fryer,Home & Kitchen,East,Odisha,5,4266.54,0.0,21332.7,13736.36,7596.34,Credit Card,2025,12,December,Q4,35.60890088924515
O04409,2026-02-13,C0165,Meena Das,P6266,Bookshelf,Furniture,North,Rajasthan,7,11471.45,0.15,68255.13,50317.78,17937.35,Net Banking,2026,2,February,Q1,26.279856180773514
O04410,2025-10-12,C0115,Divya Kumar,P5057,Headphones,Electronics,South,Karnataka,4,9435.11,0.05,35853.42,25162.17,10691.25,Cash,2025,10,October,Q4,29.81933104289633
O04411,2025-11-11,C0481,Sneha Reddy,P9007,Jeans,Clothing,South,Karnataka,4,2447.24,0.15,8320.62,5967.28,2353.34,Cash,2025,11,November,Q4,28.283228894000683
O04412,2025-02-01,C0603,Ravi Iyer,P0790,Face Cream,Beauty,East,Bihar,2,1364.55,0.05,2592.64,1504.36,1088.28,Cash,2025,2,February,Q1,41.97574672920267
O04413,2025-01-09,C0167,Priya Kumar,P9685,Laptop,Electronics,South,Andhra Pradesh,3,62949.93,0.05,179407.3,124038.09,55369.21,Net Banking,2025,1,January,Q1,30.8622949010436
O04414,2025-02-17,C0014,Divya Singh,P0790,Face Cream,Beauty,East,West Bengal,5,1609.06,0.1,7240.77,4986.21,2254.56,UPI,2025,2,February,Q1,31.137019957822165
O04415,2025-02-21,C0172,Karthik Nair,P6547,Shoes,Clothing,South,Telangana,1,5176.64,0.05,4917.81,3394.84,1522.97,Cash,2025,2,February,Q1,30.96845953788373
O04416,2026-06-17,C1166,Karthik Singh,P7087,Tablet,Electronics,West,Maharashtra,6,16918.19,0.15,86282.77,52210.31,34072.46,Credit Card,2026,6,June,Q2,39.48929780534398
O04417,2025-08-10,C0670,Sneha Das,P1796,Mouse,Electronics,South,Tamil Nadu,4,477.53,0.1,1719.11,1081.25,637.86,Net Banking,2025,8,August,Q3,37.104082926630646
O04418,2025-08-25,C1090,Divya Sharma,P6266,Bookshelf,Furniture,South,Telangana,5,8374.87,0.1,37686.92,30627.71,7059.21,Net Banking,2025,8,August,Q3,18.731193740427717
O04419,2026-06-30,C0480,Meena Kumar,P2376,Dining Table,Furniture,North,Haryana,7,9852.95,0.1,62073.59,41118.3,20955.29,Cash,2026,6,June,Q2,33.75878533849903
O04420,2025-02-28,C1048,Priya Verma,P3727,Monitor,Electronics,North,Punjab,7,11706.93,0.0,81948.51,55090.6,26857.91,Net Banking,2025,2,February,Q1,32.774128535100886
O04421,2026-04-06,C0943,Sneha Iyer,P4636,Smartphone,Electronics,West,Madhya Pradesh,6,19762.96,0.05,112648.87,75467.81,37181.06,Credit Card,2026,4,April,Q2,33.00615443368407
O04422,2025-05-27,C0710,Rahul Das,P6547,Shoes,Clothing,East,Jharkhand,1,5973.57,0.1,5376.21,3184.63,2191.58,Credit Card,2025,5,May,Q2,40.764404664252325
O04423,2025-11-22,C0747,Priya Das,P6266,Bookshelf,Furniture,South,Tamil Nadu,3,6159.49,0.15,15706.7,11628.63,4078.07,Debit Card,2025,11,November,Q4,25.96388802230895
O04424,2026-06-17,C1098,Divya Das,P4636,Smartphone,Electronics,North,Haryana,5,54052.99,0.0,270264.95,179624.53,90640.42,Cash,2026,6,June,Q2,33.53761558796285
O04425,2026-05-15,C1165,Rahul Nair,P3693,Keyboard,Electronics,West,Madhya Pradesh,6,3224.69,0.05,18380.73,14769.23,3611.5,Net Banking,2026,5,May,Q2,19.64829470864324
O04426,2025-10-31,C0272,Vijay Das,P5533,Shampoo,Beauty,West,Madhya Pradesh,2,1052.42,0.15,1789.11,1171.36,617.75,Credit Card,2025,10,October,Q4,34.52834090693138
O04427,2026-01-29,C0001,Meena Kumar,P2376,Dining Table,Furniture,South,Telangana,6,24961.42,0.1,134791.67,102596.51,32195.16,Credit Card,2026,1,January,Q1,23.885125839007703
O04428,2025-10-03,C0312,Priya Kumar,P1101,T-Shirt,Clothing,West,Gujarat,2,658.73,0.1,1185.71,773.1,412.61,Cash,2025,10,October,Q4,34.79855951286571
O04429,2025-01-17,C0681,Ananya Reddy,P0899,Perfume,Beauty,West,Gujarat,1,1262.29,0.05,1199.18,906.24,292.94,Debit Card,2025,1,January,Q1,24.42835937890892
O04430,2026-05-28,C0864,Meena Sharma,P1077,Skin Care Set,Beauty,West,Maharashtra,4,2922.9,0.05,11107.02,6565.59,4541.43,Debit Card,2026,5,May,Q2,40.88792493396068
O04431,2025-11-09,C0555,Priya Sharma,P9667,Mixer Grinder,Home & Kitchen,East,West Bengal,2,4708.46,0.1,8475.23,6902.22,1573.01,UPI,2025,11,November,Q4,18.56008627494475
O04432,2025-03-24,C0790,Vijay Reddy,P4333,Desk,Furniture,West,Gujarat,1,20892.83,0.0,20892.83,12803.58,8089.25,UPI,2025,3,March,Q1,38.717828077862116
O04433,2026-01-04,C1098,Arun Nair,P0899,Perfume,Beauty,West,Madhya Pradesh,3,3171.72,0.1,8563.64,6051.82,2511.82,Net Banking,2026,1,January,Q1,29.331218967635266
O04434,2025-09-30,C0097,Priya Verma,P1077,Skin Care Set,Beauty,East,Odisha,1,1947.97,0.0,1947.97,1344.38,603.59,Net Banking,2025,9,September,Q3,30.98559012715802
O04435,2025-06-19,C0708,Ravi Nair,P4333,Desk,Furniture,South,Karnataka,3,23436.79,0.05,66794.85,39355.08,27439.77,Net Banking,2025,6,June,Q2,41.080667147242636
O04436,2026-06-30,C1120,Meena Patel,P5057,Headphones,Electronics,North,Haryana,7,1572.91,0.1,9909.33,6522.11,3387.22,Debit Card,2026,6,June,Q2,34.18212936697032
O04437,2025-09-26,C1101,Ravi Reddy,P4636,Smartphone,Electronics,South,Tamil Nadu,3,48264.79,0.0,144794.37,91384.59,53409.78,Cash,2025,9,September,Q3,36.88664137977188
O04438,2025-02-26,C0401,Sneha Nair,P6547,Shoes,Clothing,North,Delhi,5,2089.44,0.05,9924.84,7254.4,2670.44,Debit Card,2025,2,February,Q1,26.906630232829947
O04439,2025-12-08,C0449,Rahul Iyer,P6547,Shoes,Clothing,West,Madhya Pradesh,6,5531.01,0.1,29867.45,20409.23,9458.22,Cash,2025,12,December,Q4,31.667316761223336
O04440,2025-11-27,C0223,Priya Nair,P5057,Headphones,Electronics,East,Jharkhand,6,8843.7,0.2,42449.76,30044.74,12405.02,Net Banking,2025,11,November,Q4,29.222827172638905
O04441,2026-04-09,C0695,Rahul Nair,P3067,Cookware Set,Home & Kitchen,North,Uttar Pradesh,6,5774.77,0.0,34648.62,25857.1,8791.52,Debit Card,2026,4,April,Q2,25.373362633201552
O04442,2025-01-24,C0436,Karthik Reddy,P7050,Makeup Kit,Beauty,South,Karnataka,1,1583.34,0.0,1583.34,1093.33,490.01,Debit Card,2025,1,January,Q1,30.94786969318024
O04443,2025-09-01,C0320,Vijay Verma,P0649,Sofa,Furniture,North,Delhi,1,44913.0,0.0,44913.0,31399.29,13513.71,Debit Card,2025,9,September,Q3,30.08863803353149
O04444,2025-08-26,C0462,Vijay Das,P1077,Skin Care Set,Beauty,South,Andhra Pradesh,7,3256.48,0.0,22795.36,13413.86,9381.5,Credit Card,2025,8,August,Q3,41.15530529019941
O04445,2026-05-09,C0536,Divya Patel,P3693,Keyboard,Electronics,East,West Bengal,3,3492.88,0.05,9954.71,7236.59,2718.12,UPI,2026,5,May,Q2,27.304863727823314
O04446,2025-03-25,C0307,Rahul Kumar,P4636,Smartphone,Electronics,North,Uttar Pradesh,5,23199.07,0.05,110195.58,90305.71,19889.87,Cash,2025,3,March,Q1,18.049607797336336
O04447,2025-09-22,C1177,Sneha Patel,P6547,Shoes,Clothing,South,Telangana,2,2851.69,0.0,5703.38,3440.86,2262.52,Net Banking,2025,9,September,Q3,39.669809832064495
O04448,2026-04-30,C0338,Rahul Sharma,P9667,Mixer Grinder,Home & Kitchen,South,Andhra Pradesh,3,2551.86,0.2,6124.46,3649.66,2474.8,Net Banking,2026,4,April,Q2,40.40846050100744
O04449,2026-06-01,C0026,Vijay Sharma,P8699,Coffee Maker,Home & Kitchen,East,West Bengal,4,3593.92,0.0,14375.68,9209.99,5165.69,UPI,2026,6,June,Q2,35.93353497017184
O04450,2025-09-03,C0626,Divya Das,P8699,Coffee Maker,Home & Kitchen,West,Maharashtra,6,4068.01,0.0,24408.06,19040.96,5367.1,Credit Card,2025,9,September,Q3,21.989047880085515
O04451,2025-08-28,C0260,Rahul Reddy,P5057,Headphones,Electronics,South,Karnataka,4,2650.51,0.05,10071.94,8173.32,1898.62,Credit Card,2025,8,August,Q3,18.85058886371444
O04452,2025-11-30,C0731,Sneha Sharma,P1101,T-Shirt,Clothing,West,Maharashtra,4,816.11,0.2,2611.55,1905.22,706.33,Net Banking,2025,11,November,Q4,27.046390074859755
O04453,2025-10-28,C0158,Meena Kumar,P2376,Dining Table,Furniture,South,Tamil Nadu,2,21406.32,0.15,36390.74,24066.8,12323.94,Debit Card,2025,10,October,Q4,33.865593280048714
O04454,2025-07-31,C0631,Karthik Rao,P9685,Laptop,Electronics,South,Andhra Pradesh,3,61202.82,0.05,174428.04,105668.83,68759.21,Cash,2025,7,July,Q3,39.4198146123754
O04455,2025-08-06,C0876,Ravi Reddy,P3693,Keyboard,Electronics,West,Maharashtra,4,3755.21,0.05,14269.8,11212.86,3056.94,Debit Card,2025,8,August,Q3,21.422444603288067
O04456,2025-07-28,C0107,Sneha Reddy,P4333,Desk,Furniture,North,Delhi,6,19325.55,0.05,110155.63,71290.7,38864.93,Credit Card,2025,7,July,Q3,35.281837160751564
O04457,2025-08-29,C0459,Vijay Reddy,P1600,Office Chair,Furniture,South,Andhra Pradesh,5,7499.46,0.1,33747.57,23393.68,10353.89,Credit Card,2025,8,August,Q3,30.680401581506462
O04458,2025-12-14,C0406,Priya Reddy,P1600,Office Chair,Furniture,West,Maharashtra,6,12097.87,0.1,65328.5,52441.33,12887.17,Credit Card,2025,12,December,Q4,19.726719578744344
O04459,2025-02-14,C0764,Vijay Iyer,P1077,Skin Care Set,Beauty,East,Bihar,5,2487.44,0.05,11815.34,8181.1,3634.24,Credit Card,2025,2,February,Q1,30.758657812640177
O04460,2026-05-24,C0140,Rahul Reddy,P7087,Tablet,Electronics,West,Madhya Pradesh,1,23690.59,0.1,21321.53,15878.16,5443.37,Debit Card,2026,5,May,Q2,25.529922102213114
O04461,2025-06-04,C0332,Sneha Nair,P7087,Tablet,Electronics,South,Kerala,6,29499.79,0.0,176998.74,128744.0,48254.74,Credit Card,2025,6,June,Q2,27.262759045629366
O04462,2025-01-06,C0579,Sneha Sharma,P5057,Headphones,Electronics,South,Tamil Nadu,7,8637.62,0.15,51393.84,34407.86,16985.98,Debit Card,2025,1,January,Q1,33.05061462618867
O04463,2025-12-24,C0689,Divya Kumar,P4636,Smartphone,Electronics,South,Tamil Nadu,1,40841.54,0.15,34715.31,25757.53,8957.78,Net Banking,2025,12,December,Q4,25.803543162944536
O04464,2025-12-26,C0612,Ravi Das,P3067,Cookware Set,Home & Kitchen,West,Maharashtra,7,1845.94,0.0,12921.58,10478.33,2443.25,UPI,2025,12,December,Q4,18.908291400896797
O04465,2025-10-16,C0016,Sneha Kumar,P4333,Desk,Furniture,South,Andhra Pradesh,5,11221.05,0.1,50494.72,37987.01,12507.71,Debit Card,2025,10,October,Q4,24.770332422875104
O04466,2025-01-17,C0028,Ravi Verma,P5057,Headphones,Electronics,South,Andhra Pradesh,7,5999.39,0.05,39895.94,31997.41,7898.53,Cash,2025,1,January,Q1,19.797829052279504
O04467,2025-12-02,C0114,Vijay Nair,P1077,Skin Care Set,Beauty,South,Karnataka,1,2398.7,0.1,2158.83,1526.47,632.36,Debit Card,2025,12,December,Q4,29.29179231342903
O04468,2025-10-30,C0218,Sneha Das,P9667,Mixer Grinder,Home & Kitchen,West,Madhya Pradesh,4,4617.16,0.1,16621.78,12993.02,3628.76,Debit Card,2025,10,October,Q4,21.831356208540846
O04469,2025-10-31,C0870,Meena Rao,P8566,Dress,Clothing,South,Andhra Pradesh,2,4876.94,0.1,8778.49,6718.36,2060.13,Credit Card,2025,10,October,Q4,23.46793127291824
O04470,2026-06-21,C0627,Ananya Reddy,P7050,Makeup Kit,Beauty,East,Jharkhand,6,1274.0,0.1,6879.6,5010.43,1869.17,Net Banking,2026,6,June,Q2,27.169748241176812
O04471,2025-06-05,C0471,Sneha Singh,P3693,Keyboard,Electronics,North,Uttar Pradesh,2,1987.76,0.0,3975.52,3094.65,880.87,Cash,2025,6,June,Q2,22.157353000362217
O04472,2026-03-12,C0743,Vijay Kumar,P1796,Mouse,Electronics,South,Karnataka,2,1646.95,0.05,3129.2,2099.28,1029.92,Net Banking,2026,3,March,Q1,32.91320465294644
O04473,2025-07-12,C0001,Rahul Verma,P6547,Shoes,Clothing,North,Uttar Pradesh,2,3631.05,0.1,6535.89,4838.26,1697.63,Credit Card,2025,7,July,Q3,25.97396835014053
O04474,2025-11-20,C0014,Meena Reddy,P9007,Jeans,Clothing,South,Telangana,6,2575.52,0.1,13907.81,11327.68,2580.13,Debit Card,2025,11,November,Q4,18.55166269887207
O04475,2025-03-21,C0504,Sneha Sharma,P5533,Shampoo,Beauty,East,Odisha,7,939.06,0.15,5587.41,3294.08,2293.33,Net Banking,2025,3,March,Q1,41.044598481228334
O04476,2026-01-30,C0842,Ananya Kumar,P7087,Tablet,Electronics,East,Jharkhand,7,32728.29,0.1,206188.23,134066.7,72121.53,Net Banking,2026,1,January,Q1,34.978490285308716
O04477,2026-03-21,C0358,Sneha Nair,P9007,Jeans,Clothing,North,Rajasthan,6,1227.38,0.2,5891.42,4720.34,1171.08,Net Banking,2026,3,March,Q1,19.877720481649582
O04478,2025-10-05,C0857,Karthik Patel,P1796,Mouse,Electronics,South,Kerala,1,1044.6,0.0,1044.6,785.4,259.2,Net Banking,2025,10,October,Q4,24.813325674899485
O04479,2025-01-23,C0881,Priya Patel,P4333,Desk,Furniture,South,Tamil Nadu,2,20003.18,0.15,34005.41,27258.8,6746.61,Net Banking,2025,1,January,Q1,19.839813723757484
O04480,2025-01-15,C1098,Rahul Das,P7291,Jacket,Clothing,West,Goa,1,6904.58,0.0,6904.58,4163.86,2740.72,UPI,2025,1,January,Q1,39.6942319445933
O04481,2026-01-09,C0739,Ananya Nair,P3693,Keyboard,Electronics,North,Rajasthan,4,3629.64,0.05,13792.63,11097.02,2695.61,UPI,2026,1,January,Q1,19.543843342422733
O04482,2025-06-19,C0594,Arun Singh,P3727,Monitor,Electronics,North,Rajasthan,3,22494.6,0.0,67483.8,48938.82,18544.98,Credit Card,2025,6,June,Q2,27.48063979799596
O04483,2025-08-21,C0248,Priya Rao,P1101,T-Shirt,Clothing,South,Karnataka,2,359.13,0.1,646.43,417.54,228.89,Credit Card,2025,8,August,Q3,35.408319539625325
O04484,2025-12-05,C0094,Meena Patel,P7291,Jacket,Clothing,North,Punjab,4,3192.5,0.05,12131.5,7360.29,4771.21,Net Banking,2025,12,December,Q4,39.32910192474138
O04485,2026-06-21,C0849,Karthik Iyer,P0649,Sofa,Furniture,South,Tamil Nadu,2,46673.18,0.0,93346.36,69220.4,24125.96,UPI,2026,6,June,Q2,25.845635544867523
O04486,2026-02-15,C0568,Priya Nair,P6547,Shoes,Clothing,South,Andhra Pradesh,5,5476.65,0.0,27383.25,17383.58,9999.67,UPI,2026,2,February,Q1,36.51746962102745
O04487,2026-05-04,C0107,Meena Sharma,P1101,T-Shirt,Clothing,North,Rajasthan,7,493.09,0.0,3451.63,2618.07,833.56,Net Banking,2026,5,May,Q2,24.149749538623777
O04488,2025-05-04,C0482,Ananya Das,P5057,Headphones,Electronics,South,Telangana,3,10101.29,0.1,27273.48,21726.69,5546.79,Credit Card,2025,5,May,Q2,20.33766868034442
O04489,2025-03-28,C1066,Ananya Kumar,P5057,Headphones,Electronics,West,Gujarat,3,10403.83,0.0,31211.49,18380.03,12831.46,Debit Card,2025,3,March,Q1,41.111334319508614
O04490,2025-07-08,C0133,Rahul Iyer,P4636,Smartphone,Electronics,West,Gujarat,7,44891.56,0.0,314240.92,236437.19,77803.73,Debit Card,2025,7,July,Q3,24.759261142692683
O04491,2026-06-24,C0254,Ravi Verma,P4333,Desk,Furniture,South,Karnataka,3,18120.61,0.1,48925.65,31788.34,17137.31,UPI,2026,6,June,Q2,35.027250532185064
O04492,2025-04-19,C0278,Karthik Das,P1796,Mouse,Electronics,North,Uttar Pradesh,3,2958.78,0.1,7988.71,5911.57,2077.14,Cash,2025,4,April,Q2,26.000943831982887
O04493,2026-06-04,C0745,Arun Patel,P1101,T-Shirt,Clothing,North,Punjab,6,512.82,0.1,2769.23,1960.42,808.81,Credit Card,2026,6,June,Q2,29.2070358908433
O04494,2025-06-10,C0412,Meena Sharma,P4636,Smartphone,Electronics,West,Maharashtra,7,53202.77,0.1,335177.45,263720.84,71456.61,UPI,2025,6,June,Q2,21.31903861670885
O04495,2025-12-20,C1124,Karthik Sharma,P9007,Jeans,Clothing,West,Maharashtra,2,2305.06,0.0,4610.12,3691.23,918.89,Cash,2025,12,December,Q4,19.932019123146468
O04496,2025-03-18,C0812,Ananya Das,P6547,Shoes,Clothing,West,Goa,5,1692.14,0.05,8037.66,5336.41,2701.25,Cash,2025,3,March,Q1,33.607418079391266
O04497,2025-07-03,C0601,Ravi Rao,P7780,Vacuum Cleaner,Home & Kitchen,West,Madhya Pradesh,4,12688.45,0.1,45678.42,35799.98,9878.44,Debit Card,2025,7,July,Q3,21.62605449137689
O04498,2025-06-06,C0019,Rahul Rao,P1077,Skin Care Set,Beauty,West,Goa,4,2298.44,0.1,8274.38,5653.66,2620.72,UPI,2025,6,June,Q2,31.67270538698972
O04499,2025-09-14,C0964,Sneha Iyer,P7087,Tablet,Electronics,North,Delhi,4,29433.81,0.1,105961.72,85297.1,20664.62,Cash,2025,9,September,Q3,19.501967314233855
O04500,2025-03-19,C0516,Divya Iyer,P9685,Laptop,Electronics,West,Madhya Pradesh,1,64981.5,0.0,64981.5,49528.91,15452.59,Cash,2025,3,March,Q1,23.779983533775
O04501,2025-04-29,C0766,Vijay Verma,P9667,Mixer Grinder,Home & Kitchen,East,Odisha,3,5618.29,0.05,16012.13,10041.74,5970.39,UPI,2025,4,April,Q2,37.28666954365222
O04502,2026-03-18,C0816,Ananya Nair,P3727,Monitor,Electronics,South,Karnataka,5,25673.69,0.05,121950.03,76432.92,45517.11,Cash,2026,3,March,Q1,37.32439426214164
O04503,2026-01-17,C0222,Karthik Iyer,P7291,Jacket,Clothing,South,Karnataka,4,2555.53,0.0,10222.12,6603.9,3618.22,Net Banking,2026,1,January,Q1,35.39598439462655
O04504,2025-07-20,C0345,Arun Sharma,P5533,Shampoo,Beauty,South,Karnataka,5,970.23,0.05,4608.59,3257.91,1350.68,Net Banking,2025,7,July,Q3,29.307879416480965
O04505,2025-04-05,C0258,Divya Das,P3067,Cookware Set,Home & Kitchen,East,Odisha,4,7276.39,0.0,29105.56,18385.07,10720.49,Cash,2025,4,April,Q2,36.833134287744336
O04506,2025-03-08,C0519,Divya Kumar,P8699,Coffee Maker,Home & Kitchen,South,Andhra Pradesh,1,9595.51,0.1,8635.96,6214.88,2421.08,UPI,2025,3,March,Q1,28.034868155943286
O04507,2025-05-21,C1012,Rahul Sharma,P6547,Shoes,Clothing,South,Kerala,6,5336.59,0.1,28817.59,21515.43,7302.16,Net Banking,2025,5,May,Q2,25.339245925839045
O04508,2025-10-20,C0136,Sneha Kumar,P9685,Laptop,Electronics,South,Telangana,7,81611.08,0.15,485585.93,366732.29,118853.64,UPI,2025,10,October,Q4,24.476335218361868
O04509,2025-07-22,C0131,Rahul Singh,P0899,Perfume,Beauty,South,Andhra Pradesh,6,3520.73,0.1,19011.94,12970.15,6041.79,UPI,2025,7,July,Q3,31.778924191849967
O04510,2026-05-28,C1188,Meena Patel,P7087,Tablet,Electronics,South,Kerala,2,22701.17,0.15,38591.99,27556.02,11035.97,Net Banking,2026,5,May,Q2,28.59653000531976
O04511,2026-04-19,C0613,Sneha Iyer,P0649,Sofa,Furniture,South,Andhra Pradesh,3,16519.0,0.1,44601.3,32158.72,12442.58,Debit Card,2026,4,April,Q2,27.897348283570206
O04512,2025-07-16,C0514,Arun Singh,P5057,Headphones,Electronics,West,Madhya Pradesh,5,8716.97,0.05,41405.61,24029.99,17375.62,Credit Card,2025,7,July,Q3,41.964410136694035
O04513,2025-04-07,C0280,Ananya Rao,P6266,Bookshelf,Furniture,North,Rajasthan,4,11575.62,0.1,41672.23,34160.28,7511.95,Cash,2025,4,April,Q2,18.02627313201141
O04514,2025-08-16,C0654,Sneha Verma,P7087,Tablet,Electronics,West,Maharashtra,7,16987.87,0.15,101077.83,81940.51,19137.32,Credit Card,2025,8,August,Q3,18.933251732847843
O04515,2026-03-08,C0767,Karthik Patel,P0649,Sofa,Furniture,East,Jharkhand,1,39082.42,0.0,39082.42,31363.1,7719.32,Debit Card,2026,3,March,Q1,19.751386940726803
O04516,2025-03-10,C0985,Rahul Nair,P5533,Shampoo,Beauty,East,West Bengal,6,782.03,0.1,4222.96,2606.33,1616.63,Debit Card,2025,3,March,Q1,38.28191600204596
O04517,2025-07-16,C0054,Karthik Singh,P1101,T-Shirt,Clothing,West,Madhya Pradesh,2,1494.13,0.05,2838.85,2041.7,797.15,Net Banking,2025,7,July,Q3,28.080032407488947
O04518,2025-12-23,C0703,Ananya Iyer,P4333,Desk,Furniture,North,Uttar Pradesh,3,16030.94,0.1,43283.54,31692.07,11591.47,Credit Card,2025,12,December,Q4,26.780318800172072
O04519,2025-02-28,C0196,Sneha Verma,P3693,Keyboard,Electronics,West,Goa,2,2773.13,0.0,5546.26,4498.35,1047.91,UPI,2025,2,February,Q1,18.893993429806756
O04520,2025-10-10,C0992,Karthik Das,P8699,Coffee Maker,Home & Kitchen,North,Haryana,3,7998.7,0.0,23996.1,16839.11,7156.99,Net Banking,2025,10,October,Q4,29.825638332895764
O04521,2025-02-26,C0467,Divya Das,P7087,Tablet,Electronics,South,Kerala,7,36427.68,0.1,229494.38,181782.39,47711.99,Net Banking,2025,2,February,Q1,20.79004723340066
O04522,2026-02-18,C0205,Meena Iyer,P7291,Jacket,Clothing,South,Andhra Pradesh,6,5585.73,0.15,28487.22,19947.51,8539.71,Credit Card,2026,2,February,Q1,29.977337205947087
O04523,2025-12-22,C1101,Vijay Kumar,P3067,Cookware Set,Home & Kitchen,South,Karnataka,7,3057.87,0.0,21405.09,13951.01,7454.08,Credit Card,2025,12,December,Q4,34.823866659752426
O04524,2025-01-13,C1045,Vijay Rao,P4870,Smartwatch,Electronics,South,Telangana,7,7378.07,0.1,46481.84,32193.86,14287.98,UPI,2025,1,January,Q1,30.7388433848574
O04525,2025-01-31,C0905,Sneha Kumar,P7050,Makeup Kit,Beauty,South,Karnataka,5,3429.28,0.0,17146.4,11432.75,5713.65,Net Banking,2025,1,January,Q1,33.322738300751176
O04526,2025-06-02,C0925,Priya Singh,P3067,Cookware Set,Home & Kitchen,South,Telangana,4,3024.38,0.0,12097.52,7280.33,4817.19,Debit Card,2025,6,June,Q2,39.819648985907854
O04527,2025-11-25,C0344,Sneha Sharma,P1600,Office Chair,Furniture,South,Karnataka,3,9371.93,0.05,26710.0,18707.05,8002.95,Credit Card,2025,11,November,Q4,29.962373642830396
O04528,2025-12-02,C0733,Karthik Rao,P7291,Jacket,Clothing,East,Jharkhand,2,6437.92,0.15,10944.46,6936.91,4007.55,Cash,2025,12,December,Q4,36.617156077138574
O04529,2025-03-30,C0692,Meena Patel,P7780,Vacuum Cleaner,Home & Kitchen,East,West Bengal,2,5323.0,0.0,10646.0,8583.3,2062.7,Cash,2025,3,March,Q1,19.375352244974636
O04530,2025-01-30,C0285,Karthik Nair,P2376,Dining Table,Furniture,South,Telangana,5,27433.65,0.15,116593.01,71662.99,44930.02,Credit Card,2025,1,January,Q1,38.53577500057679
O04531,2025-05-17,C0406,Arun Verma,P9007,Jeans,Clothing,North,Rajasthan,6,2113.5,0.05,12046.95,7926.25,4120.7,Net Banking,2025,5,May,Q2,34.205338280643645
O04532,2025-05-10,C1038,Arun Nair,P4870,Smartwatch,Electronics,North,Delhi,1,8714.2,0.05,8278.49,6017.46,2261.03,Net Banking,2025,5,May,Q2,27.312106434869165
O04533,2025-01-02,C0121,Ravi Verma,P8566,Dress,Clothing,North,Delhi,1,1208.76,0.1,1087.88,740.06,347.82,Net Banking,2025,1,January,Q1,31.972276354009633
O04534,2026-02-05,C0755,Meena Patel,P9685,Laptop,Electronics,South,Tamil Nadu,4,56638.49,0.05,215226.26,127126.97,88099.29,Debit Card,2026,2,February,Q1,40.933336852110884
O04535,2025-09-07,C0387,Sneha Verma,P9667,Mixer Grinder,Home & Kitchen,South,Kerala,4,7236.6,0.0,28946.4,21540.22,7406.18,Credit Card,2025,9,September,Q3,25.58584141724014
O04536,2025-05-29,C0183,Divya Rao,P9685,Laptop,Electronics,West,Goa,6,56588.46,0.1,305577.68,187505.74,118071.94,Net Banking,2025,5,May,Q2,38.63892807877853
O04537,2025-04-08,C0927,Meena Iyer,P1101,T-Shirt,Clothing,North,Rajasthan,3,1570.63,0.1,4240.7,2966.77,1273.93,Net Banking,2025,4,April,Q2,30.040559341618135
O04538,2026-03-07,C0459,Priya Iyer,P2376,Dining Table,Furniture,West,Goa,2,23302.0,0.0,46604.0,35959.45,10644.55,Credit Card,2026,3,March,Q1,22.840421423053815
O04539,2025-01-29,C0416,Rahul Singh,P4870,Smartwatch,Electronics,South,Kerala,1,9241.74,0.0,9241.74,5717.1,3524.64,Cash,2025,1,January,Q1,38.13827266294009
O04540,2025-08-21,C0053,Arun Kumar,P4870,Smartwatch,Electronics,South,Tamil Nadu,7,6605.35,0.0,46237.45,28033.38,18204.07,Credit Card,2025,8,August,Q3,39.370834680545755
O04541,2025-02-08,C0938,Divya Kumar,P4636,Smartphone,Electronics,East,Bihar,3,47076.59,0.0,141229.77,90613.02,50616.75,Cash,2025,2,February,Q1,35.840000305884516
O04542,2025-12-28,C0257,Ananya Sharma,P6266,Bookshelf,Furniture,South,Andhra Pradesh,4,5212.46,0.15,17722.36,12788.6,4933.76,Debit Card,2025,12,December,Q4,27.839181689120412
O04543,2025-02-26,C0498,Ravi Reddy,P8566,Dress,Clothing,West,Madhya Pradesh,4,2840.9,0.15,9659.06,7752.23,1906.83,UPI,2025,2,February,Q1,19.7413619958878
O04544,2026-03-29,C0514,Rahul Verma,P1600,Office Chair,Furniture,South,Tamil Nadu,7,14778.33,0.2,82758.65,51079.86,31678.79,Cash,2026,3,March,Q1,38.27852435968929
O04545,2026-05-11,C0985,Rahul Das,P4636,Smartphone,Electronics,West,Gujarat,7,64026.0,0.05,425772.9,300338.92,125433.98,Credit Card,2026,5,May,Q2,29.460301489362053
O04546,2025-02-28,C0920,Vijay Patel,P0790,Face Cream,Beauty,West,Gujarat,1,1580.52,0.15,1343.44,1016.39,327.05,Cash,2025,2,February,Q1,24.344220806288334
O04547,2025-07-16,C0754,Priya Nair,P5533,Shampoo,Beauty,West,Goa,5,405.54,0.0,2027.7,1457.96,569.74,Net Banking,2025,7,July,Q3,28.09784484884352
O04548,2026-03-03,C0032,Priya Patel,P7291,Jacket,Clothing,South,Andhra Pradesh,4,4699.02,0.0,18796.08,13677.58,5118.5,Debit Card,2026,3,March,Q1,27.23174193768062
O04549,2025-07-29,C0600,Karthik Kumar,P6547,Shoes,Clothing,North,Haryana,6,4518.11,0.0,27108.66,20364.85,6743.81,Debit Card,2025,7,July,Q3,24.87695813810052
O04550,2026-06-21,C0534,Vijay Singh,P6547,Shoes,Clothing,South,Karnataka,7,1292.78,0.05,8596.99,5068.21,3528.78,Net Banking,2026,6,June,Q2,41.0466919235686
O04551,2025-08-08,C0923,Karthik Patel,P6266,Bookshelf,Furniture,West,Goa,5,5361.79,0.15,22787.61,14383.43,8404.18,Debit Card,2025,8,August,Q3,36.880480225877136
O04552,2025-07-24,C0339,Ananya Reddy,P3727,Monitor,Electronics,East,Jharkhand,1,10132.22,0.05,9625.61,5990.01,3635.6,Debit Card,2025,7,July,Q3,37.77007379272586
O04553,2026-06-15,C0778,Priya Kumar,P7050,Makeup Kit,Beauty,East,Odisha,1,2294.79,0.0,2294.79,1801.7,493.09,Debit Card,2026,6,June,Q2,21.48736921461223
O04554,2026-03-22,C0484,Meena Patel,P0790,Face Cream,Beauty,North,Punjab,7,1255.16,0.05,8346.81,6201.96,2144.85,Debit Card,2026,3,March,Q1,25.696643388312424
O04555,2026-05-17,C1173,Divya Sharma,P1600,Office Chair,Furniture,South,Kerala,7,9771.18,0.1,61558.43,37430.89,24127.54,Cash,2026,5,May,Q2,39.194534363530714
O04556,2025-01-04,C0001,Rahul Rao,P3693,Keyboard,Electronics,East,Bihar,6,954.57,0.05,5441.05,3882.63,1558.42,Cash,2025,1,January,Q1,28.64189816303838
O04557,2026-03-06,C0387,Ravi Nair,P9667,Mixer Grinder,Home & Kitchen,South,Karnataka,3,8629.84,0.0,25889.52,16005.16,9884.36,Cash,2026,3,March,Q1,38.17900061492063
O04558,2025-01-02,C0147,Meena Verma,P5533,Shampoo,Beauty,East,West Bengal,3,1084.37,0.1,2927.8,2070.69,857.11,Cash,2025,1,January,Q1,29.274882164082243
O04559,2025-12-11,C0245,Ravi Singh,P9007,Jeans,Clothing,North,Rajasthan,3,1766.08,0.15,4503.5,3405.07,1098.43,Credit Card,2025,12,December,Q4,24.39058510047741
O04560,2025-11-29,C0465,Vijay Rao,P7780,Vacuum Cleaner,Home & Kitchen,South,Kerala,6,5216.04,0.0,31296.24,20813.13,10483.11,Net Banking,2025,11,November,Q4,33.49638806450871
O04561,2026-03-10,C0339,Divya Iyer,P9667,Mixer Grinder,Home & Kitchen,East,Jharkhand,5,2914.9,0.0,14574.5,9297.27,5277.23,UPI,2026,3,March,Q1,36.20865209784212
O04562,2025-04-27,C0769,Karthik Verma,P0899,Perfume,Beauty,South,Kerala,3,2600.51,0.1,7021.38,5448.3,1573.08,Credit Card,2025,4,April,Q2,22.40414277535185
O04563,2026-06-26,C0541,Rahul Das,P0649,Sofa,Furniture,North,Rajasthan,3,47534.67,0.1,128343.61,96230.29,32113.32,Debit Card,2026,6,June,Q2,25.021362575043664
O04564,2026-02-13,C1119,Ravi Iyer,P8566,Dress,Clothing,East,Bihar,1,4071.92,0.0,4071.92,3214.26,857.66,Debit Card,2026,2,February,Q1,21.062791017505255
O04565,2025-11-29,C0805,Meena Singh,P1796,Mouse,Electronics,North,Delhi,1,1169.54,0.1,1052.59,689.71,362.88,Net Banking,2025,11,November,Q4,34.47496176098956
O04566,2025-07-05,C0747,Ravi Verma,P7050,Makeup Kit,Beauty,South,Tamil Nadu,3,2100.59,0.15,5356.5,3489.21,1867.29,Credit Card,2025,7,July,Q3,34.86026323158779
O04567,2025-05-01,C0386,Karthik Singh,P4636,Smartphone,Electronics,West,Madhya Pradesh,5,26926.82,0.0,134634.1,86273.97,48360.13,Cash,2025,5,May,Q2,35.91967413901827
O04568,2026-02-12,C1002,Priya Patel,P1077,Skin Care Set,Beauty,West,Madhya Pradesh,7,4953.3,0.2,27738.48,17565.96,10172.52,UPI,2026,2,February,Q1,36.67295396142831
O04569,2025-11-15,C0242,Arun Iyer,P3067,Cookware Set,Home & Kitchen,South,Kerala,4,2819.29,0.05,10713.3,8649.92,2063.38,Debit Card,2025,11,November,Q4,19.259985251976516
O04570,2026-05-04,C1183,Karthik Reddy,P6266,Bookshelf,Furniture,East,Jharkhand,7,6689.92,0.05,44487.97,34766.11,9721.86,Cash,2026,5,May,Q2,21.852784022287373
O04571,2025-11-28,C0144,Karthik Singh,P5057,Headphones,Electronics,South,Telangana,2,5474.85,0.1,9854.73,5885.67,3969.06,Credit Card,2025,11,November,Q4,40.27568487416703
O04572,2025-09-08,C0914,Priya Patel,P7291,Jacket,Clothing,West,Maharashtra,7,5391.59,0.1,33967.02,20026.98,13940.04,Cash,2025,9,September,Q3,41.039926375643205
O04573,2025-10-16,C0969,Vijay Singh,P6547,Shoes,Clothing,North,Rajasthan,1,2245.38,0.1,2020.84,1248.91,771.93,Net Banking,2025,10,October,Q4,38.19847192256685
O04574,2025-03-06,C0945,Divya Verma,P3693,Keyboard,Electronics,North,Delhi,2,3557.03,0.1,6402.65,4225.19,2177.46,Net Banking,2025,3,March,Q1,34.00873075991973
O04575,2025-06-05,C1105,Priya Nair,P9667,Mixer Grinder,Home & Kitchen,West,Gujarat,7,7160.17,0.05,47615.13,38799.61,8815.52,UPI,2025,6,June,Q2,18.514115156253908
O04576,2026-04-04,C1027,Ananya Singh,P5057,Headphones,Electronics,West,Gujarat,4,1746.51,0.05,6636.74,5343.02,1293.72,UPI,2026,4,April,Q2,19.49330544815678
O04577,2026-06-02,C0490,Vijay Verma,P0899,Perfume,Beauty,North,Punjab,3,2580.48,0.1,6967.3,5701.91,1265.39,UPI,2026,6,June,Q2,18.161841746444104
O04578,2025-01-30,C0221,Ananya Patel,P3067,Cookware Set,Home & Kitchen,West,Goa,6,4827.47,0.15,24620.1,14488.71,10131.39,Credit Card,2025,1,January,Q1,41.150888907843594
O04579,2025-01-17,C1094,Divya Nair,P6547,Shoes,Clothing,East,Odisha,5,4554.93,0.05,21635.92,17070.52,4565.4,Credit Card,2025,1,January,Q1,21.101020894882215
O04580,2025-01-14,C0728,Ravi Singh,P9685,Laptop,Electronics,South,Telangana,1,63439.36,0.05,60267.39,36037.09,24230.3,Cash,2025,1,January,Q1,40.20466126042624
O04581,2025-12-01,C1180,Divya Singh,P4870,Smartwatch,Electronics,East,Odisha,4,8939.61,0.15,30394.67,22296.78,8097.89,UPI,2025,12,December,Q4,26.642467248369535
O04582,2026-04-09,C0111,Ananya Iyer,P6993,Air Fryer,Home & Kitchen,West,Goa,6,8498.22,0.1,45890.39,34650.45,11239.94,UPI,2026,4,April,Q2,24.493014768451523
O04583,2026-05-24,C0140,Priya Iyer,P9007,Jeans,Clothing,North,Rajasthan,5,2104.23,0.05,9995.09,7456.77,2538.32,Cash,2026,5,May,Q2,25.395669273613347
O04584,2025-11-05,C0003,Arun Singh,P5057,Headphones,Electronics,North,Haryana,1,9275.69,0.05,8811.91,7067.08,1744.83,Credit Card,2025,11,November,Q4,19.800815033290174
O04585,2025-06-28,C0662,Arun Kumar,P6993,Air Fryer,Home & Kitchen,East,Bihar,7,3593.93,0.1,22641.76,16270.34,6371.42,Debit Card,2025,6,June,Q2,28.140126915928796
O04586,2026-02-22,C1150,Divya Rao,P1101,T-Shirt,Clothing,South,Telangana,1,379.94,0.15,322.95,259.38,63.57,Net Banking,2026,2,February,Q1,19.684161634928007
O04587,2026-04-03,C0028,Priya Kumar,P7291,Jacket,Clothing,North,Haryana,6,3370.56,0.0,20223.36,14421.5,5801.86,Net Banking,2026,4,April,Q2,28.6889023386816
O04588,2025-12-22,C0035,Rahul Reddy,P4870,Smartwatch,Electronics,South,Karnataka,7,11536.17,0.0,80753.19,47417.12,33336.07,Cash,2025,12,December,Q4,41.28142801541338
O04589,2025-10-20,C0435,Ananya Kumar,P9667,Mixer Grinder,Home & Kitchen,West,Goa,5,4520.87,0.1,20343.92,15577.91,4766.01,Cash,2025,10,October,Q4,23.427195938639166
O04590,2025-09-06,C0465,Rahul Sharma,P6993,Air Fryer,Home & Kitchen,West,Maharashtra,1,6363.87,0.2,5091.1,3715.72,1375.38,Cash,2025,9,September,Q3,27.015379780401094
O04591,2025-07-27,C0519,Ravi Rao,P4636,Smartphone,Electronics,West,Madhya Pradesh,6,51156.17,0.0,306937.02,211205.39,95731.63,Credit Card,2025,7,July,Q3,31.189339754455165
O04592,2026-05-02,C0190,Meena Kumar,P4636,Smartphone,Electronics,South,Telangana,7,26090.84,0.0,182635.88,129127.12,53508.76,Debit Card,2026,5,May,Q2,29.29805468673516
O04593,2025-02-04,C0220,Ananya Verma,P6547,Shoes,Clothing,West,Goa,3,4395.39,0.05,12526.86,8481.23,4045.63,Cash,2025,2,February,Q1,32.29564312205932
O04594,2025-02-12,C0611,Karthik Singh,P7087,Tablet,Electronics,South,Kerala,7,30152.47,0.15,179407.2,146129.51,33277.69,Net Banking,2025,2,February,Q1,18.548692583129327
O04595,2025-12-30,C0310,Ravi Patel,P9685,Laptop,Electronics,South,Karnataka,4,71557.54,0.05,271918.65,174385.32,97533.33,Credit Card,2025,12,December,Q4,35.86856951518404
O04596,2025-08-09,C0113,Ravi Reddy,P0899,Perfume,Beauty,West,Madhya Pradesh,1,4105.99,0.05,3900.69,2887.98,1012.71,Net Banking,2025,8,August,Q3,25.96232974166109
O04597,2025-05-25,C0321,Divya Sharma,P3693,Keyboard,Electronics,North,Delhi,6,968.96,0.05,5523.07,4374.13,1148.94,UPI,2025,5,May,Q2,20.80256089457494
O04598,2025-03-16,C0743,Vijay Verma,P1077,Skin Care Set,Beauty,East,Jharkhand,3,4189.76,0.15,10683.89,7183.1,3500.79,Cash,2025,3,March,Q1,32.76699778825877
O04599,2025-11-16,C0209,Karthik Reddy,P6266,Bookshelf,Furniture,West,Gujarat,1,3037.84,0.0,3037.84,2272.23,765.61,UPI,2025,11,November,Q4,25.20244647512706
O04600,2025-01-21,C1079,Priya Reddy,P3067,Cookware Set,Home & Kitchen,North,Delhi,5,5797.75,0.0,28988.75,23426.86,5561.89,UPI,2025,1,January,Q1,19.18637402440602
O04601,2025-12-30,C0441,Rahul Verma,P1600,Office Chair,Furniture,West,Madhya Pradesh,4,16730.42,0.15,56883.43,44694.61,12188.82,Cash,2025,12,December,Q4,21.42771629629226
O04602,2025-08-13,C0630,Divya Das,P6266,Bookshelf,Furniture,East,Bihar,7,6889.32,0.2,38580.19,27644.57,10935.62,Credit Card,2025,8,August,Q3,28.345168854793094
O04603,2025-10-21,C1139,Arun Sharma,P4636,Smartphone,Electronics,South,Telangana,3,30786.35,0.0,92359.05,63327.27,29031.78,Net Banking,2025,10,October,Q4,31.433606127390874
O04604,2026-03-21,C0223,Ananya Das,P9007,Jeans,Clothing,North,Uttar Pradesh,6,1643.71,0.1,8876.03,5463.45,3412.58,Cash,2026,3,March,Q1,38.447143599109054
O04605,2026-06-11,C0274,Vijay Verma,P3067,Cookware Set,Home & Kitchen,South,Kerala,6,5848.79,0.15,29828.83,20056.59,9772.24,Cash,2026,6,June,Q2,32.76105700424723
O04606,2025-02-15,C0947,Divya Das,P0790,Face Cream,Beauty,South,Tamil Nadu,5,1420.09,0.1,6390.4,4703.34,1687.06,Debit Card,2025,2,February,Q1,26.39991236855283
O04607,2026-01-08,C0775,Karthik Iyer,P7780,Vacuum Cleaner,Home & Kitchen,South,Tamil Nadu,3,17489.71,0.0,52469.13,42225.64,10243.49,Cash,2026,1,January,Q1,19.522888982531253
O04608,2026-01-11,C0068,Sneha Singh,P2376,Dining Table,Furniture,South,Kerala,5,30700.14,0.1,138150.63,99859.43,38291.2,UPI,2026,1,January,Q1,27.71699267676159
O04609,2026-02-05,C0538,Ananya Patel,P3067,Cookware Set,Home & Kitchen,South,Tamil Nadu,7,2402.66,0.0,16818.62,12527.94,4290.68,UPI,2026,2,February,Q1,25.511486673698556
O04610,2025-10-15,C1090,Arun Iyer,P0790,Face Cream,Beauty,West,Madhya Pradesh,7,1410.62,0.0,9874.34,7001.59,2872.75,Credit Card,2025,10,October,Q4,29.093083689644068
O04611,2025-12-26,C0725,Ananya Nair,P8566,Dress,Clothing,West,Maharashtra,6,1990.27,0.05,11344.54,8984.6,2359.94,Debit Card,2025,12,December,Q4,20.802430067680135
O04612,2026-04-14,C0824,Karthik Sharma,P9685,Laptop,Electronics,South,Tamil Nadu,5,59902.99,0.05,284539.2,212168.6,72370.6,UPI,2026,4,April,Q2,25.434316255897254
O04613,2025-08-12,C1049,Karthik Singh,P4636,Smartphone,Electronics,North,Punjab,3,32747.16,0.1,88417.33,60939.53,27477.8,Debit Card,2025,8,August,Q3,31.077391728521995
O04614,2026-02-10,C0520,Priya Rao,P3067,Cookware Set,Home & Kitchen,North,Rajasthan,5,6194.25,0.0,30971.25,21802.13,9169.12,Credit Card,2026,2,February,Q1,29.605262945473626
O04615,2025-11-23,C0665,Arun Kumar,P7050,Makeup Kit,Beauty,South,Karnataka,7,1185.83,0.0,8300.81,5029.29,3271.52,Cash,2025,11,November,Q4,39.41205737753304
O04616,2025-10-20,C0355,Rahul Kumar,P6993,Air Fryer,Home & Kitchen,West,Goa,6,7886.28,0.1,42585.91,27604.27,14981.64,Cash,2025,10,October,Q4,35.17980477580495
O04617,2026-04-11,C1151,Vijay Kumar,P0790,Face Cream,Beauty,South,Andhra Pradesh,2,1718.92,0.1,3094.06,2296.32,797.74,UPI,2026,4,April,Q2,25.782951849673246
O04618,2026-05-19,C0455,Arun Patel,P7291,Jacket,Clothing,East,Jharkhand,4,2954.67,0.0,11818.68,8435.7,3382.98,Net Banking,2026,5,May,Q2,28.624008772553278
O04619,2025-06-09,C0783,Priya Das,P6547,Shoes,Clothing,South,Kerala,7,2894.06,0.2,16206.74,10509.96,5696.78,Net Banking,2025,6,June,Q2,35.15068422150291
O04620,2025-04-01,C0225,Karthik Verma,P5533,Shampoo,Beauty,North,Rajasthan,7,1100.53,0.0,7703.71,4768.36,2935.35,Cash,2025,4,April,Q2,38.1030698196064
O04621,2025-01-23,C0130,Ananya Patel,P6993,Air Fryer,Home & Kitchen,West,Gujarat,6,5852.9,0.05,33361.53,25207.77,8153.76,Credit Card,2025,1,January,Q1,24.44060569164544
O04622,2025-12-01,C0256,Vijay Sharma,P4333,Desk,Furniture,South,Andhra Pradesh,2,23557.38,0.1,42403.28,32853.25,9550.03,Cash,2025,12,December,Q4,22.521913399152144
O04623,2025-05-01,C0684,Vijay Patel,P6266,Bookshelf,Furniture,West,Gujarat,4,8477.55,0.05,32214.69,25988.15,6226.54,UPI,2025,5,May,Q2,19.32826297567973
O04624,2025-12-23,C1069,Rahul Rao,P1600,Office Chair,Furniture,West,Maharashtra,7,12248.83,0.0,85741.81,67724.02,18017.79,Debit Card,2025,12,December,Q4,21.01400705210212
O04625,2025-04-06,C0510,Sneha Rao,P6993,Air Fryer,Home & Kitchen,South,Karnataka,5,9523.98,0.0,47619.9,38333.05,9286.85,Net Banking,2025,4,April,Q2,19.502035913557147
O04626,2026-04-02,C1022,Vijay Sharma,P9685,Laptop,Electronics,North,Punjab,1,72047.73,0.15,61240.57,39629.33,21611.24,Net Banking,2026,4,April,Q2,35.289090222380366
O04627,2025-03-13,C0154,Divya Nair,P3693,Keyboard,Electronics,West,Madhya Pradesh,5,4276.33,0.05,20312.57,12480.53,7832.04,Cash,2025,3,March,Q1,38.5576025091852
O04628,2025-11-09,C0701,Priya Reddy,P7087,Tablet,Electronics,North,Rajasthan,4,24657.4,0.1,88766.64,66571.17,22195.47,Cash,2025,11,November,Q4,25.00429215299802
O04629,2026-05-18,C0823,Divya Iyer,P8566,Dress,Clothing,West,Madhya Pradesh,5,3606.84,0.15,15329.07,9499.83,5829.24,UPI,2026,5,May,Q2,38.02735586698998
O04630,2026-03-17,C0236,Divya Iyer,P5057,Headphones,Electronics,North,Uttar Pradesh,2,9450.52,0.05,17955.99,11331.33,6624.66,Cash,2026,3,March,Q1,36.893872184156926
O04631,2025-12-29,C0960,Divya Iyer,P1101,T-Shirt,Clothing,East,West Bengal,3,1507.82,0.15,3844.94,2945.56,899.38,Net Banking,2025,12,December,Q4,23.391262282376317
O04632,2025-06-14,C0395,Priya Rao,P8566,Dress,Clothing,East,Bihar,7,1446.69,0.05,9620.49,6830.52,2789.97,Credit Card,2025,6,June,Q2,29.000290006018403
O04633,2025-10-30,C0010,Arun Verma,P3727,Monitor,Electronics,South,Karnataka,4,22071.79,0.2,70629.73,48307.06,22322.67,Cash,2025,10,October,Q4,31.605203644414324
O04634,2025-08-03,C0380,Ravi Verma,P8566,Dress,Clothing,West,Madhya Pradesh,1,2297.34,0.2,1837.87,1134.01,703.86,Credit Card,2025,8,August,Q3,38.29759449797864
O04635,2025-08-26,C0070,Ananya Verma,P5533,Shampoo,Beauty,South,Karnataka,6,200.63,0.05,1143.59,937.7,205.89,UPI,2025,8,August,Q3,18.003830043984294
O04636,2026-03-16,C1107,Rahul Iyer,P3067,Cookware Set,Home & Kitchen,West,Gujarat,6,6855.53,0.0,41133.18,26789.74,14343.44,Net Banking,2026,3,March,Q1,34.870729663984164
O04637,2025-08-08,C0028,Arun Patel,P0899,Perfume,Beauty,North,Haryana,7,3729.68,0.0,26107.76,15392.27,10715.49,Cash,2025,8,August,Q3,41.04331432493634
O04638,2025-03-10,C0557,Divya Nair,P6547,Shoes,Clothing,East,Odisha,7,5694.41,0.1,35874.78,21599.17,14275.61,Net Banking,2025,3,March,Q1,39.7928851410378
O04639,2025-06-30,C0610,Vijay Sharma,P3727,Monitor,Electronics,East,Jharkhand,2,13850.21,0.0,27700.42,22092.84,5607.58,Net Banking,2025,6,June,Q2,20.243664175489037
O04640,2026-04-16,C0760,Arun Verma,P3693,Keyboard,Electronics,South,Karnataka,3,809.15,0.15,2063.33,1398.73,664.6,Net Banking,2026,4,April,Q2,32.210068190740216
O04641,2025-08-04,C0959,Karthik Nair,P4636,Smartphone,Electronics,North,Delhi,6,54048.12,0.1,291859.85,179815.47,112044.38,UPI,2025,8,August,Q3,38.38978879760269
O04642,2025-02-03,C0180,Meena Reddy,P5057,Headphones,Electronics,South,Telangana,1,6805.88,0.2,5444.7,3243.67,2201.03,Debit Card,2025,2,February,Q1,40.425184124010514
O04643,2025-04-30,C0947,Priya Rao,P7050,Makeup Kit,Beauty,South,Karnataka,1,1684.55,0.1,1516.1,1116.39,399.71,Net Banking,2025,4,April,Q2,26.364355913198338
O04644,2025-12-26,C0630,Arun Das,P7050,Makeup Kit,Beauty,South,Karnataka,7,2588.12,0.1,16305.16,9458.58,6846.58,UPI,2025,12,December,Q4,41.99026565823335
O04645,2026-05-07,C1185,Ananya Sharma,P1600,Office Chair,Furniture,West,Goa,2,4614.85,0.0,9229.7,5457.2,3772.5,Credit Card,2026,5,May,Q2,40.873484511955965
O04646,2025-02-02,C0514,Priya Rao,P7291,Jacket,Clothing,West,Goa,6,4014.97,0.15,20476.35,15132.62,5343.73,Net Banking,2025,2,February,Q1,26.09708273202988
O04647,2025-06-17,C0395,Vijay Verma,P4333,Desk,Furniture,North,Rajasthan,3,22082.07,0.1,59621.59,42648.9,16972.69,Credit Card,2025,6,June,Q2,28.467355533456924
O04648,2025-03-17,C0187,Rahul Reddy,P0899,Perfume,Beauty,East,Odisha,6,1944.91,0.0,11669.46,7998.25,3671.21,Debit Card,2025,3,March,Q1,31.459981867198657
O04649,2026-02-20,C0477,Divya Verma,P9667,Mixer Grinder,Home & Kitchen,South,Andhra Pradesh,2,2787.12,0.1,5016.82,3786.84,1229.98,Net Banking,2026,2,February,Q1,24.517124393540133
O04650,2025-11-21,C0293,Arun Nair,P2376,Dining Table,Furniture,North,Punjab,1,19174.08,0.0,19174.08,11847.49,7326.59,Net Banking,2025,11,November,Q4,38.21090764198335
O04651,2026-03-18,C0267,Vijay Sharma,P7780,Vacuum Cleaner,Home & Kitchen,South,Tamil Nadu,1,11316.67,0.0,11316.67,6718.81,4597.86,Cash,2026,3,March,Q1,40.629089652698184
O04652,2025-04-13,C0066,Vijay Verma,P4636,Smartphone,Electronics,East,West Bengal,6,37751.31,0.05,215182.47,133989.95,81192.52,Cash,2025,4,April,Q2,37.731939781154104
O04653,2026-04-11,C0772,Rahul Reddy,P4333,Desk,Furniture,South,Karnataka,2,15612.46,0.1,28102.43,19801.17,8301.26,Net Banking,2026,4,April,Q2,29.539296067991273
O04654,2026-04-06,C0162,Divya Rao,P1600,Office Chair,Furniture,South,Tamil Nadu,6,15048.98,0.1,81264.49,64251.16,17013.33,Cash,2026,4,April,Q2,20.935749427579008
O04655,2026-03-14,C1150,Priya Nair,P3727,Monitor,Electronics,West,Maharashtra,1,24044.97,0.05,22842.72,13257.72,9585.0,Cash,2026,3,March,Q1,41.96085229779991
O04656,2025-12-15,C0369,Sneha Das,P3727,Monitor,Electronics,East,West Bengal,1,14212.06,0.1,12790.85,9566.03,3224.82,UPI,2025,12,December,Q4,25.21192883975655
O04657,2026-05-21,C0286,Sneha Das,P0790,Face Cream,Beauty,North,Delhi,3,1653.98,0.15,4217.65,3139.27,1078.38,Net Banking,2026,5,May,Q2,25.568266688795898
O04658,2025-09-19,C0549,Rahul Rao,P9685,Laptop,Electronics,South,Telangana,2,57981.72,0.05,110165.27,67141.43,43023.84,Credit Card,2025,9,September,Q3,39.053905100945144
O04659,2025-07-30,C0454,Ravi Verma,P9667,Mixer Grinder,Home & Kitchen,East,West Bengal,1,4237.45,0.1,3813.7,2536.85,1276.85,Cash,2025,7,July,Q3,33.480609381965024
O04660,2026-04-27,C0311,Meena Patel,P6547,Shoes,Clothing,West,Maharashtra,5,4687.81,0.0,23439.05,17831.53,5607.52,UPI,2026,4,April,Q2,23.923836503612563
O04661,2025-09-23,C0641,Arun Kumar,P0899,Perfume,Beauty,South,Andhra Pradesh,7,4658.42,0.0,32608.94,20831.77,11777.17,Debit Card,2025,9,September,Q3,36.1163840345623
O04662,2025-07-29,C0215,Divya Iyer,P7087,Tablet,Electronics,North,Punjab,6,20222.29,0.0,121333.74,74217.1,47116.64,Credit Card,2025,7,July,Q3,38.83226545229711
O04663,2025-07-05,C0562,Rahul Patel,P4636,Smartphone,Electronics,North,Punjab,3,31438.25,0.15,80167.54,57229.9,22937.64,Cash,2025,7,July,Q3,28.612129048739675
O04664,2025-12-19,C0770,Priya Kumar,P4870,Smartwatch,Electronics,North,Rajasthan,4,15505.59,0.0,62022.36,37537.18,24485.18,UPI,2025,12,December,Q4,39.47798826100781
O04665,2026-02-25,C0496,Ananya Iyer,P8566,Dress,Clothing,South,Telangana,2,4185.33,0.0,8370.66,6216.06,2154.6,UPI,2026,2,February,Q1,25.739905813878476
O04666,2025-12-02,C0641,Rahul Singh,P6266,Bookshelf,Furniture,North,Haryana,1,11795.72,0.05,11205.93,7670.33,3535.6,UPI,2025,12,December,Q4,31.551151934734555
O04667,2025-05-25,C0668,Ananya Kumar,P0649,Sofa,Furniture,North,Delhi,1,36731.11,0.1,33058.0,19891.58,13166.42,Credit Card,2025,5,May,Q2,39.82824127291427
O04668,2025-12-09,C0593,Rahul Sharma,P0649,Sofa,Furniture,North,Uttar Pradesh,4,48720.0,0.1,175392.0,128466.54,46925.46,Net Banking,2025,12,December,Q4,26.754618226600986
O04669,2025-08-05,C0078,Vijay Singh,P9667,Mixer Grinder,Home & Kitchen,East,West Bengal,7,5500.27,0.05,36576.8,24962.64,11614.16,Net Banking,2025,8,August,Q3,31.75280505675729
O04670,2025-11-06,C0916,Rahul Verma,P3067,Cookware Set,Home & Kitchen,South,Andhra Pradesh,5,4592.93,0.1,20668.19,15657.33,5010.86,Credit Card,2025,11,November,Q4,24.244309733943805
O04671,2026-01-24,C1096,Sneha Nair,P8699,Coffee Maker,Home & Kitchen,North,Uttar Pradesh,5,3156.58,0.05,14993.76,9621.06,5372.7,Credit Card,2026,1,January,Q1,35.832906489099464
O04672,2025-05-30,C0498,Sneha Kumar,P2376,Dining Table,Furniture,West,Maharashtra,5,8243.3,0.15,35034.02,23546.17,11487.85,Cash,2025,5,May,Q2,32.790556150849945
O04673,2025-02-21,C1086,Rahul Sharma,P1600,Office Chair,Furniture,East,Bihar,6,10475.74,0.1,56569.0,40264.4,16304.6,Cash,2025,2,February,Q1,28.822499955806187
O04674,2025-01-03,C1067,Ananya Verma,P7087,Tablet,Electronics,South,Telangana,1,24703.93,0.1,22233.54,14398.2,7835.34,UPI,2025,1,January,Q1,35.24108171708149
O04675,2025-01-21,C1027,Divya Verma,P4333,Desk,Furniture,North,Rajasthan,1,15363.77,0.0,15363.77,12376.13,2987.64,Cash,2025,1,January,Q1,19.44600836903963
O04676,2025-10-11,C0285,Priya Nair,P0649,Sofa,Furniture,North,Haryana,1,21486.85,0.1,19338.16,14164.99,5173.17,Debit Card,2025,10,October,Q4,26.751097312257215
O04677,2025-11-29,C0796,Priya Das,P3727,Monitor,Electronics,South,Karnataka,6,17058.72,0.1,92117.09,58006.73,34110.36,Credit Card,2025,11,November,Q4,37.02935036267429
O04678,2026-02-27,C0690,Rahul Singh,P6547,Shoes,Clothing,North,Haryana,5,2819.62,0.15,11983.38,9400.72,2582.66,Net Banking,2026,2,February,Q1,21.552016209116292
O04679,2026-01-31,C0571,Ananya Singh,P1796,Mouse,Electronics,West,Gujarat,7,1498.01,0.0,10486.07,6287.34,4198.73,Credit Card,2026,1,January,Q1,40.04102585620733
O04680,2025-08-23,C0593,Meena Das,P5533,Shampoo,Beauty,North,Haryana,4,881.01,0.0,3524.04,2314.71,1209.33,Net Banking,2025,8,August,Q3,34.31657983450812
O04681,2025-10-07,C0718,Divya Reddy,P6547,Shoes,Clothing,North,Delhi,1,4908.22,0.15,4171.99,2731.63,1440.36,Cash,2025,10,October,Q4,34.52453145860848
O04682,2026-05-14,C0278,Vijay Verma,P9685,Laptop,Electronics,West,Goa,3,84937.61,0.1,229331.55,155075.32,74256.23,Net Banking,2026,5,May,Q2,32.37942184579487
O04683,2025-11-20,C0496,Sneha Iyer,P8566,Dress,Clothing,South,Kerala,6,2859.71,0.0,17158.26,10245.81,6912.45,UPI,2025,11,November,Q4,40.28642764476118
O04684,2025-12-31,C1182,Priya Singh,P3693,Keyboard,Electronics,North,Punjab,7,2175.38,0.15,12943.51,9965.35,2978.16,Net Banking,2025,12,December,Q4,23.00890562142726
O04685,2026-01-19,C0192,Karthik Nair,P0790,Face Cream,Beauty,North,Haryana,5,1067.29,0.0,5336.45,3735.63,1600.82,Debit Card,2026,1,January,Q1,29.997845009322678
O04686,2025-01-16,C0347,Sneha Patel,P9007,Jeans,Clothing,West,Maharashtra,3,2083.72,0.1,5626.04,3718.61,1907.43,Cash,2025,1,January,Q1,33.90359826805355
O04687,2025-04-24,C1092,Rahul Rao,P1600,Office Chair,Furniture,West,Goa,6,12168.82,0.0,73012.92,58353.03,14659.89,UPI,2025,4,April,Q2,20.078487478654463
O04688,2025-02-09,C0057,Divya Rao,P0899,Perfume,Beauty,South,Telangana,4,1886.68,0.05,7169.38,4178.88,2990.5,Debit Card,2025,2,February,Q1,41.71211457615582
O04689,2026-05-16,C1083,Sneha Singh,P8566,Dress,Clothing,South,Andhra Pradesh,1,1998.92,0.15,1699.08,1224.91,474.17,Net Banking,2026,5,May,Q2,27.907455799609203
O04690,2025-08-16,C0948,Sneha Verma,P1796,Mouse,Electronics,South,Andhra Pradesh,1,872.31,0.1,785.08,464.56,320.52,Net Banking,2025,8,August,Q3,40.826412594894784
O04691,2026-04-22,C0735,Rahul Kumar,P0649,Sofa,Furniture,South,Kerala,4,27709.2,0.0,110836.8,86254.11,24582.69,UPI,2026,4,April,Q2,22.179176952059244
O04692,2026-05-17,C0009,Sneha Singh,P3693,Keyboard,Electronics,South,Karnataka,3,1429.91,0.1,3860.76,2670.45,1190.31,Cash,2026,5,May,Q2,30.830976284462125
O04693,2025-04-21,C0092,Ananya Singh,P4636,Smartphone,Electronics,West,Madhya Pradesh,4,20910.46,0.05,79459.75,50277.66,29182.09,Net Banking,2025,4,April,Q2,36.72562523793493
O04694,2025-06-25,C0877,Rahul Das,P1600,Office Chair,Furniture,East,Jharkhand,2,4077.55,0.1,7339.59,4662.12,2677.47,Debit Card,2025,6,June,Q2,36.47983061724156
O04695,2025-08-11,C0577,Vijay Nair,P5533,Shampoo,Beauty,South,Karnataka,3,965.56,0.05,2751.85,2145.4,606.45,UPI,2025,8,August,Q3,22.037901775169434
O04696,2025-10-05,C0194,Ravi Singh,P9667,Mixer Grinder,Home & Kitchen,West,Maharashtra,4,6761.69,0.1,24342.08,17405.68,6936.4,Net Banking,2025,10,October,Q4,28.495510654800242
O04697,2025-10-16,C0818,Priya Verma,P8566,Dress,Clothing,North,Rajasthan,6,1106.07,0.15,5640.96,4353.69,1287.27,Cash,2025,10,October,Q4,22.82005190605854
O04698,2025-10-16,C0534,Karthik Verma,P1101,T-Shirt,Clothing,East,Odisha,5,1311.83,0.1,5903.24,4490.19,1413.05,Debit Card,2025,10,October,Q4,23.936855015211986
O04699,2025-10-05,C0793,Ravi Kumar,P7291,Jacket,Clothing,South,Telangana,7,6359.96,0.1,40067.75,30167.64,9900.11,UPI,2025,10,October,Q4,24.708425104978442
O04700,2025-12-22,C1146,Meena Verma,P1101,T-Shirt,Clothing,North,Delhi,6,1411.37,0.1,7621.4,5590.08,2031.32,Net Banking,2025,12,December,Q4,26.652845933817936
O04701,2025-12-30,C0702,Divya Singh,P6266,Bookshelf,Furniture,South,Kerala,4,9764.47,0.1,35152.09,21569.6,13582.49,Net Banking,2025,12,December,Q4,38.63921035705132
O04702,2025-04-19,C0510,Rahul Reddy,P1600,Office Chair,Furniture,South,Telangana,2,11291.6,0.0,22583.2,15096.18,7487.02,Credit Card,2025,4,April,Q2,33.15305182613624
O04703,2025-12-08,C0040,Vijay Reddy,P0899,Perfume,Beauty,North,Delhi,5,4228.22,0.0,21141.1,12786.01,8355.09,UPI,2025,12,December,Q4,39.520602050035244
O04704,2026-03-09,C0602,Karthik Iyer,P1101,T-Shirt,Clothing,North,Uttar Pradesh,4,898.12,0.15,3053.61,1844.9,1208.71,Credit Card,2026,3,March,Q1,39.58298538451211
O04705,2026-01-13,C0401,Rahul Nair,P9685,Laptop,Electronics,East,Bihar,3,72004.26,0.0,216012.78,172646.31,43366.47,UPI,2026,1,January,Q1,20.07588162144851
O04706,2026-06-06,C1057,Sneha Singh,P2376,Dining Table,Furniture,West,Madhya Pradesh,6,31883.62,0.1,172171.55,103159.82,69011.73,Credit Card,2026,6,June,Q2,40.08312058525349
O04707,2025-07-14,C0654,Meena Nair,P6547,Shoes,Clothing,East,West Bengal,6,1449.83,0.2,6959.18,5536.01,1423.17,Cash,2025,7,July,Q3,20.45025419661512
O04708,2025-12-28,C0563,Divya Reddy,P3067,Cookware Set,Home & Kitchen,West,Goa,3,5490.28,0.05,15647.3,9939.44,5707.86,Credit Card,2025,12,December,Q4,36.478242252657004
O04709,2025-04-15,C0950,Sneha Iyer,P1600,Office Chair,Furniture,East,Jharkhand,1,12769.0,0.15,10853.65,7979.93,2873.72,Credit Card,2025,4,April,Q2,26.476991611116997
O04710,2025-06-01,C0563,Arun Sharma,P0899,Perfume,Beauty,South,Karnataka,2,3918.63,0.05,7445.4,4379.61,3065.79,Cash,2025,6,June,Q2,41.17696832943831
O04711,2026-05-20,C0378,Ravi Iyer,P1796,Mouse,Electronics,East,Odisha,3,2258.93,0.05,6437.95,4426.23,2011.72,Credit Card,2026,5,May,Q2,31.247835102788933
O04712,2026-06-23,C0548,Divya Reddy,P3727,Monitor,Electronics,North,Punjab,2,16622.24,0.1,29920.03,20477.58,9442.45,Net Banking,2026,6,June,Q2,31.55895899836999
O04713,2026-02-19,C0403,Karthik Verma,P1101,T-Shirt,Clothing,West,Madhya Pradesh,1,494.45,0.1,445.0,293.52,151.48,Debit Card,2026,2,February,Q1,34.040449438202245
O04714,2025-01-22,C0490,Meena Sharma,P4870,Smartwatch,Electronics,North,Rajasthan,4,14700.72,0.0,58802.88,40958.97,17843.91,Cash,2025,1,January,Q1,30.345299413906258
O04715,2025-09-18,C0527,Vijay Nair,P1077,Skin Care Set,Beauty,North,Punjab,6,1059.76,0.2,5086.85,3927.0,1159.85,Cash,2025,9,September,Q3,22.800947541209194
O04716,2026-01-07,C0614,Divya Patel,P3067,Cookware Set,Home & Kitchen,North,Punjab,6,7816.3,0.1,42208.02,27794.17,14413.85,Debit Card,2026,1,January,Q1,34.14955262056832
O04717,2026-05-31,C0303,Vijay Das,P1101,T-Shirt,Clothing,South,Karnataka,1,1177.38,0.0,1177.38,837.38,340.0,Net Banking,2026,5,May,Q2,28.877677555249786
O04718,2025-09-28,C0517,Arun Das,P1600,Office Chair,Furniture,West,Madhya Pradesh,2,6119.11,0.1,11014.4,8030.35,2984.05,Net Banking,2025,9,September,Q3,27.092261040092975
O04719,2025-02-10,C0136,Divya Singh,P5533,Shampoo,Beauty,North,Delhi,1,1053.13,0.05,1000.47,616.85,383.62,Credit Card,2025,2,February,Q1,38.34397833018481
O04720,2026-01-06,C0922,Divya Rao,P7780,Vacuum Cleaner,Home & Kitchen,West,Madhya Pradesh,5,6005.73,0.15,25524.35,17641.18,7883.17,Debit Card,2026,1,January,Q1,30.88490010519367
O04721,2026-06-11,C0211,Sneha Kumar,P1600,Office Chair,Furniture,East,West Bengal,7,9884.58,0.0,69192.06,41753.68,27438.38,UPI,2026,6,June,Q2,39.655388204947215
O04722,2025-03-21,C1178,Rahul Reddy,P6547,Shoes,Clothing,West,Madhya Pradesh,3,5880.03,0.0,17640.09,12469.42,5170.67,Cash,2025,3,March,Q1,29.312038657399142
O04723,2026-05-07,C0968,Rahul Rao,P2376,Dining Table,Furniture,West,Madhya Pradesh,5,23636.17,0.0,118180.85,78230.33,39950.52,UPI,2026,5,May,Q2,33.804563091228395
O04724,2025-02-15,C0226,Divya Sharma,P4636,Smartphone,Electronics,South,Andhra Pradesh,7,28572.57,0.05,190007.59,147208.32,42799.27,Cash,2025,2,February,Q1,22.525031763204826
O04725,2025-06-07,C1025,Rahul Verma,P8566,Dress,Clothing,East,Bihar,5,1902.64,0.05,9037.54,5745.65,3291.89,Net Banking,2025,6,June,Q2,36.424624400002656
O04726,2025-04-27,C0325,Sneha Rao,P9007,Jeans,Clothing,West,Gujarat,3,2451.24,0.2,5882.98,4553.3,1329.68,Cash,2025,4,April,Q2,22.602150610744896
O04727,2025-05-23,C0546,Rahul Patel,P4870,Smartwatch,Electronics,West,Goa,5,10256.57,0.0,51282.85,35318.86,15963.99,Credit Card,2025,5,May,Q2,31.129295661220073
O04728,2025-10-01,C0910,Ravi Kumar,P7050,Makeup Kit,Beauty,South,Andhra Pradesh,5,3467.5,0.1,15603.75,9485.17,6118.58,Debit Card,2025,10,October,Q4,39.2122406472803
O04729,2026-03-06,C1001,Divya Singh,P9667,Mixer Grinder,Home & Kitchen,South,Tamil Nadu,4,4212.08,0.0,16848.32,11959.54,4888.78,Cash,2026,3,March,Q1,29.016424189474083
O04730,2025-12-08,C1035,Priya Patel,P4333,Desk,Furniture,South,Tamil Nadu,7,15496.02,0.2,86777.71,63992.05,22785.66,UPI,2025,12,December,Q4,26.257503222889838
O04731,2025-06-14,C1097,Priya Iyer,P3727,Monitor,Electronics,South,Karnataka,3,16362.51,0.0,49087.53,35156.77,13930.76,UPI,2025,6,June,Q2,28.37942752466869
O04732,2026-01-17,C1029,Sneha Reddy,P7291,Jacket,Clothing,West,Madhya Pradesh,2,2698.06,0.1,4856.51,2866.41,1990.1,Debit Card,2026,1,January,Q1,40.97798624938484
O04733,2025-04-16,C0556,Vijay Reddy,P4333,Desk,Furniture,South,Karnataka,7,21813.93,0.1,137427.76,89352.05,48075.71,Cash,2025,4,April,Q2,34.98253191349404
O04734,2025-03-23,C0072,Sneha Nair,P9667,Mixer Grinder,Home & Kitchen,North,Uttar Pradesh,4,6198.56,0.1,22314.82,17567.54,4747.28,Debit Card,2025,3,March,Q1,21.274112898961317
O04735,2025-11-20,C0375,Meena Reddy,P1796,Mouse,Electronics,South,Telangana,4,2062.34,0.05,7836.89,6133.46,1703.43,Cash,2025,11,November,Q4,21.73604580388394
O04736,2025-08-05,C0233,Vijay Verma,P8566,Dress,Clothing,South,Telangana,2,2830.53,0.15,4811.9,2912.38,1899.52,UPI,2025,8,August,Q3,39.47546707121927
O04737,2025-08-13,C0372,Ananya Nair,P5057,Headphones,Electronics,East,Jharkhand,6,10834.81,0.1,58507.97,37886.08,20621.89,Credit Card,2025,8,August,Q3,35.2462920863602
O04738,2025-05-01,C0486,Priya Sharma,P1600,Office Chair,Furniture,South,Telangana,6,13677.08,0.1,73856.23,60281.21,13575.02,Net Banking,2025,5,May,Q2,18.38033162537541
O04739,2025-07-18,C0172,Sneha Rao,P1077,Skin Care Set,Beauty,North,Delhi,1,4170.23,0.05,3961.72,3019.52,942.2,Debit Card,2025,7,July,Q3,23.782599476994843
O04740,2025-02-21,C0587,Arun Nair,P9007,Jeans,Clothing,East,West Bengal,4,3169.21,0.05,12043.0,8067.84,3975.16,Debit Card,2025,2,February,Q1,33.0080544714772
O04741,2025-11-18,C0541,Priya Verma,P0790,Face Cream,Beauty,East,Jharkhand,2,1591.83,0.2,2546.93,1780.33,766.6,UPI,2025,11,November,Q4,30.098981911556265
O04742,2025-11-26,C1042,Sneha Singh,P0649,Sofa,Furniture,West,Goa,6,33072.75,0.1,178592.85,143934.08,34658.77,Net Banking,2025,11,November,Q4,19.406583186280972
O04743,2025-01-15,C0386,Divya Rao,P9685,Laptop,Electronics,West,Goa,2,75570.58,0.1,136027.04,90172.76,45854.28,Debit Card,2025,1,January,Q1,33.70968007537324
O04744,2025-03-18,C0744,Arun Verma,P7291,Jacket,Clothing,East,West Bengal,5,5869.48,0.1,26412.66,19851.0,6561.66,Debit Card,2025,3,March,Q1,24.84285944694703
O04745,2025-07-09,C0369,Rahul Reddy,P1796,Mouse,Electronics,North,Delhi,7,1685.79,0.2,9440.42,5871.54,3568.88,Net Banking,2025,7,July,Q3,37.80425023462939
O04746,2025-07-04,C0849,Meena Iyer,P0649,Sofa,Furniture,South,Tamil Nadu,2,18332.29,0.1,32998.12,26430.69,6567.43,UPI,2025,7,July,Q3,19.902436866100253
O04747,2025-09-14,C0387,Sneha Rao,P6547,Shoes,Clothing,North,Rajasthan,1,4336.63,0.05,4119.8,2701.61,1418.19,Credit Card,2025,9,September,Q3,34.42375843487548
O04748,2025-06-22,C0579,Divya Patel,P3727,Monitor,Electronics,South,Kerala,6,17637.61,0.1,95243.09,66810.79,28432.3,Net Banking,2025,6,June,Q2,29.852349393536056
O04749,2025-02-19,C0259,Sneha Sharma,P9667,Mixer Grinder,Home & Kitchen,South,Andhra Pradesh,1,6496.74,0.05,6171.9,4586.66,1585.24,Debit Card,2025,2,February,Q1,25.684797226137817
O04750,2025-12-07,C0413,Ananya Sharma,P7780,Vacuum Cleaner,Home & Kitchen,West,Maharashtra,1,6590.65,0.15,5602.05,3543.36,2058.69,Net Banking,2025,12,December,Q4,36.748868717701555
O04751,2025-08-16,C0338,Priya Sharma,P3727,Monitor,Electronics,East,West Bengal,6,28103.11,0.15,143325.86,98965.18,44360.68,UPI,2025,8,August,Q3,30.950925394761285
O04752,2025-05-25,C0678,Karthik Das,P8566,Dress,Clothing,South,Kerala,3,4224.05,0.05,12038.54,8509.61,3528.93,Cash,2025,5,May,Q2,29.313604473632182
O04753,2025-02-16,C0614,Arun Nair,P1600,Office Chair,Furniture,South,Telangana,4,17266.24,0.0,69064.96,43963.11,25101.85,Cash,2025,2,February,Q1,36.345275520321735
O04754,2025-06-11,C0559,Divya Verma,P5057,Headphones,Electronics,South,Kerala,2,8506.53,0.1,15311.75,11133.67,4178.08,UPI,2025,6,June,Q2,27.28675690237889
O04755,2025-08-20,C1176,Priya Nair,P1796,Mouse,Electronics,West,Goa,4,2019.75,0.0,8079.0,6432.77,1646.23,Net Banking,2025,8,August,Q3,20.376655526674092
O04756,2025-06-01,C1120,Karthik Das,P8566,Dress,Clothing,South,Karnataka,7,1295.85,0.15,7710.31,4783.69,2926.62,Net Banking,2025,6,June,Q2,37.95722869767882
O04757,2025-02-25,C1082,Priya Nair,P3067,Cookware Set,Home & Kitchen,South,Andhra Pradesh,3,2749.16,0.0,8247.48,5838.82,2408.66,UPI,2025,2,February,Q1,29.20479952664329
O04758,2025-01-21,C1113,Karthik Nair,P7291,Jacket,Clothing,South,Karnataka,7,2447.31,0.1,15418.05,11394.73,4023.32,Cash,2025,1,January,Q1,26.09486932523893
O04759,2025-05-24,C0484,Ananya Reddy,P1796,Mouse,Electronics,West,Madhya Pradesh,3,790.01,0.1,2133.03,1591.07,541.96,Credit Card,2025,5,May,Q2,25.407987698250846
O04760,2025-09-30,C0903,Ananya Verma,P6547,Shoes,Clothing,North,Haryana,6,2046.77,0.05,11666.59,8103.71,3562.88,UPI,2025,9,September,Q3,30.53917211455961
O04761,2025-02-18,C1040,Ananya Iyer,P6266,Bookshelf,Furniture,South,Tamil Nadu,7,3791.62,0.05,25214.27,15507.64,9706.63,Net Banking,2025,2,February,Q1,38.49657356726964
O04762,2025-04-11,C1031,Divya Sharma,P6993,Air Fryer,Home & Kitchen,East,Bihar,2,10988.91,0.1,19780.04,14047.74,5732.3,Cash,2025,4,April,Q2,28.980224509151647
O04763,2026-06-12,C0882,Meena Singh,P3727,Monitor,Electronics,North,Punjab,7,25518.2,0.0,178627.4,111462.53,67164.87,Credit Card,2026,6,June,Q2,37.60054168621387
O04764,2026-02-21,C1086,Rahul Reddy,P9007,Jeans,Clothing,East,West Bengal,7,2196.27,0.1,13836.5,10711.42,3125.08,Net Banking,2026,2,February,Q1,22.585769522639396
O04765,2025-07-20,C1171,Vijay Nair,P3727,Monitor,Electronics,South,Kerala,3,22145.51,0.0,66436.53,47678.39,18758.14,Debit Card,2025,7,July,Q3,28.234677518527835
O04766,2025-10-29,C0142,Karthik Verma,P7050,Makeup Kit,Beauty,South,Kerala,6,2883.47,0.0,17300.82,11706.52,5594.3,UPI,2025,10,October,Q4,32.335461556157455
O04767,2026-05-14,C0925,Meena Verma,P3693,Keyboard,Electronics,West,Goa,3,2290.65,0.2,5497.56,3713.74,1783.82,Debit Card,2026,5,May,Q2,32.44748579369756
O04768,2026-02-13,C0985,Karthik Kumar,P0649,Sofa,Furniture,North,Haryana,1,41923.99,0.1,37731.59,25133.91,12597.68,Credit Card,2026,2,February,Q1,33.387620293764456
O04769,2025-12-03,C0112,Karthik Iyer,P9007,Jeans,Clothing,North,Haryana,3,2337.7,0.15,5961.13,3582.58,2378.55,Net Banking,2025,12,December,Q4,39.90099192602745
O04770,2025-08-04,C0037,Vijay Kumar,P4636,Smartphone,Electronics,West,Gujarat,7,56622.57,0.0,396357.99,246972.92,149385.07,UPI,2025,8,August,Q3,37.68943070883976
O04771,2025-04-19,C0962,Vijay Sharma,P4870,Smartwatch,Electronics,North,Punjab,6,12455.87,0.1,67261.7,42162.76,25098.94,Cash,2025,4,April,Q2,37.315351827265744
O04772,2026-05-11,C0746,Ravi Singh,P0899,Perfume,Beauty,West,Gujarat,7,4307.39,0.1,27136.56,16571.92,10564.64,Debit Card,2026,5,May,Q2,38.93138997721155
O04773,2026-06-18,C1120,Ravi Sharma,P7291,Jacket,Clothing,North,Delhi,2,5827.24,0.0,11654.48,9259.56,2394.92,Credit Card,2026,6,June,Q2,20.54935097919427
O04774,2025-01-30,C1133,Priya Sharma,P0899,Perfume,Beauty,East,Jharkhand,6,4394.36,0.0,26366.16,19031.16,7335.0,Credit Card,2025,1,January,Q1,27.819750771443395
O04775,2025-05-07,C0556,Ananya Reddy,P5533,Shampoo,Beauty,North,Uttar Pradesh,4,603.54,0.0,2414.16,1630.9,783.26,Credit Card,2025,5,May,Q2,32.444411306624254
O04776,2025-02-15,C0825,Meena Singh,P4870,Smartwatch,Electronics,West,Gujarat,6,5270.43,0.05,30041.45,24556.97,5484.48,Credit Card,2025,2,February,Q1,18.256375774138732
O04777,2025-06-07,C0935,Priya Rao,P1101,T-Shirt,Clothing,South,Kerala,3,671.45,0.1,1812.92,1450.15,362.77,Net Banking,2025,6,June,Q2,20.010259691547336
O04778,2026-06-06,C0401,Meena Reddy,P9685,Laptop,Electronics,East,Bihar,7,84248.01,0.05,560249.27,343481.19,216768.08,Net Banking,2026,6,June,Q2,38.69136322123186
O04779,2025-03-10,C0471,Sneha Singh,P3727,Monitor,Electronics,South,Karnataka,4,10960.21,0.0,43840.84,31910.19,11930.65,Cash,2025,3,March,Q1,27.213552477552895
O04780,2026-01-22,C0149,Ravi Rao,P8699,Coffee Maker,Home & Kitchen,West,Maharashtra,3,4225.25,0.05,12041.96,7479.61,4562.35,UPI,2026,1,January,Q1,37.887104757032915
O04781,2026-02-09,C0798,Divya Singh,P9007,Jeans,Clothing,West,Goa,2,919.44,0.1,1654.99,1205.25,449.74,UPI,2026,2,February,Q1,27.17478655460154
O04782,2026-06-26,C1180,Meena Rao,P4870,Smartwatch,Electronics,North,Punjab,4,13312.28,0.1,47924.21,37089.59,10834.62,Cash,2026,6,June,Q2,22.607821808643276
O04783,2026-02-20,C0517,Vijay Singh,P0649,Sofa,Furniture,East,Bihar,3,14803.05,0.1,39968.23,30696.23,9272.0,Net Banking,2026,2,February,Q1,23.198425349333707
O04784,2025-09-13,C0381,Divya Sharma,P6547,Shoes,Clothing,South,Tamil Nadu,2,2653.69,0.05,5042.01,3827.25,1214.76,Credit Card,2025,9,September,Q3,24.092772525242907
O04785,2026-05-19,C0220,Vijay Nair,P9007,Jeans,Clothing,South,Tamil Nadu,6,2988.15,0.05,17032.46,11020.5,6011.96,Debit Card,2026,5,May,Q2,35.297073939994576
O04786,2026-05-08,C0842,Sneha Das,P4333,Desk,Furniture,North,Delhi,1,11162.5,0.1,10046.25,6799.74,3246.51,Net Banking,2026,5,May,Q2,32.31564016424039
O04787,2026-03-23,C0150,Priya Reddy,P3727,Monitor,Electronics,South,Telangana,3,28213.29,0.05,80407.88,61031.7,19376.18,UPI,2026,3,March,Q1,24.097364586654937
O04788,2025-03-25,C0751,Sneha Das,P7050,Makeup Kit,Beauty,South,Tamil Nadu,7,1954.38,0.15,11628.56,8247.61,3380.95,Cash,2025,3,March,Q1,29.07453717399231
O04789,2026-04-10,C1143,Karthik Das,P4870,Smartwatch,Electronics,West,Goa,4,3467.9,0.15,11790.86,6975.11,4815.75,Net Banking,2026,4,April,Q2,40.843076756063596
O04790,2025-11-27,C1070,Ananya Reddy,P4333,Desk,Furniture,East,West Bengal,4,10023.6,0.05,38089.68,29151.8,8937.88,Cash,2025,11,November,Q4,23.465358595819126
O04791,2025-04-30,C0390,Ananya Reddy,P6547,Shoes,Clothing,North,Punjab,1,3279.3,0.1,2951.37,1727.13,1224.24,Cash,2025,4,April,Q2,41.48039723924822
O04792,2025-08-28,C0731,Karthik Nair,P6266,Bookshelf,Furniture,East,Bihar,2,6364.11,0.1,11455.4,8644.52,2810.88,Credit Card,2025,8,August,Q3,24.537597988721476
O04793,2025-12-13,C0554,Meena Reddy,P0649,Sofa,Furniture,South,Andhra Pradesh,3,20867.29,0.1,56341.68,39384.28,16957.4,Net Banking,2025,12,December,Q4,30.097434084322654
O04794,2025-03-05,C0993,Karthik Reddy,P6547,Shoes,Clothing,West,Madhya Pradesh,4,2568.06,0.05,9758.63,7559.78,2198.85,Credit Card,2025,3,March,Q1,22.532363661702515
O04795,2025-01-14,C0034,Ananya Nair,P3067,Cookware Set,Home & Kitchen,East,Bihar,1,4690.04,0.05,4455.54,3638.32,817.22,UPI,2025,1,January,Q1,18.34166004569592
O04796,2025-10-18,C0492,Arun Rao,P9667,Mixer Grinder,Home & Kitchen,South,Telangana,3,7832.08,0.0,23496.24,14204.9,9291.34,UPI,2025,10,October,Q4,39.54394405232497
O04797,2025-10-30,C1126,Vijay Sharma,P2376,Dining Table,Furniture,South,Andhra Pradesh,2,26017.14,0.0,52034.28,32737.62,19296.66,Credit Card,2025,10,October,Q4,37.0845142855825
O04798,2026-04-11,C1164,Sneha Iyer,P8566,Dress,Clothing,West,Maharashtra,1,2049.13,0.1,1844.22,1415.07,429.15,Debit Card,2026,4,April,Q2,23.270000325340792
O04799,2025-08-22,C0759,Divya Nair,P4636,Smartphone,Electronics,West,Madhya Pradesh,3,46756.78,0.05,133256.82,78009.01,55247.81,UPI,2025,8,August,Q3,41.45964911964731
O04800,2025-03-01,C0679,Meena Iyer,P6266,Bookshelf,Furniture,South,Tamil Nadu,5,3213.85,0.2,12855.4,8792.45,4062.95,UPI,2025,3,March,Q1,31.60500645643076
O04801,2026-06-26,C0771,Rahul Reddy,P7291,Jacket,Clothing,North,Uttar Pradesh,6,4284.07,0.2,20563.54,12412.07,8151.47,Cash,2026,6,June,Q2,39.640402382080126
O04802,2025-10-14,C0907,Rahul Kumar,P8699,Coffee Maker,Home & Kitchen,North,Haryana,4,4567.15,0.15,15528.31,9713.91,5814.4,Credit Card,2025,10,October,Q4,37.443868650226584
O04803,2025-12-12,C0435,Ananya Rao,P0790,Face Cream,Beauty,South,Kerala,1,1745.07,0.1,1570.56,947.16,623.4,Cash,2025,12,December,Q4,39.69284841075795
O04804,2026-01-03,C0971,Ananya Das,P1796,Mouse,Electronics,West,Gujarat,4,2539.16,0.15,8633.14,6158.09,2475.05,UPI,2026,1,January,Q1,28.66917483094216
O04805,2025-01-18,C0273,Karthik Verma,P1077,Skin Care Set,Beauty,North,Rajasthan,7,5001.86,0.1,31511.72,25740.32,5771.4,Debit Card,2025,1,January,Q1,18.315090385418504
O04806,2025-08-19,C0501,Ravi Kumar,P0649,Sofa,Furniture,South,Kerala,1,39316.87,0.15,33419.34,26665.09,6754.25,Credit Card,2025,8,August,Q3,20.21060260316332
O04807,2025-01-23,C1117,Meena Nair,P8566,Dress,Clothing,South,Andhra Pradesh,1,4256.31,0.1,3830.68,2650.68,1180.0,Cash,2025,1,January,Q1,30.803930372675346
O04808,2026-04-27,C0937,Priya Reddy,P1796,Mouse,Electronics,East,Bihar,3,2286.33,0.1,6173.09,4499.99,1673.1,UPI,2026,4,April,Q2,27.10312015538409
O04809,2026-06-23,C0136,Divya Iyer,P4333,Desk,Furniture,South,Kerala,2,17815.45,0.1,32067.81,26170.68,5897.13,Debit Card,2026,6,June,Q2,18.389562617465927
O04810,2025-09-21,C0462,Arun Rao,P1101,T-Shirt,Clothing,West,Madhya Pradesh,4,631.79,0.05,2400.8,1806.29,594.51,Debit Card,2025,9,September,Q3,24.762995668110626
O04811,2025-02-21,C1050,Sneha Nair,P5533,Shampoo,Beauty,North,Uttar Pradesh,1,642.37,0.15,546.01,383.04,162.97,Net Banking,2025,2,February,Q1,29.847438691599056
O04812,2025-06-26,C0298,Meena Rao,P0790,Face Cream,Beauty,South,Tamil Nadu,2,1696.24,0.1,3053.23,1981.95,1071.28,Cash,2025,6,June,Q2,35.0867769542419
O04813,2025-04-10,C0212,Priya Kumar,P4636,Smartphone,Electronics,South,Kerala,6,37989.74,0.1,205144.6,148502.88,56641.72,UPI,2025,4,April,Q2,27.61063172025976
O04814,2025-01-22,C0289,Meena Das,P2376,Dining Table,Furniture,East,Jharkhand,4,27363.86,0.15,93037.12,70468.97,22568.15,UPI,2025,1,January,Q1,24.257145964965385
O04815,2025-01-08,C0078,Sneha Sharma,P7050,Makeup Kit,Beauty,South,Kerala,3,1224.07,0.15,3121.38,1970.26,1151.12,Net Banking,2025,1,January,Q1,36.878560124047695
O04816,2025-05-14,C1092,Ananya Kumar,P0649,Sofa,Furniture,South,Telangana,1,37557.38,0.0,37557.38,29606.27,7951.11,Credit Card,2025,5,May,Q2,21.170566210955077
O04817,2025-10-23,C0013,Ananya Singh,P5057,Headphones,Electronics,West,Madhya Pradesh,1,9132.28,0.1,8219.05,4813.14,3405.91,Net Banking,2025,10,October,Q4,41.43921742780492
O04818,2026-04-28,C0106,Arun Nair,P4636,Smartphone,Electronics,South,Telangana,7,49636.39,0.1,312709.26,196207.53,116501.73,Cash,2026,4,April,Q2,37.25560605400684
O04819,2025-03-22,C0765,Ravi Rao,P9685,Laptop,Electronics,East,West Bengal,6,75598.31,0.05,430910.37,267391.15,163519.22,Credit Card,2025,3,March,Q1,37.94738567094591
O04820,2026-06-18,C0107,Meena Rao,P9685,Laptop,Electronics,East,Bihar,6,81602.74,0.05,465135.62,305823.27,159312.35,UPI,2026,6,June,Q2,34.25073100185275
O04821,2026-06-10,C0437,Karthik Sharma,P9685,Laptop,Electronics,South,Andhra Pradesh,1,58105.56,0.0,58105.56,35616.23,22489.33,Credit Card,2026,6,June,Q2,38.704265134007834
O04822,2026-06-10,C1000,Priya Singh,P8566,Dress,Clothing,South,Tamil Nadu,6,3239.45,0.1,17493.03,11622.89,5870.14,Net Banking,2026,6,June,Q2,33.55702242550319
O04823,2025-04-12,C0831,Rahul Iyer,P8566,Dress,Clothing,East,Bihar,6,2023.56,0.0,12141.36,9248.51,2892.85,Debit Card,2025,4,April,Q2,23.826408244216463
O04824,2026-05-12,C0172,Ananya Das,P1796,Mouse,Electronics,South,Kerala,6,2266.09,0.15,11557.06,9079.32,2477.74,Net Banking,2026,5,May,Q2,21.439189551667983
O04825,2025-11-24,C0183,Ananya Patel,P7087,Tablet,Electronics,North,Delhi,2,13059.61,0.05,24813.26,16322.25,8491.01,Debit Card,2025,11,November,Q4,34.219647075797376
O04826,2026-02-02,C0527,Karthik Patel,P9685,Laptop,Electronics,West,Maharashtra,5,75671.06,0.0,378355.3,229728.71,148626.59,Credit Card,2026,2,February,Q1,39.28228043851904
O04827,2026-04-27,C0185,Sneha Kumar,P4870,Smartwatch,Electronics,West,Maharashtra,3,4257.45,0.1,11495.12,8139.22,3355.9,Credit Card,2026,4,April,Q2,29.19412759501423
O04828,2026-04-30,C0677,Arun Kumar,P8566,Dress,Clothing,South,Tamil Nadu,1,2539.19,0.05,2412.23,1687.42,724.81,Cash,2026,4,April,Q2,30.04730063053689
O04829,2025-04-25,C0112,Priya Das,P1796,Mouse,Electronics,South,Karnataka,4,2160.82,0.05,8211.12,6166.96,2044.16,UPI,2025,4,April,Q2,24.895020411344614
O04830,2025-02-18,C0522,Sneha Verma,P6266,Bookshelf,Furniture,West,Maharashtra,2,8323.08,0.0,16646.16,12612.24,4033.92,Credit Card,2025,2,February,Q1,24.23333669747257
O04831,2025-08-20,C1130,Ravi Sharma,P6266,Bookshelf,Furniture,North,Uttar Pradesh,1,6964.93,0.05,6616.68,4588.96,2027.72,Debit Card,2025,8,August,Q3,30.645580563061834
O04832,2025-07-07,C0331,Ravi Nair,P1796,Mouse,Electronics,North,Uttar Pradesh,4,1483.26,0.0,5933.04,4031.61,1901.43,Credit Card,2025,7,July,Q3,32.04815743699689
O04833,2025-01-05,C1050,Vijay Reddy,P1796,Mouse,Electronics,North,Rajasthan,6,914.5,0.05,5212.65,3633.36,1579.29,UPI,2025,1,January,Q1,30.297257632873876
O04834,2025-04-03,C0534,Meena Nair,P1600,Office Chair,Furniture,South,Andhra Pradesh,7,15187.0,0.2,85047.2,60874.46,24172.74,Credit Card,2025,4,April,Q2,28.422734669689305
O04835,2025-06-20,C0905,Meena Rao,P1101,T-Shirt,Clothing,South,Telangana,2,750.61,0.0,1501.22,996.13,505.09,UPI,2025,6,June,Q2,33.645301821185434
O04836,2025-08-25,C0229,Meena Rao,P2376,Dining Table,Furniture,South,Kerala,1,27245.55,0.1,24521.0,17305.59,7215.41,UPI,2025,8,August,Q3,29.425431262999062
O04837,2025-06-11,C0858,Ravi Das,P8566,Dress,Clothing,East,Bihar,4,3612.32,0.05,13726.82,9777.63,3949.19,Net Banking,2025,6,June,Q2,28.769882609373475
O04838,2025-10-11,C0549,Rahul Iyer,P1600,Office Chair,Furniture,South,Andhra Pradesh,4,11735.58,0.0,46942.32,30343.59,16598.73,Cash,2025,10,October,Q4,35.35984160987356
O04839,2026-05-18,C1133,Rahul Patel,P7050,Makeup Kit,Beauty,North,Rajasthan,6,3356.28,0.05,19130.8,13118.16,6012.64,UPI,2026,5,May,Q2,31.429109080644828
O04840,2025-07-16,C0696,Rahul Das,P7087,Tablet,Electronics,South,Kerala,4,18345.96,0.0,73383.84,48303.07,25080.77,Cash,2025,7,July,Q3,34.17751101604931
O04841,2025-09-25,C0523,Arun Iyer,P7291,Jacket,Clothing,South,Tamil Nadu,4,4328.02,0.1,15580.87,10845.86,4735.01,Credit Card,2025,9,September,Q3,30.38989478764665
O04842,2026-01-15,C0802,Rahul Singh,P2376,Dining Table,Furniture,West,Maharashtra,1,21730.35,0.05,20643.83,12991.64,7652.19,Credit Card,2026,1,January,Q1,37.06768559903855
O04843,2025-06-08,C0581,Rahul Kumar,P4870,Smartwatch,Electronics,North,Rajasthan,2,9282.08,0.2,14851.33,8648.99,6202.34,Net Banking,2025,6,June,Q2,41.76285894933316
O04844,2025-12-24,C0520,Divya Das,P9007,Jeans,Clothing,North,Haryana,2,992.22,0.0,1984.44,1521.86,462.58,Credit Card,2025,12,December,Q4,23.310354558464855
O04845,2025-04-30,C1094,Ravi Singh,P1796,Mouse,Electronics,West,Goa,4,2998.86,0.05,11395.67,9170.6,2225.07,Net Banking,2025,4,April,Q2,19.52557418738872
O04846,2025-09-27,C0344,Ravi Verma,P8699,Coffee Maker,Home & Kitchen,South,Telangana,4,4324.86,0.05,16434.47,9852.49,6581.98,Cash,2025,9,September,Q3,40.04984645078301
O04847,2026-02-26,C0747,Divya Iyer,P3727,Monitor,Electronics,East,Jharkhand,2,13758.9,0.1,24766.02,15483.31,9282.71,UPI,2026,2,February,Q1,37.48163814775244
O04848,2025-09-16,C0112,Rahul Singh,P5057,Headphones,Electronics,North,Uttar Pradesh,5,7702.02,0.05,36584.6,28604.42,7980.18,Cash,2025,9,September,Q3,21.8129486177244
O04849,2025-08-24,C0380,Ravi Singh,P9667,Mixer Grinder,Home & Kitchen,East,Bihar,4,5803.06,0.1,20891.02,14062.11,6828.91,Net Banking,2025,8,August,Q3,32.68825552797326
O04850,2026-03-13,C0840,Ravi Reddy,P3727,Monitor,Electronics,North,Uttar Pradesh,3,11133.96,0.0,33401.88,19503.6,13898.28,Debit Card,2026,3,March,Q1,41.60927468753257
O04851,2025-09-21,C0263,Sneha Nair,P3067,Cookware Set,Home & Kitchen,North,Uttar Pradesh,5,3443.1,0.2,13772.4,9459.88,4312.52,Cash,2025,9,September,Q3,31.312770468473182
O04852,2025-10-13,C0258,Sneha Kumar,P7291,Jacket,Clothing,South,Telangana,7,3592.16,0.15,21373.35,15234.83,6138.52,Cash,2025,10,October,Q4,28.720439238584504
O04853,2025-08-01,C0388,Priya Sharma,P4636,Smartphone,Electronics,South,Telangana,1,27717.82,0.1,24946.04,20137.3,4808.74,Net Banking,2025,8,August,Q3,19.27656654122257
O04854,2025-05-18,C0111,Priya Kumar,P7087,Tablet,Electronics,East,West Bengal,7,32513.67,0.1,204836.12,147860.0,56976.12,UPI,2025,5,May,Q2,27.815465358355745
O04855,2025-03-21,C0803,Arun Kumar,P7087,Tablet,Electronics,North,Uttar Pradesh,5,14761.64,0.1,66427.38,47345.09,19082.29,UPI,2025,3,March,Q1,28.726543181441144
O04856,2026-05-02,C0456,Meena Singh,P3693,Keyboard,Electronics,South,Tamil Nadu,5,4209.44,0.05,19994.84,14489.12,5505.72,Cash,2026,5,May,Q2,27.535704211686618
O04857,2025-08-18,C0449,Vijay Das,P5057,Headphones,Electronics,West,Madhya Pradesh,2,3607.34,0.15,6132.48,4921.58,1210.9,Net Banking,2025,8,August,Q3,19.745682007931542
O04858,2025-06-27,C0278,Karthik Rao,P4636,Smartphone,Electronics,West,Goa,5,41257.02,0.05,195970.84,126813.15,69157.69,UPI,2025,6,June,Q2,35.28978597019842
O04859,2025-12-13,C1062,Vijay Singh,P6266,Bookshelf,Furniture,South,Tamil Nadu,4,5483.54,0.1,19740.74,13006.24,6734.5,Cash,2025,12,December,Q4,34.114729235074265
O04860,2025-06-19,C0736,Arun Das,P3727,Monitor,Electronics,West,Maharashtra,4,10695.32,0.15,36364.09,28860.54,7503.55,Net Banking,2025,6,June,Q2,20.634505084549073
O04861,2025-07-15,C0738,Karthik Patel,P0790,Face Cream,Beauty,North,Punjab,5,818.73,0.15,3479.6,2695.64,783.96,Cash,2025,7,July,Q3,22.530175882285324
O04862,2026-06-06,C0181,Karthik Reddy,P4870,Smartwatch,Electronics,North,Uttar Pradesh,1,10964.7,0.1,9868.23,5992.52,3875.71,UPI,2026,6,June,Q2,39.274621690009255
O04863,2026-05-25,C0555,Arun Patel,P7087,Tablet,Electronics,East,Bihar,7,18934.47,0.1,119287.16,82238.67,37048.49,Credit Card,2026,5,May,Q2,31.05823795285259
O04864,2026-06-26,C0030,Sneha Das,P5057,Headphones,Electronics,East,Odisha,2,7103.72,0.15,12076.32,8928.4,3147.92,UPI,2026,6,June,Q2,26.066881301588563
O04865,2025-03-27,C0780,Meena Reddy,P3067,Cookware Set,Home & Kitchen,South,Andhra Pradesh,3,7933.61,0.0,23800.83,15772.71,8028.12,Net Banking,2025,3,March,Q1,33.73042032567771
O04866,2026-03-02,C0612,Meena Iyer,P4870,Smartwatch,Electronics,South,Tamil Nadu,5,9424.83,0.05,44767.94,26132.69,18635.25,Cash,2026,3,March,Q1,41.626329020276565
O04867,2025-01-19,C0882,Sneha Nair,P0649,Sofa,Furniture,East,Odisha,3,49818.16,0.1,134509.03,96339.72,38169.31,Debit Card,2025,1,January,Q1,28.37676399866983
O04868,2026-06-17,C1200,Arun Patel,P0649,Sofa,Furniture,East,Odisha,2,22688.01,0.05,43107.22,27377.45,15729.77,Cash,2026,6,June,Q2,36.48987339011887
O04869,2025-11-23,C0468,Sneha Singh,P7291,Jacket,Clothing,West,Gujarat,4,4089.03,0.1,14720.51,11933.81,2786.7,UPI,2025,11,November,Q4,18.930729981501997
O04870,2026-01-02,C1102,Ravi Iyer,P5533,Shampoo,Beauty,South,Kerala,2,696.17,0.05,1322.72,1083.21,239.51,Debit Card,2026,1,January,Q1,18.10738478287166
O04871,2025-04-24,C1096,Vijay Verma,P9685,Laptop,Electronics,East,Odisha,1,66601.02,0.1,59940.92,38875.9,21065.02,Net Banking,2025,4,April,Q2,35.142970778559956
O04872,2025-03-19,C0495,Ravi Rao,P9685,Laptop,Electronics,South,Kerala,5,79412.98,0.05,377211.66,306558.82,70652.84,Debit Card,2025,3,March,Q1,18.730290574792942
O04873,2025-10-30,C1032,Priya Sharma,P9685,Laptop,Electronics,West,Gujarat,4,57442.95,0.15,195306.03,132231.7,63074.33,Debit Card,2025,10,October,Q4,32.295126781287806
O04874,2025-02-18,C0752,Meena Iyer,P5057,Headphones,Electronics,East,Odisha,4,8014.07,0.1,28850.65,21007.68,7842.97,Credit Card,2025,2,February,Q1,27.184725474122768
O04875,2025-10-27,C0784,Sneha Reddy,P4870,Smartwatch,Electronics,North,Punjab,6,4244.79,0.1,22921.87,18151.61,4770.26,Cash,2025,10,October,Q4,20.81095477812238
O04876,2025-09-05,C0092,Divya Rao,P4636,Smartphone,Electronics,North,Punjab,7,41424.64,0.05,275473.86,172436.89,103036.97,Net Banking,2025,9,September,Q3,37.40353803442548
O04877,2025-07-27,C1033,Meena Reddy,P7291,Jacket,Clothing,East,Jharkhand,1,3166.31,0.05,3007.99,1752.93,1255.06,Cash,2025,7,July,Q3,41.724207859733575
O04878,2026-06-16,C0169,Rahul Sharma,P1796,Mouse,Electronics,East,West Bengal,4,753.55,0.05,2863.49,2269.14,594.35,Credit Card,2026,6,June,Q2,20.75614023446913
O04879,2026-05-26,C0800,Karthik Rao,P1101,T-Shirt,Clothing,North,Rajasthan,5,1285.28,0.1,5783.76,3975.47,1808.29,Cash,2026,5,May,Q2,31.26495566897658
O04880,2025-11-07,C0117,Divya Iyer,P1796,Mouse,Electronics,South,Kerala,2,2286.82,0.05,4344.96,2622.6,1722.36,UPI,2025,11,November,Q4,39.640410958904106
O04881,2025-08-26,C1003,Divya Rao,P6266,Bookshelf,Furniture,East,Bihar,3,3679.56,0.15,9382.88,6807.94,2574.94,Debit Card,2025,8,August,Q3,27.442959944068352
O04882,2025-04-09,C1058,Priya Singh,P1101,T-Shirt,Clothing,West,Goa,3,1077.69,0.2,2586.46,2035.76,550.7,Cash,2025,4,April,Q2,21.291649590560073
O04883,2025-11-09,C1058,Meena Sharma,P4636,Smartphone,Electronics,West,Gujarat,1,34316.52,0.1,30884.87,20159.84,10725.03,Credit Card,2025,11,November,Q4,34.72583825025005
O04884,2026-04-24,C1176,Ananya Rao,P3067,Cookware Set,Home & Kitchen,West,Goa,3,7022.94,0.05,20015.38,15474.98,4540.4,UPI,2026,4,April,Q2,22.68455557676147
O04885,2025-08-10,C0015,Arun Singh,P0790,Face Cream,Beauty,East,Jharkhand,4,1277.06,0.05,4852.83,3012.42,1840.41,UPI,2025,8,August,Q3,37.924468815103765
O04886,2025-03-16,C0678,Rahul Sharma,P3693,Keyboard,Electronics,North,Rajasthan,6,3097.59,0.15,15797.71,10656.5,5141.21,Cash,2025,3,March,Q1,32.54402062071022
O04887,2025-08-10,C0318,Meena Patel,P0899,Perfume,Beauty,North,Rajasthan,1,1485.29,0.0,1485.29,910.04,575.25,Credit Card,2025,8,August,Q3,38.72981034006827
O04888,2026-06-18,C0826,Karthik Patel,P0790,Face Cream,Beauty,West,Maharashtra,3,1426.43,0.15,3637.4,2255.79,1381.61,Debit Card,2026,6,June,Q2,37.9834497168307
O04889,2025-09-04,C0219,Priya Rao,P4870,Smartwatch,Electronics,South,Kerala,7,9830.57,0.05,65373.29,50234.9,15138.39,Debit Card,2025,9,September,Q3,23.156842802312685
O04890,2025-01-13,C0258,Divya Kumar,P2376,Dining Table,Furniture,North,Haryana,6,30443.17,0.0,182659.02,111382.52,71276.5,UPI,2025,1,January,Q1,39.02161524790837
O04891,2025-10-18,C0430,Karthik Rao,P4636,Smartphone,Electronics,North,Rajasthan,5,62993.13,0.2,251972.52,146168.13,105804.39,Credit Card,2025,10,October,Q4,41.990448005996846
O04892,2026-01-03,C0724,Rahul Verma,P9685,Laptop,Electronics,West,Gujarat,6,80503.37,0.15,410567.19,290671.28,119895.91,Cash,2026,1,January,Q1,29.202506415575975
O04893,2026-05-23,C0406,Ravi Nair,P6547,Shoes,Clothing,West,Goa,7,2465.78,0.1,15534.41,9016.65,6517.76,Cash,2026,5,May,Q2,41.95692015338851
O04894,2026-06-20,C1063,Rahul Patel,P1600,Office Chair,Furniture,West,Maharashtra,5,8462.43,0.05,40196.54,26936.07,13260.47,UPI,2026,6,June,Q2,32.98908313999165
O04895,2025-12-08,C0018,Ravi Das,P0790,Face Cream,Beauty,East,Bihar,3,1621.4,0.2,3891.36,2579.8,1311.56,Debit Card,2025,12,December,Q4,33.70441182517166
O04896,2025-03-20,C0167,Vijay Nair,P8699,Coffee Maker,Home & Kitchen,North,Punjab,5,5343.51,0.15,22709.92,14386.97,8322.95,UPI,2025,3,March,Q1,36.64896221563089
O04897,2026-05-29,C0856,Sneha Singh,P6993,Air Fryer,Home & Kitchen,South,Tamil Nadu,7,10387.93,0.05,69079.73,53177.19,15902.54,Cash,2026,5,May,Q2,23.02055899755254
O04898,2026-05-03,C0036,Rahul Kumar,P5057,Headphones,Electronics,North,Punjab,3,11746.3,0.15,29953.06,19530.99,10422.07,Cash,2026,5,May,Q2,34.7946754021125
O04899,2025-10-18,C0401,Priya Sharma,P0790,Face Cream,Beauty,West,Madhya Pradesh,7,1023.0,0.15,6086.85,4382.95,1703.9,UPI,2025,10,October,Q4,27.993132736965755
O04900,2026-02-15,C0482,Vijay Reddy,P6993,Air Fryer,Home & Kitchen,West,Madhya Pradesh,7,5976.97,0.05,39746.85,31799.88,7946.97,Net Banking,2026,2,February,Q1,19.993961785650942
O04901,2026-02-10,C0633,Vijay Reddy,P0790,Face Cream,Beauty,West,Gujarat,4,946.45,0.1,3407.22,2621.62,785.6,Credit Card,2026,2,February,Q1,23.056920304529797
O04902,2025-04-03,C0096,Divya Patel,P2376,Dining Table,Furniture,South,Karnataka,3,20146.41,0.1,54395.31,38371.03,16024.28,Net Banking,2025,4,April,Q2,29.458936809074167
O04903,2025-08-11,C0830,Rahul Reddy,P3067,Cookware Set,Home & Kitchen,South,Karnataka,7,7041.0,0.05,46822.65,31651.84,15170.81,Credit Card,2025,8,August,Q3,32.40057963400192
O04904,2025-05-31,C0595,Ananya Singh,P1101,T-Shirt,Clothing,South,Kerala,5,1597.81,0.05,7589.6,5668.82,1920.78,UPI,2025,5,May,Q2,25.308053125329394
O04905,2025-12-17,C0152,Karthik Reddy,P1600,Office Chair,Furniture,South,Andhra Pradesh,4,4490.81,0.05,17065.08,11365.23,5699.85,Credit Card,2025,12,December,Q4,33.40066381171374
O04906,2026-05-15,C0829,Sneha Iyer,P3693,Keyboard,Electronics,South,Andhra Pradesh,4,4431.06,0.15,15065.6,9069.97,5995.63,UPI,2026,5,May,Q2,39.796821898895494
O04907,2026-05-27,C1110,Ravi Rao,P8566,Dress,Clothing,North,Haryana,7,4378.01,0.0,30646.07,17883.18,12762.89,UPI,2026,5,May,Q2,41.64609034698413
O04908,2025-01-04,C0468,Ananya Singh,P6993,Air Fryer,Home & Kitchen,North,Uttar Pradesh,6,8197.89,0.1,44268.61,30760.7,13507.91,Credit Card,2025,1,January,Q1,30.513517365916844
O04909,2025-04-17,C0820,Vijay Singh,P1600,Office Chair,Furniture,West,Maharashtra,5,17393.22,0.2,69572.88,49148.35,20424.53,Net Banking,2025,4,April,Q2,29.357028198343947
O04910,2026-02-10,C0114,Ravi Reddy,P5533,Shampoo,Beauty,West,Gujarat,3,331.79,0.1,895.83,554.23,341.6,Credit Card,2026,2,February,Q1,38.13223491064153
O04911,2025-03-25,C0941,Arun Das,P2376,Dining Table,Furniture,South,Andhra Pradesh,2,26194.28,0.0,52388.56,34546.3,17842.26,Cash,2025,3,March,Q1,34.05754996892451
O04912,2025-01-21,C0794,Arun Singh,P9685,Laptop,Electronics,South,Kerala,7,65654.56,0.05,436602.82,271547.94,165054.88,Credit Card,2025,1,January,Q1,37.80435499706575
O04913,2025-06-25,C0644,Arun Kumar,P9007,Jeans,Clothing,North,Delhi,7,1463.71,0.05,9733.67,7072.97,2660.7,UPI,2025,6,June,Q2,27.335013412207314
O04914,2026-01-05,C1107,Arun Reddy,P6547,Shoes,Clothing,South,Telangana,2,4553.68,0.15,7741.26,5995.48,1745.78,UPI,2026,1,January,Q1,22.551625962698576
O04915,2025-07-04,C0516,Ravi Patel,P9007,Jeans,Clothing,South,Telangana,6,2551.3,0.1,13777.02,8398.63,5378.39,Net Banking,2025,7,July,Q3,39.03884874958445
O04916,2025-09-13,C1085,Ravi Singh,P1600,Office Chair,Furniture,South,Tamil Nadu,5,13224.32,0.0,66121.6,47984.0,18137.6,Debit Card,2025,9,September,Q3,27.43067318395199
O04917,2025-09-03,C1137,Meena Kumar,P1101,T-Shirt,Clothing,South,Andhra Pradesh,4,1482.55,0.1,5337.18,4018.76,1318.42,Net Banking,2025,9,September,Q3,24.702558279840662
O04918,2026-03-14,C0749,Karthik Verma,P0649,Sofa,Furniture,North,Uttar Pradesh,1,49030.32,0.05,46578.8,36769.04,9809.76,UPI,2026,3,March,Q1,21.060568327221826
O04919,2026-06-05,C0096,Karthik Singh,P5057,Headphones,Electronics,North,Haryana,3,11840.99,0.1,31970.67,18807.54,13163.13,Cash,2026,6,June,Q2,41.17251843642939
O04920,2025-10-20,C0570,Meena Das,P2376,Dining Table,Furniture,South,Karnataka,2,33606.26,0.0,67212.52,52817.34,14395.18,UPI,2025,10,October,Q4,21.417408542337053
O04921,2025-06-03,C0507,Meena Singh,P9007,Jeans,Clothing,West,Maharashtra,2,1566.19,0.05,2975.76,2060.83,914.93,UPI,2025,6,June,Q2,30.74609511519746
O04922,2025-06-23,C0553,Rahul Nair,P9667,Mixer Grinder,Home & Kitchen,South,Telangana,1,4699.42,0.0,4699.42,3702.48,996.94,Credit Card,2025,6,June,Q2,21.21410727281239
O04923,2026-01-11,C0480,Divya Nair,P5533,Shampoo,Beauty,North,Uttar Pradesh,6,900.04,0.0,5400.24,3707.06,1693.18,Credit Card,2026,1,January,Q1,31.353791683332595
O04924,2025-04-07,C0980,Ravi Reddy,P7780,Vacuum Cleaner,Home & Kitchen,North,Rajasthan,5,9865.82,0.05,46862.64,29864.31,16998.33,Debit Card,2025,4,April,Q2,36.272668377197704
O04925,2025-07-27,C0144,Sneha Rao,P1600,Office Chair,Furniture,South,Andhra Pradesh,4,12214.95,0.0,48859.8,30033.48,18826.32,Net Banking,2025,7,July,Q3,38.53130794640993
O04926,2025-05-29,C0820,Rahul Reddy,P8566,Dress,Clothing,West,Goa,6,3632.96,0.1,19617.98,14226.05,5391.93,Cash,2025,5,May,Q2,27.48463399391783
O04927,2026-01-02,C0358,Arun Reddy,P7291,Jacket,Clothing,South,Kerala,6,5989.72,0.0,35938.32,23771.07,12167.25,Debit Card,2026,1,January,Q1,33.85592314832746
O04928,2025-03-19,C0073,Sneha Sharma,P1101,T-Shirt,Clothing,North,Delhi,2,668.23,0.0,1336.46,955.09,381.37,UPI,2025,3,March,Q1,28.53583347051165
O04929,2025-05-14,C0577,Meena Sharma,P3067,Cookware Set,Home & Kitchen,South,Tamil Nadu,4,7203.8,0.05,27374.44,15933.33,11441.11,Credit Card,2025,5,May,Q2,41.794864114115214
O04930,2026-03-15,C0283,Meena Reddy,P0899,Perfume,Beauty,North,Delhi,1,1613.14,0.1,1451.83,955.95,495.88,Credit Card,2026,3,March,Q1,34.1555140753394
O04931,2026-05-09,C0595,Ravi Rao,P4636,Smartphone,Electronics,East,Jharkhand,4,41118.62,0.1,148027.03,114256.48,33770.55,UPI,2026,5,May,Q2,22.81377259274877
O04932,2026-01-06,C1078,Divya Sharma,P0649,Sofa,Furniture,North,Delhi,1,24720.27,0.1,22248.24,16067.88,6180.36,Credit Card,2026,1,January,Q1,27.77909623412908
O04933,2026-05-29,C0836,Rahul Nair,P9007,Jeans,Clothing,South,Karnataka,4,1865.49,0.0,7461.96,4399.19,3062.77,Credit Card,2026,5,May,Q2,41.045114152313865
O04934,2025-06-22,C0118,Divya Sharma,P1600,Office Chair,Furniture,North,Delhi,4,11061.29,0.15,37608.39,26386.84,11221.55,Cash,2025,6,June,Q2,29.837889896376847
O04935,2025-06-12,C0329,Ananya Kumar,P1600,Office Chair,Furniture,South,Andhra Pradesh,4,9812.36,0.1,35324.5,23716.31,11608.19,Credit Card,2025,6,June,Q2,32.86158332035839
O04936,2025-03-16,C0876,Rahul Iyer,P7291,Jacket,Clothing,North,Uttar Pradesh,6,2103.45,0.1,11358.63,9273.68,2084.95,UPI,2025,3,March,Q1,18.355646763738232
O04937,2025-12-03,C0782,Arun Rao,P7780,Vacuum Cleaner,Home & Kitchen,West,Gujarat,2,8390.65,0.0,16781.3,12169.36,4611.94,UPI,2025,12,December,Q4,27.482614576939806
O04938,2025-09-22,C1178,Ravi Rao,P6993,Air Fryer,Home & Kitchen,East,West Bengal,1,11247.89,0.0,11247.89,8517.1,2730.79,Net Banking,2025,9,September,Q3,24.27824240813166
O04939,2026-05-27,C0764,Karthik Verma,P5057,Headphones,Electronics,West,Madhya Pradesh,1,8868.19,0.0,8868.19,6087.76,2780.43,Net Banking,2026,5,May,Q2,31.35284652223283
O04940,2025-04-26,C0110,Sneha Nair,P9007,Jeans,Clothing,West,Madhya Pradesh,6,2653.86,0.05,15127.0,12106.37,3020.63,UPI,2025,4,April,Q2,19.96846697957295
O04941,2025-04-25,C1027,Vijay Kumar,P5533,Shampoo,Beauty,South,Telangana,6,369.22,0.05,2104.55,1472.66,631.89,Debit Card,2025,4,April,Q2,30.024945950440706
O04942,2025-12-25,C0877,Meena Singh,P3693,Keyboard,Electronics,West,Maharashtra,2,4299.25,0.0,8598.5,6338.27,2260.23,Net Banking,2025,12,December,Q4,26.286329010873988
O04943,2025-04-01,C1020,Sneha Singh,P7087,Tablet,Electronics,North,Punjab,5,14171.28,0.0,70856.4,54489.05,16367.35,Credit Card,2025,4,April,Q2,23.0993248316313
O04944,2025-08-19,C0394,Ananya Sharma,P0899,Perfume,Beauty,South,Andhra Pradesh,6,3076.67,0.1,16614.02,10948.94,5665.08,Cash,2025,8,August,Q3,34.09818936055211
O04945,2025-08-03,C0263,Ravi Rao,P7050,Makeup Kit,Beauty,North,Delhi,3,3096.26,0.0,9288.78,6892.22,2396.56,Credit Card,2025,8,August,Q3,25.800589528441837
O04946,2026-02-06,C0173,Ravi Kumar,P6993,Air Fryer,Home & Kitchen,West,Gujarat,3,5283.97,0.0,15851.91,9568.63,6283.28,UPI,2026,2,February,Q1,39.637368619932865
O04947,2025-12-31,C0562,Priya Singh,P4636,Smartphone,Electronics,West,Maharashtra,3,18724.72,0.05,53365.45,43676.55,9688.9,Credit Card,2025,12,December,Q4,18.155754331688385
O04948,2026-05-25,C0989,Divya Rao,P8566,Dress,Clothing,South,Karnataka,1,1709.57,0.0,1709.57,1282.76,426.81,UPI,2026,5,May,Q2,24.965927104476567
O04949,2025-02-11,C0992,Ananya Iyer,P9667,Mixer Grinder,Home & Kitchen,South,Andhra Pradesh,5,3577.89,0.0,17889.45,14612.29,3277.16,Debit Card,2025,2,February,Q1,18.318953349599905
O04950,2026-02-17,C1069,Ravi Rao,P7050,Makeup Kit,Beauty,North,Rajasthan,4,3570.05,0.05,13566.19,9419.25,4146.94,Credit Card,2026,2,February,Q1,30.56819932493942
O04951,2025-10-22,C0476,Karthik Das,P9667,Mixer Grinder,Home & Kitchen,North,Uttar Pradesh,7,5910.3,0.1,37234.89,27935.82,9299.07,Net Banking,2025,10,October,Q4,24.974076732870703
O04952,2025-06-14,C1028,Ananya Kumar,P9667,Mixer Grinder,Home & Kitchen,West,Madhya Pradesh,1,5256.22,0.0,5256.22,3862.1,1394.12,UPI,2025,6,June,Q2,26.523242938841978
O04953,2025-07-09,C0460,Sneha Das,P1101,T-Shirt,Clothing,South,Karnataka,3,1795.19,0.05,5116.29,3600.32,1515.97,Cash,2025,7,July,Q3,29.630259426263954
O04954,2025-03-13,C0185,Divya Verma,P7087,Tablet,Electronics,North,Rajasthan,6,14742.54,0.15,75186.95,50491.76,24695.19,UPI,2025,3,March,Q1,32.84504824307942
O04955,2026-06-23,C0263,Vijay Reddy,P9685,Laptop,Electronics,East,Odisha,2,56944.42,0.0,113888.84,72874.58,41014.26,Debit Card,2026,6,June,Q2,36.01253643464979
O04956,2025-07-21,C0011,Rahul Nair,P6993,Air Fryer,Home & Kitchen,South,Andhra Pradesh,4,11533.3,0.0,46133.2,32569.67,13563.53,Credit Card,2025,7,July,Q3,29.400800291330327
O04957,2025-09-09,C0761,Meena Verma,P7050,Makeup Kit,Beauty,North,Uttar Pradesh,3,4011.69,0.0,12035.07,9363.71,2671.36,UPI,2025,9,September,Q3,22.196464166805846
O04958,2025-02-23,C0819,Karthik Singh,P8566,Dress,Clothing,West,Goa,3,4472.66,0.0,13417.98,10237.06,3180.92,Credit Card,2025,2,February,Q1,23.706399920107202
O04959,2025-11-04,C0691,Divya Singh,P7087,Tablet,Electronics,North,Delhi,7,24041.67,0.05,159877.11,111253.03,48624.08,Credit Card,2025,11,November,Q4,30.413409399256718
O04960,2025-03-12,C0757,Ravi Das,P3693,Keyboard,Electronics,East,Bihar,4,1417.57,0.05,5386.77,4145.74,1241.03,Net Banking,2025,3,March,Q1,23.038481316261876
O04961,2025-10-09,C1049,Arun Singh,P7087,Tablet,Electronics,North,Haryana,4,16884.8,0.15,57408.32,39616.94,17791.38,Debit Card,2025,10,October,Q4,30.990943473001824
O04962,2025-04-28,C0225,Vijay Kumar,P9667,Mixer Grinder,Home & Kitchen,South,Telangana,6,3649.25,0.05,20800.72,14870.21,5930.51,Net Banking,2025,4,April,Q2,28.511080385678955
O04963,2025-12-26,C0130,Arun Kumar,P1101,T-Shirt,Clothing,West,Madhya Pradesh,4,1187.29,0.2,3799.33,3008.82,790.51,Credit Card,2025,12,December,Q4,20.80656326246996
O04964,2026-06-03,C0065,Priya Singh,P1600,Office Chair,Furniture,South,Telangana,1,9045.23,0.1,8140.71,6456.31,1684.4,Credit Card,2026,6,June,Q2,20.691069943530724
O04965,2025-02-22,C0806,Vijay Sharma,P6266,Bookshelf,Furniture,North,Delhi,7,11103.54,0.15,66066.06,42098.54,23967.52,Credit Card,2025,2,February,Q1,36.278113149172206
O04966,2025-12-05,C0032,Ananya Rao,P0899,Perfume,Beauty,South,Andhra Pradesh,3,4633.84,0.05,13206.44,9553.37,3653.07,Debit Card,2025,12,December,Q4,27.661277376794956
O04967,2025-11-09,C0032,Rahul Nair,P0649,Sofa,Furniture,North,Uttar Pradesh,2,12912.58,0.1,23242.64,15884.6,7358.04,UPI,2025,11,November,Q4,31.657505343627058
O04968,2026-04-03,C1053,Sneha Verma,P7291,Jacket,Clothing,South,Tamil Nadu,7,6872.57,0.1,43297.19,25846.86,17450.33,Net Banking,2026,4,April,Q2,40.30360861755693
O04969,2025-12-04,C0229,Divya Reddy,P0649,Sofa,Furniture,West,Gujarat,5,39796.4,0.0,198982.0,128671.54,70310.46,Cash,2025,12,December,Q4,35.335085585630864
O04970,2025-12-17,C0829,Ananya Patel,P0790,Face Cream,Beauty,South,Andhra Pradesh,3,986.75,0.15,2516.21,1895.39,620.82,UPI,2025,12,December,Q4,24.67282142587463
O04971,2025-01-08,C1064,Vijay Singh,P7087,Tablet,Electronics,North,Haryana,7,29843.82,0.1,188016.07,112810.1,75205.97,Debit Card,2025,1,January,Q1,39.999756403801015
O04972,2025-07-28,C0578,Arun Iyer,P1796,Mouse,Electronics,East,West Bengal,7,2085.96,0.1,13141.55,9843.94,3297.61,Debit Card,2025,7,July,Q3,25.09300653271494
O04973,2026-06-05,C0019,Ananya Rao,P7087,Tablet,Electronics,South,Kerala,7,20067.93,0.1,126427.96,85758.78,40669.18,UPI,2026,6,June,Q2,32.16786856325135
O04974,2025-06-20,C0038,Vijay Verma,P4636,Smartphone,Electronics,West,Gujarat,4,36281.85,0.05,137871.03,82802.32,55068.71,Credit Card,2025,6,June,Q2,39.94219090116321
O04975,2026-05-13,C0156,Karthik Nair,P1796,Mouse,Electronics,West,Goa,7,2900.51,0.0,20303.57,16127.32,4176.25,UPI,2026,5,May,Q2,20.569042784101516
O04976,2026-06-24,C0067,Arun Sharma,P3727,Monitor,Electronics,East,West Bengal,6,10896.39,0.0,65378.34,52247.26,13131.08,Credit Card,2026,6,June,Q2,20.084755899277955
O04977,2026-04-16,C0781,Rahul Singh,P1077,Skin Care Set,Beauty,South,Karnataka,6,3430.91,0.1,18526.91,12582.87,5944.04,Cash,2026,4,April,Q2,32.08327778350518
O04978,2025-06-10,C0117,Meena Patel,P1077,Skin Care Set,Beauty,South,Andhra Pradesh,5,1597.78,0.1,7190.01,4899.12,2290.89,Credit Card,2025,6,June,Q2,31.862125365611448
O04979,2025-01-05,C0056,Rahul Nair,P8699,Coffee Maker,Home & Kitchen,East,Jharkhand,2,7758.22,0.1,13964.8,8607.14,5357.66,Credit Card,2025,1,January,Q1,38.36546173235564
O04980,2025-05-29,C0259,Divya Patel,P7087,Tablet,Electronics,South,Telangana,3,19427.24,0.0,58281.72,43888.34,14393.38,Credit Card,2025,5,May,Q2,24.696216927022743
O04981,2025-08-16,C0677,Divya Sharma,P7291,Jacket,Clothing,East,Odisha,3,2764.92,0.15,7050.55,4285.37,2765.18,Debit Card,2025,8,August,Q3,39.219351681783685
O04982,2026-06-11,C0485,Ravi Verma,P1600,Office Chair,Furniture,North,Delhi,6,16541.77,0.0,99250.62,73576.81,25673.81,Debit Card,2026,6,June,Q2,25.86765704838922
O04983,2025-05-04,C1165,Sneha Nair,P1600,Office Chair,Furniture,South,Karnataka,6,17569.35,0.05,100145.29,77676.78,22468.51,Debit Card,2025,5,May,Q2,22.435912862202507
O04984,2025-06-01,C0620,Sneha Kumar,P3693,Keyboard,Electronics,North,Punjab,2,3886.61,0.1,6995.9,4431.91,2563.99,Credit Card,2025,6,June,Q2,36.64989493846396
O04985,2025-08-18,C0221,Rahul Verma,P9007,Jeans,Clothing,South,Telangana,3,2320.0,0.0,6960.0,4366.53,2593.47,Debit Card,2025,8,August,Q3,37.262499999999996
O04986,2026-04-17,C1046,Ananya Iyer,P5533,Shampoo,Beauty,West,Gujarat,5,238.22,0.0,1191.1,787.7,403.4,UPI,2026,4,April,Q2,33.86785324489967
O04987,2025-03-29,C0092,Arun Iyer,P7087,Tablet,Electronics,South,Andhra Pradesh,1,19946.74,0.0,19946.74,12823.31,7123.43,Cash,2025,3,March,Q1,35.71225172634726
O04988,2025-12-08,C0246,Karthik Rao,P4870,Smartwatch,Electronics,South,Tamil Nadu,2,14617.8,0.0,29235.6,23831.8,5403.8,Net Banking,2025,12,December,Q4,18.483629547537937
O04989,2026-06-07,C0545,Divya Singh,P9007,Jeans,Clothing,West,Goa,4,1665.59,0.05,6329.24,4151.62,2177.62,Credit Card,2026,6,June,Q2,34.40571063824409
O04990,2025-03-07,C1200,Arun Sharma,P0649,Sofa,Furniture,East,West Bengal,2,35835.45,0.1,64503.81,45591.72,18912.09,Net Banking,2025,3,March,Q1,29.319337880971684
O04991,2025-12-15,C0586,Sneha Das,P6547,Shoes,Clothing,South,Andhra Pradesh,3,4134.74,0.15,10543.59,7297.87,3245.72,Net Banking,2025,12,December,Q4,30.783822208564633
O04992,2026-01-01,C0946,Sneha Reddy,P3693,Keyboard,Electronics,South,Karnataka,5,1349.23,0.0,6746.15,4204.5,2541.65,Cash,2026,1,January,Q1,37.67556309895274
O04993,2025-09-08,C1003,Vijay Reddy,P3693,Keyboard,Electronics,South,Telangana,4,2998.43,0.05,11394.03,9162.8,2231.23,Net Banking,2025,9,September,Q3,19.58244800127786
O04994,2026-06-26,C0438,Arun Sharma,P1796,Mouse,Electronics,North,Punjab,7,2339.78,0.05,15559.54,10547.65,5011.89,Credit Card,2026,6,June,Q2,32.211042228754835
O04995,2025-08-13,C0503,Priya Nair,P4333,Desk,Furniture,South,Andhra Pradesh,1,11012.98,0.15,9361.03,6450.24,2910.79,Net Banking,2025,8,August,Q3,31.094762008026894
O04996,2026-05-02,C0651,Divya Reddy,P7050,Makeup Kit,Beauty,West,Maharashtra,7,4317.16,0.1,27198.11,20443.26,6754.85,UPI,2026,5,May,Q2,24.835733071158252
O04997,2025-01-12,C0094,Meena Patel,P3693,Keyboard,Electronics,North,Rajasthan,1,1848.03,0.1,1663.23,1062.63,600.6,UPI,2025,1,January,Q1,36.1104597680417
O04998,2025-04-11,C0087,Ananya Verma,P6547,Shoes,Clothing,South,Andhra Pradesh,1,4587.65,0.1,4128.88,3349.34,779.54,Credit Card,2025,4,April,Q2,18.880180581658948
O04999,2025-09-04,C0519,Sneha Rao,P1077,Skin Care Set,Beauty,North,Uttar Pradesh,5,3390.51,0.1,15257.3,11617.8,3639.5,Cash,2025,9,September,Q3,23.85415506020069
O05000,2026-04-08,C0049,Vijay Reddy,P1077,Skin Care Set,Beauty,North,Punjab,2,2517.13,0.05,4782.55,3601.4,1181.15,Debit Card,2026,4,April,Q2,24.697075827748797
